{"bbox": [[-0.0497447, -0.08800980000000001, -0.0497447], [0.0497447, -0.08800980000000001, -0.0497447], [0.0497447, 0.088009, -0.0497447], [-0.0497447, 0.088009, -0.0497447], [-0.0497447, -0.08800980000000001, 0.0497447], [0.0497447, -0.08800980000000001, 0.0497447], [0.0497447, 0.088009, 0.0497447], [-0.0497447, 0.088009, 0.0497447]], "aabb": [[-0.04974469915032387, -0.0880097970366478, -0.04974469915032387], [0.04974469915032387, 0.08800899982452393, 0.04974469915032387]], "obb": [[[0.7070595549144902, 0.7071540042988386, -2.87074172505667e-06, 4.165974301964851e-07], [1.0085970874628268e-16, -4.059570769101056e-06, -0.9999999999917599, -3.69797276589929e-07], [-0.7071540043046656, 0.7070595549086639, -2.8703583012157904e-06, 5.054307691590463e-07], [0.0, 0.0, 0.0, 1.0]], [0.14030751858514193, 0.17601948284241883, 0.14030751834072727]], "radius": 0.09788591827969946, "volume": 0.0006169062048566483, "num_verts": 1644, "num_faces": 3172, "num_hulls": 0}