{"bbox": [[-0.014037255334674247, -0.08246880196620945, -0.12914280307900436], [0.014037255334674247, -0.08246880196620945, -0.12914280307900436], [0.014037255334674247, 0.08281980197457794, -0.12914280307900436], [-0.014037255334674247, 0.08281980197457794, -0.12914280307900436], [-0.014037255334674247, -0.08246880196620945, 0.12878175307039624], [0.014037255334674247, -0.08246880196620945, 0.12878175307039624], [0.014037255334674247, 0.08281980197457794, 0.12878175307039624], [-0.014037255334674247, 0.08281980197457794, 0.12878175307039624]], "aabb": [[-0.014037255197763443, -0.08246880024671555, -0.12914280593395233], [0.014037255197763443, 0.08281980454921722, 0.1287817507982254]], "obb": [[[0.9998735961730066, -0.01584986049316089, -0.0012544315073189799, -0.0009091790719614836], [-0.015883390862176845, -0.9992938746468957, -0.03405099099752535, -0.0023609847361001895], [-0.000713842264463275, 0.03406661144789093, -0.9994193096061732, -1.836986613815926e-05], [0.0, 0.0, 0.0, 1.0]], [0.031660871555144195, 0.1736282899609844, 0.2589362026649872]], "radius": 0.1463541160343456, "volume": 0.0004850377147474972, "num_verts": 894, "num_faces": 1748, "num_hulls": 0}