{"bbox": [[-0.03426671738565693, -0.050847356120654594, -0.03426671738565693], [0.03426515738577596, -0.050847356120654594, -0.03426671738565693], [0.03426515738577596, 0.050847356120654594, -0.03426671738565693], [-0.03426671738565693, 0.050847356120654594, -0.03426671738565693], [-0.03426671738565693, -0.050847356120654594, 0.03426671738565693], [0.03426515738577596, -0.050847356120654594, 0.03426671738565693], [0.03426515738577596, 0.050847356120654594, 0.03426671738565693], [-0.03426671738565693, 0.050847356120654594, 0.03426671738565693]], "aabb": [[-0.03426671773195267, -0.05084735527634621, -0.03426671773195267], [0.03426515683531761, 0.05084735527634621, 0.03426671773195267]], "obb": [[[-0.4471844706297717, -0.8944417528422801, -6.123233995736765e-17, -3.134714347692853e-07], [-2.738660995284465e-17, 8.215091301136e-17, -1.0, 2.6725340299885567e-23], [0.8944417528422802, -0.4471844706297717, -6.123233995736766e-17, -1.2298649446374395e-07], [0.0, 0.0, 0.0, 1.0]], [0.09152424090518346, 0.1016947122413092, 0.09152382388561527]], "radius": 0.05882809538661463, "volume": 0.0003508020376324343, "num_verts": 1507, "num_faces": 2938, "num_hulls": 0}