{"bbox": [[-0.10880147169910646, -0.044930876572046155, -0.10880147169910646], [0.10880147169910646, -0.044930876572046155, -0.10880147169910646], [0.10880147169910646, 0.044930876572046155, -0.10880147169910646], [-0.10880147169910646, 0.044930876572046155, -0.10880147169910646], [-0.10880147169910646, -0.044930876572046155, 0.10880147169910646], [0.10880147169910646, -0.044930876572046155, 0.10880147169910646], [0.10880147169910646, 0.044930876572046155, 0.10880147169910646], [-0.10880147169910646, 0.044930876572046155, 0.10880147169910646]], "aabb": [[-0.10880146920681, -0.044930875301361084, -0.10880146920681], [0.10880146920681, 0.044930875301361084, 0.10880146920681]], "obb": [[[-6.123233995736765e-17, 0.3939184942566364, -0.9191453747272975, -4.968683922460091e-06], [-1.0, -8.040197321136072e-17, 3.216087089972724e-17, 6.939908052766584e-18], [-6.123233995736766e-17, 0.9191453747272976, 0.3939184942566364, -1.1593623839442617e-05], [0.0, 0.0, 0.0, 1.0]], [0.28488607301862223, 0.08986175314409237, 0.28440575045033667]], "radius": 0.11771302035019877, "volume": 0.002502564311596997, "num_verts": 703, "num_faces": 1402, "num_hulls": 0}