{"bbox": [[-0.0370954, -0.0898129, -0.0390555], [0.0370954, -0.0898129, -0.0390555], [0.0370954, 0.08982760000000001, -0.0390555], [-0.0370954, 0.08982760000000001, -0.0390555], [-0.0370954, -0.0898129, 0.0390555], [0.0370954, -0.0898129, 0.0390555], [0.0370954, 0.08982760000000001, 0.0390555], [-0.0370954, 0.08982760000000001, 0.0390555]], "aabb": [[-0.03709540143609047, -0.08981289714574814, -0.03905550017952919], [0.03709540143609047, 0.08982759714126587, 0.03905550017952919]], "obb": [[[-0.44751971131496515, 0.8942740676015214, -6.123233995736766e-17, -0.0001949602236858547], [8.216117282329531e-17, -2.735581462157337e-17, -1.0, 7.3500000000034025e-06], [-0.8942740676015212, -0.4475197113149651, -6.123233995736766e-17, -0.0033187370234268763], [0.0, 0.0, 0.0, 1.0]], [0.0995995274175573, 0.1796405, 0.0995955371713]], "radius": 0.09804744988381903, "volume": 0.0006024441481043651, "num_verts": 843, "num_faces": 1674, "num_hulls": 0}