{"bbox": [[-0.04593624, -0.0704244, -0.04593624], [0.04593624, -0.0704244, -0.04593624], [0.04593624, 0.0704356, -0.04593624], [-0.04593624, 0.0704356, -0.04593624], [-0.04593624, -0.0704244, 0.04593624], [0.04593624, -0.0704244, 0.04593624], [0.04593624, 0.0704356, 0.04593624], [-0.04593624, 0.0704356, 0.04593624]], "aabb": [[-0.04593624174594879, -0.0704244002699852, -0.04593624174594879], [0.04593624174594879, 0.07043559849262238, 0.04593624174594879]], "obb": [[[0.8944303051272308, -0.4472073671911153, -6.123233995736766e-17, 3.2187958054403255e-08], [-8.215161405100839e-17, -2.738450697243696e-17, -1.0, 5.599999999994498e-06], [0.44720736719111526, 0.8944303051272307, -6.123233995736766e-17, 1.6093698854177658e-08], [0.0, 0.0, 0.0, 1.0]], [0.1230995799486908, 0.14085999999999999, 0.12309958151410678]], "radius": 0.07915222303801202, "volume": 0.0008750309128016533, "num_verts": 1025, "num_faces": 2042, "num_hulls": 0}