{"bbox": [[-0.1316422531385959, -0.06582120156929973, -0.13163850313850647], [0.13163820313849933, -0.06582120156929973, -0.13163850313850647], [0.13163820313849933, 0.06582120156929973, -0.13163850313850647], [-0.1316422531385959, 0.06582120156929973, -0.13163850313850647], [-0.1316422531385959, -0.06582120156929973, 0.1316422531385959], [0.13163820313849933, -0.06582120156929973, 0.1316422531385959], [0.13163820313849933, 0.06582120156929973, 0.1316422531385959], [-0.1316422531385959, 0.06582120156929973, 0.1316422531385959]], "aabb": [[-0.13164225220680237, -0.06582120060920715, -0.13163849711418152], [0.13163819909095764, 0.06582120060920715, 0.13164225220680237]], "obb": [[[-0.0008668722592877196, -0.9137578342432102, -0.40625837701103984, 5.320725578878036e-05], [0.9999995885003146, -0.0009007671317129596, -0.00010778578760817875, 4.854273039276781e-05], [-0.0002674540851475485, -0.40625830327235474, 0.9137582390821873, 1.682521815721798e-05], [0.0, 0.0, 0.0, 1.0]], [0.3470206757999701, 0.13203365617236693, 0.34716135567084]], "radius": 0.14746224563966473, "volume": 0.0021518665584341658, "num_verts": 3121, "num_faces": 6110, "num_hulls": 0}