{"bbox": [[-0.0897822, -0.0409875, -0.0897822], [0.0897822, -0.0409875, -0.0897822], [0.0897822, 0.0409875, -0.0897822], [-0.0897822, 0.0409875, -0.0897822], [-0.0897822, -0.0409875, 0.08977560000000001], [0.0897822, -0.0409875, 0.08977560000000001], [0.0897822, 0.0409875, 0.08977560000000001], [-0.0897822, 0.0409875, 0.08977560000000001]], "aabb": [[-0.08978220075368881, -0.04098749905824661, -0.08978220075368881], [0.08978220075368881, 0.04098749905824661, 0.08977559953927994]], "obb": [[[-6.165034597198971e-07, -0.39392011013214984, 0.919144682209006, 1.1430827361260137e-06], [0.9999999986281348, 4.7899189189240354e-05, 2.1199010032579024e-05, 1.7313201727042966e-06], [-5.237700139213946e-05, 0.9191446809611329, 0.39392010956221457, 4.1657665102458626e-07], [0.0, 0.0, 0.0, 1.0]], [0.23555944774823867, 0.08199314067528858, 0.23556084937780783]], "radius": 0.09894216002281332, "volume": 0.0005935710706338602, "num_verts": 1527, "num_faces": 2974, "num_hulls": 0}