{"bbox": [[-0.11141663149958561, -0.03875363704333213, -0.07266299445625347], [0.11141663149958561, -0.03875363704333213, -0.07266299445625347], [0.11141663149958561, 0.03875363704333213, -0.07266299445625347], [-0.11141663149958561, 0.03875363704333213, -0.07266299445625347], [-0.11141663149958561, -0.03875363704333213, 0.0726587944565739], [0.11141663149958561, -0.03875363704333213, 0.0726587944565739], [0.11141663149958561, 0.03875363704333213, 0.0726587944565739], [-0.11141663149958561, 0.03875363704333213, 0.0726587944565739]], "aabb": [[-0.11141663044691086, -0.03875363618135452, -0.07266299426555634], [0.11141663044691086, 0.03875363618135452, 0.07265879213809967]], "obb": [[[0.040343793471272524, -0.20631741553675645, -0.9776530582852899, 0.0007588313989901846], [-0.9695681562205855, -0.24454670690695474, 0.01159735245555089, -4.494275844929817e-05], [-0.24147457168687886, 0.947433391952805, -0.20990473801570336, 0.0015193652932104344], [0.0, 0.0, 0.0, 1.0]], [0.22635854005823097, 0.1044638784978757, 0.1616781286799518]], "radius": 0.11736418599220028, "volume": 0.0009965690624664748, "num_verts": 915, "num_faces": 1810, "num_hulls": 0}