{"bbox": [[-0.04602767648836697, -0.11145731149648198, -0.04602767648836697], [0.04602767648836697, -0.11145731149648198, -0.04602767648836697], [0.04602767648836697, 0.11145731149648198, -0.04602767648836697], [-0.04602767648836697, 0.11145731149648198, -0.04602767648836697], [-0.04602767648836697, -0.11145731149648198, 0.04602767648836697], [0.04602767648836697, -0.11145731149648198, 0.04602767648836697], [0.04602767648836697, 0.11145731149648198, 0.04602767648836697], [-0.04602767648836697, 0.11145731149648198, 0.04602767648836697]], "aabb": [[-0.04602767527103424, -0.11145731061697006, -0.04602767527103424], [0.04602767527103424, 0.11145731061697006, 0.04602767527103424]], "obb": [[[-0.8305702914797486, 0.5518982846116847, 0.07457395224825536, 0.0010555938208178324], [-0.062111860597047014, 0.0412721592250523, -0.9972154860641078, -0.0009175605873102645], [-0.5534393441782199, -0.8328894838545999, 4.6105913058522224e-17, -0.00012641067833594935], [0.0, 0.0, 0.0, 1.0]], [0.14484149068592567, 0.23467121647224484, 0.1285551827105979]], "radius": 0.1177316524160981, "volume": 0.0008897064522958317, "num_verts": 2851, "num_faces": 5566, "num_hulls": 0}