{"bbox": [[-0.0374287171444155, -0.11476295124428168, -0.0374287171444155], [0.0374287171444155, -0.11476295124428168, -0.0374287171444155], [0.0374287171444155, 0.11477711124320135, -0.0374287171444155], [-0.0374287171444155, 0.11477711124320135, -0.0374287171444155], [-0.0374287171444155, -0.11476295124428168, 0.0374287171444155], [0.0374287171444155, -0.11476295124428168, 0.0374287171444155], [0.0374287171444155, 0.11477711124320135, 0.0374287171444155], [-0.0374287171444155, 0.11477711124320135, 0.0374287171444155]], "aabb": [[-0.03742871806025505, -0.11476295441389084, -0.03742871806025505], [0.03742871806025505, 0.114777110517025, 0.03742871806025505]], "obb": [[[-0.8945418366443665, -0.446984230698269, -6.123233995736765e-17, 6.207564422015394e-18], [2.7404999477797036e-17, 8.214478021719476e-17, -1.0, 7.079999459841391e-06], [0.446984230698269, -0.8945418366443665, -6.123233995736766e-17, -3.1011426286010578e-18], [0.0, 0.0, 0.0, 1.0]], [0.09879243825011048, 0.22954006248748304, 0.09879243825011048]], "radius": 0.11823507745884546, "volume": 0.0007930677828671792, "num_verts": 550, "num_faces": 1092, "num_hulls": 0}