{"bbox": [[-0.12313620293579584, -0.01873815044675232, -0.08499075202633743], [0.12313620293579584, -0.01873815044675232, -0.08499075202633743], [0.12313620293579584, 0.01873815044675232, -0.08499075202633743], [-0.12313620293579584, 0.01873815044675232, -0.08499075202633743], [-0.12313620293579584, -0.01873815044675232, 0.08499075202633743], [0.12313620293579584, -0.01873815044675232, 0.08499075202633743], [0.12313620293579584, 0.01873815044675232, 0.08499075202633743], [-0.12313620293579584, 0.01873815044675232, 0.08499075202633743]], "aabb": [[-0.12313620001077652, -0.018738150596618652, -0.08499075472354889], [0.12313620001077652, 0.018738150596618652, 0.08499075472354889]], "obb": [[[7.604084562054421e-18, 6.0758352138844e-17, -1.0, -6.020053904932762e-21], [0.9922591914851914, -0.12418412504484855, 0.0, -0.00015532760052893967], [-0.12418412504484853, -0.9922591914851911, -6.123233995736766e-17, 9.831494124059539e-05], [0.0, 0.0, 0.0, 1.0]], [0.2462724058715917, 0.05650599971818304, 0.17423627130315728]], "radius": 0.147665824287835, "volume": 0.0011135792865778911, "num_verts": 290, "num_faces": 576, "num_hulls": 0}