{"bbox": [[-0.06530279501779213, -0.11125655151179875, -0.06530279501779213], [0.06530279501779213, -0.11125655151179875, -0.06530279501779213], [0.06530279501779213, 0.11125655151179875, -0.06530279501779213], [-0.06530279501779213, 0.11125655151179875, -0.06530279501779213], [-0.06530279501779213, -0.11125655151179875, 0.06530279501779213], [0.06530279501779213, -0.11125655151179875, 0.06530279501779213], [0.06530279501779213, 0.11125655151179875, 0.06530279501779213], [-0.06530279501779213, 0.11125655151179875, 0.06530279501779213]], "aabb": [[-0.06530279666185379, -0.11125655472278595, -0.06530279666185379], [0.06530279666185379, 0.11125655472278595, 0.06530279666185379]], "obb": [[[0.8944162833132487, 0.44723541020821944, -6.123233995736766e-17, 6.500987869202882e-07], [-2.7381931244399647e-17, -8.21524726020846e-17, -1.0, -4.1614958286495975e-23], [-0.4472354102082195, 0.8944162833132487, -6.123233995736766e-17, 2.9525057529718404e-08], [0.0, 0.0, 0.0, 1.0]], [0.17414398011680404, 0.22251310302359753, 0.1741445228871608]], "radius": 0.11832723746914456, "volume": 0.0007839914177703682, "num_verts": 3979, "num_faces": 7762, "num_hulls": 0}