{"bbox": [[-0.11640675277535326, -0.09616215229268436, -0.11640675277535326], [0.11640675277535326, -0.09616215229268436, -0.11640675277535326], [0.11640675277535326, 0.09616215229268436, -0.11640675277535326], [-0.11640675277535326, 0.09616215229268436, -0.11640675277535326], [-0.11640675277535326, -0.09616215229268436, 0.11640675277535326], [0.11640675277535326, -0.09616215229268436, 0.11640675277535326], [0.11640675277535326, 0.09616215229268436, 0.11640675277535326], [-0.11640675277535326, 0.09616215229268436, 0.11640675277535326]], "aabb": [[-0.11640675365924835, -0.09616215527057648, -0.11640675365924835], [0.11640675365924835, 0.09616215527057648, 0.11640675365924835]], "obb": [[[6.123233995736766e-17, 0.9191478491436021, -0.3939127205545537, 5.466637150655008e-18], [1.0, -3.216137595131634e-17, 8.040177118837234e-17, -1.1157987199246813e-33], [6.123233995736765e-17, -0.3939127205545536, -0.9191478491436023, 1.2755738814423965e-17], [0.0, 0.0, 0.0, 1.0]], [0.3053496903912323, 0.19232430458536875, 0.3053496903912323]], "radius": 0.1485007374478866, "volume": 0.006575470785094979, "num_verts": 1402, "num_faces": 2788, "num_hulls": 0}