{"bbox": [[-0.10949805261063701, -0.14613015348401434, -0.012741585303783066], [0.10949805261063701, -0.14613015348401434, -0.012741585303783066], [0.10949805261063701, 0.14611725348370677, -0.012741585303783066], [-0.10949805261063701, 0.14611725348370677, -0.012741585303783066], [-0.10949805261063701, -0.14613015348401434, 0.012741585303783066], [0.10949805261063701, -0.14613015348401434, 0.012741585303783066], [0.10949805261063701, 0.14611725348370677, 0.012741585303783066], [-0.10949805261063701, 0.14611725348370677, 0.012741585303783066]], "aabb": [[-0.1094980537891388, -0.14613015949726105, -0.01274158526211977], [0.1094980537891388, 0.14611725509166718, 0.01274158526211977]], "obb": [[[-4.700282887757728e-19, 0.9226697187179079, 0.3855912215818937, -1.5469906850430117e-05], [0.0070926739625587695, 0.38558152267930207, -0.9226465105035468, 3.258326973745006e-05], [-0.9999748466716856, 0.0027348728175051263, -0.006544195489991927, 0.00022612214817642413], [0.0, 0.0, 0.0, 1.0]], [0.22079710246736428, 0.29421062209477084, 0.026867092328054922]], "radius": 0.14665900683265282, "volume": 0.0007651716274719953, "num_verts": 642, "num_faces": 1264, "num_hulls": 0}