{"bbox": [[-0.03524081731133901, -0.035240757311343594, -0.04767737636250485], [0.035240757311343594, -0.035240757311343594, -0.04767737636250485], [0.035240757311343594, 0.03524081731133901, -0.04767737636250485], [-0.03524081731133901, 0.03524081731133901, -0.04767737636250485], [-0.03524081731133901, -0.035240757311343594, 0.04767869636240415], [0.035240757311343594, -0.035240757311343594, 0.04767869636240415], [0.035240757311343594, 0.03524081731133901, 0.04767869636240415], [-0.03524081731133901, 0.03524081731133901, 0.04767869636240415]], "aabb": [[-0.035240817815065384, -0.03524075821042061, -0.04767737537622452], [0.03524075821042061, 0.035240817815065384, 0.04767869785428047]], "obb": [[[-2.8877933143087975e-06, 0.8755811532447448, 0.48307105489178626, -0.004269887360089472], [-0.9999999999947862, -1.8304076149849244e-06, -2.6603185822118053e-06, 2.3236253792915908e-08], [-1.445107874758711e-06, -0.48307105489695007, 0.8755811532454656, 0.004892933219625745], [0.0, 0.0, 0.0, 1.0]], [0.10559444569683507, 0.07048209955227525, 0.11311139875614047]], "radius": 0.059008122743348386, "volume": 0.00011251256239807591, "num_verts": 962, "num_faces": 1836, "num_hulls": 0}