{"bbox": [[-0.029855337722218496, -0.05086469611933166, -0.007740299409462021], [0.029855337722218496, -0.05086469611933166, -0.007740299409462021], [0.029855337722218496, 0.05086469611933166, -0.007740299409462021], [-0.029855337722218496, 0.05086469611933166, -0.007740299409462021], [-0.029855337722218496, -0.05086469611933166, 0.007740299409462021], [0.029855337722218496, -0.05086469611933166, 0.007740299409462021], [0.029855337722218496, 0.05086469611933166, 0.007740299409462021], [-0.029855337722218496, 0.05086469611933166, 0.007740299409462021]], "aabb": [[-0.029855336993932724, -0.05086469650268555, -0.007740299217402935], [0.029855336993932724, 0.05086469650268555, 0.007740299217402935]], "obb": [[[0.006836709998395158, -0.99988327305073, 0.013663808757333074, 0.00044562850822816745], [-2.15080602387706e-16, -0.01366412809586209, -0.9999066414437797, 5.780007124395406e-06], [0.999976629425107, 0.00683607173302041, -9.34176811725476e-05, -3.046704080992393e-06], [0.0, 0.0, 0.0, 1.0]], [0.06122047374401768, 0.10328208587005792, 0.0162756167969741]], "radius": 0.05823136728395532, "volume": 8.554055965247558e-05, "num_verts": 166, "num_faces": 328, "num_hulls": 0}