{"bbox": [[-0.029209737771473863, -0.04198895679649683, -0.04198895679649683], [0.029209737771473863, -0.04198895679649683, -0.04198895679649683], [0.029209737771473863, 0.04198895679649683, -0.04198895679649683], [-0.029209737771473863, 0.04198895679649683, -0.04198895679649683], [-0.029209737771473863, -0.04198895679649683, 0.04198895679649683], [0.029209737771473863, -0.04198895679649683, 0.04198895679649683], [0.029209737771473863, 0.04198895679649683, 0.04198895679649683], [-0.029209737771473863, 0.04198895679649683, 0.04198895679649683]], "aabb": [[-0.029209738597273827, -0.041988957673311234, -0.041988957673311234], [0.029209738597273827, 0.041988957673311234, 0.041988957673311234]], "obb": [[[-0.9021105735629752, -0.4315049315126964, -8.453462629385479e-05, -0.004002273188442591], [6.410896310410225e-05, 6.187936807192442e-05, -0.9999999960304924, 7.516698247437741e-07], [0.4315049350307835, -0.9021105754014679, -2.8158698489492564e-05, 0.004494715238061706], [0.0, 0.0, 0.0, 1.0]], [0.08719239068896553, 0.08399114785541596, 0.0965541986506452]], "radius": 0.059052015350710634, "volume": 0.0001333763578827258, "num_verts": 885, "num_faces": 1702, "num_hulls": 0}