{"bbox": [[-0.020250538455006527, -0.05479565581942323, -0.021441778364122133], [0.020250538455006527, -0.05479565581942323, -0.021441778364122133], [0.020250538455006527, 0.05479565581942323, -0.021441778364122133], [-0.020250538455006527, 0.05479565581942323, -0.021441778364122133], [-0.020250538455006527, -0.05479565581942323, 0.021441778364122133], [0.020250538455006527, -0.05479565581942323, 0.021441778364122133], [0.020250538455006527, 0.05479565581942323, 0.021441778364122133], [-0.020250538455006527, 0.05479565581942323, 0.021441778364122133]], "aabb": [[-0.020250538364052773, -0.054795656353235245, -0.021441778168082237], [0.020250538364052773, 0.054795656353235245, 0.021441778168082237]], "obb": [[[-0.7069997438069733, -0.707213802365928, -6.123233995736766e-17, -1.8002722734690608e-07], [-1.3107306452712675e-20, 8.659560463157358e-17, -1.0, -1.0938973001836976e-19], [0.7072138023659282, -0.7069997438069733, -6.123233995736766e-17, 0.001786649890938764], [0.0, 0.0, 0.0, 1.0]], [0.05756765448005646, 0.10959131163884646, 0.05756765409800503]], "radius": 0.058637010474201265, "volume": 0.00011438094828940795, "num_verts": 520, "num_faces": 1028, "num_hulls": 0}