{"bbox": [[-0.04346656, -0.07405416, -0.04346656], [0.04346656, -0.07405416, -0.04346656], [0.04346656, 0.07405304, -0.04346656], [-0.04346656, 0.07405304, -0.04346656], [-0.04346656, -0.07405416, 0.04346656], [0.04346656, -0.07405416, 0.04346656], [0.04346656, 0.07405304, 0.04346656], [-0.04346656, 0.07405304, 0.04346656]], "aabb": [[-0.043466560542583466, -0.07405415922403336, -0.043466560542583466], [0.043466560542583466, 0.07405304163694382, 0.043466560542583466]], "obb": [[[0.7071067811865476, -0.7071067811865475, -6.123233995736766e-17, -3.4290110375922255e-23], [-8.659560562354933e-17, -8.715763992105247e-33, -1.0, -5.599999999966743e-07], [0.7071067811865475, 0.7071067811865476, -6.123233995736766e-17, -3.4290110375922243e-23], [0.0, 0.0, 0.0, 1.0]], [0.12274808, 0.1481072, 0.12274808]], "radius": 0.07901807609822958, "volume": 0.000396456589115657, "num_verts": 1502, "num_faces": 2984, "num_hulls": 0}