{"bbox": [[-0.05524968, -0.02656816, -0.05313632], [0.05524968, -0.02656816, -0.05313632], [0.05524968, 0.02656816, -0.05313632], [-0.05524968, 0.02656816, -0.05313632], [-0.05524968, -0.02656816, 0.053131040000000004], [0.05524968, -0.02656816, 0.053131040000000004], [0.05524968, 0.02656816, 0.053131040000000004], [-0.05524968, 0.02656816, 0.053131040000000004]], "aabb": [[-0.05524967983365059, -0.026568159461021423, -0.05313631892204285], [0.05524967983365059, 0.026568159461021423, 0.053131040185689926]], "obb": [[[1.5769474138742227e-17, 5.916690918108013e-17, -1.0, 1.585668712519649e-22], [0.9662689556249923, -0.2575350566338237, 0.0, -1.8912457896137114e-07], [-0.2575350566338237, -0.9662689556249923, -6.123233995736766e-17, -2.5895935279031528e-06], [0.0, 0.0, 0.0, 1.0]], [0.11049936000000002, 0.06970669188440629, 0.1174498846361411]], "radius": 0.07771423316746039, "volume": 0.00032464320711492786, "num_verts": 449, "num_faces": 890, "num_hulls": 0}