{"bbox": [[-0.1363356032504941, -0.05631255134259584, -0.1363356032504941], [0.1363356032504941, -0.05631255134259584, -0.1363356032504941], [0.1363356032504941, 0.05631255134259584, -0.1363356032504941], [-0.1363356032504941, 0.05631255134259584, -0.1363356032504941], [-0.1363356032504941, -0.05631255134259584, 0.1363356032504941], [0.1363356032504941, -0.05631255134259584, 0.1363356032504941], [0.1363356032504941, 0.05631255134259584, 0.1363356032504941], [-0.1363356032504941, 0.05631255134259584, 0.1363356032504941]], "aabb": [[-0.1363355964422226, -0.056312549859285355, -0.1363355964422226], [0.1363355964422226, 0.056312549859285355, 0.1363355964422226]], "obb": [[[-2.1198278255768507e-07, 0.9284527154288121, 0.3714506093854473, 1.5633593537510927e-06], [0.9999999908451787, 5.045889790736252e-05, -0.0001255529451847658, 7.015533069459128e-06], [-0.0001353129612634885, 0.3714506059582684, -0.9284527069396902, 8.248883725241485e-06], [0.0, 0.0, 0.0, 1.0]], [0.35372305521611186, 0.11269512662847399, 0.3541954945857333]], "radius": 0.1479690202687775, "volume": 0.0026488072711874982, "num_verts": 2448, "num_faces": 4800, "num_hulls": 0}