{"bbox": [[-0.012081359078265451, -0.06589811497237281, -0.10104383229096739], [0.012081359078265451, -0.06589811497237281, -0.10104383229096739], [0.012081359078265451, 0.06589811497237281, -0.10104383229096739], [-0.012081359078265451, 0.06589811497237281, -0.10104383229096739], [-0.012081359078265451, -0.06589811497237281, 0.10076927231191465], [0.012081359078265451, -0.06589811497237281, 0.10076927231191465], [0.012081359078265451, 0.06589811497237281, 0.10076927231191465], [-0.012081359078265451, 0.06589811497237281, 0.10076927231191465]], "aabb": [[-0.012081359513103962, -0.0658981129527092, -0.10104383528232574], [0.012081359513103962, 0.0658981129527092, 0.1007692739367485]], "obb": [[[0.9999346553625995, -0.007837988678684885, 0.008321714868478287, -6.780535150394304e-05], [0.007836429307378772, 0.9999692705208503, 0.0002199766102265274, -3.3110511068184774e-05], [-0.008323183320695276, -0.00015474970565170268, 0.9999653497356491, -0.00011713837318546073], [0.0, 0.0, 0.0, 1.0]], [0.02695345164284088, 0.1321151435321438, 0.20203917513729044]], "radius": 0.11629393702842833, "volume": 0.00026236971552379064, "num_verts": 1014, "num_faces": 1996, "num_hulls": 0}