{"bbox": [[-0.0828745136771764, -0.03985223695951561, -0.07970447391903122], [0.0828745136771764, -0.03985223695951561, -0.07970447391903122], [0.0828745136771764, 0.03985223695951561, -0.07970447391903122], [-0.0828745136771764, 0.03985223695951561, -0.07970447391903122], [-0.0828745136771764, -0.03985223695951561, 0.07969655391963547], [0.0828745136771764, -0.03985223695951561, 0.07969655391963547], [0.0828745136771764, 0.03985223695951561, 0.07969655391963547], [-0.0828745136771764, 0.03985223695951561, 0.07969655391963547]], "aabb": [[-0.08287451416254044, -0.03985223546624184, -0.07970447093248367], [0.08287451416254044, 0.03985223546624184, 0.07969655096530914]], "obb": [[[1.5769474138742227e-17, 5.916690918108013e-17, -1.0, 2.3785028873096e-22], [0.9662689556249923, -0.2575350566338237, 0.0, -2.836868467987329e-07], [-0.2575350566338237, -0.9662689556249923, -6.123233995736766e-17, -3.8843899954919346e-06], [0.0, 0.0, 0.0, 1.0]], [0.1657490273543528, 0.1045600298493122, 0.17617481351314004]], "radius": 0.11657134085750308, "volume": 0.0010956705732337699, "num_verts": 449, "num_faces": 890, "num_hulls": 0}