{"bbox": [[-0.02685011795149857, -0.053699515903052074, -0.02685011795149857], [0.02685011795149857, -0.053699515903052074, -0.02685011795149857], [0.02685011795149857, 0.053697835903180245, -0.02685011795149857], [-0.02685011795149857, 0.053697835903180245, -0.02685011795149857], [-0.02685011795149857, -0.053699515903052074, 0.02685011795149857], [0.02685011795149857, -0.053699515903052074, 0.02685011795149857], [0.02685011795149857, 0.053697835903180245, 0.02685011795149857], [-0.02685011795149857, 0.053697835903180245, 0.02685011795149857]], "aabb": [[-0.02685011737048626, -0.053699515759944916, -0.02685011737048626], [0.02685011737048626, 0.05369783565402031, 0.02685011737048626]], "obb": [[[-0.4472135954999612, -0.8944271331891207, -0.00032158216356139685, 1.8895301325457142e-07], [2.4822915578298507e-16, -0.0003595397890374944, 0.999999935365568, -5.06305828114969e-06], [-0.8944271909999144, 0.44721356659456446, 0.00016079108178097742, -9.447650662728797e-08], [0.0, 0.0, 0.0, 1.0]], [0.07147214155741229, 0.1074249286580222, 0.07145393605364937]], "radius": 0.0587352834860066, "volume": 8.803713540662264e-05, "num_verts": 2049, "num_faces": 4070, "num_hulls": 0}