{"bbox": [[-0.04577325109131935, -0.14037120334671027, -0.0518763012368274], [0.04577325109131935, -0.14037120334671027, -0.0518763012368274], [0.04577325109131935, 0.14037120334671027, -0.0518763012368274], [-0.04577325109131935, 0.14037120334671027, -0.0518763012368274], [-0.04577325109131935, -0.14037120334671027, 0.05187480123679163], [0.04577325109131935, -0.14037120334671027, 0.05187480123679163], [0.04577325109131935, 0.14037120334671027, 0.05187480123679163], [-0.04577325109131935, 0.14037120334671027, 0.05187480123679163]], "aabb": [[-0.045773252844810486, -0.1403712034225464, -0.05187630280852318], [0.045773252844810486, 0.1403712034225464, 0.0518748015165329]], "obb": [[[0.9538328158460269, -0.30033807520066325, -6.123233995736766e-17, -0.0017194278411521227], [-7.679581836520563e-17, -4.0015012119548717e-17, -1.0, 3.149075844737818e-19], [0.30033807520066325, 0.9538328158460269, -6.123233995736766e-17, -0.0034234032950257974], [0.0, 0.0, 0.0, 1.0]], [0.11690169869422917, 0.28074240669342054, 0.12341537992398566]], "radius": 0.14792863818713478, "volume": 0.00132463077349964, "num_verts": 986, "num_faces": 1936, "num_hulls": 0}