{"bbox": [[-0.02193137832676862, -0.05453213583952821, -0.007112879457330364], [0.02193137832676862, -0.05453213583952821, -0.007112879457330364], [0.02193137832676862, 0.05453213583952821, -0.007112879457330364], [-0.02193137832676862, 0.05453213583952821, -0.007112879457330364], [-0.02193137832676862, -0.05453213583952821, 0.007112879457330364], [0.02193137832676862, -0.05453213583952821, 0.007112879457330364], [0.02193137832676862, 0.05453213583952821, 0.007112879457330364], [-0.02193137832676862, 0.05453213583952821, 0.007112879457330364]], "aabb": [[-0.021931378170847893, -0.054532136768102646, -0.007112879306077957], [0.021931378170847893, 0.054532136768102646, 0.007112879306077957]], "obb": [[[-6.119438226012616e-17, 1.0, 2.1556986005005843e-18, 1.022877166170788e-19], [0.035205229818123324, -3.854249123309976e-34, 0.999380103761053, 3.795176832760487e-06], [0.999380103761053, 6.123233995736765e-17, -0.035205229818123324, -0.0016704851829653332], [0.0, 0.0, 0.0, 1.0]], [0.04386275665353724, 0.10963371460700146, 0.017927646179650415]], "radius": 0.058748627225218765, "volume": 5.597208912314973e-05, "num_verts": 144, "num_faces": 284, "num_hulls": 0}