{"bbox": [[-0.03139757760455493, -0.05349215591887238, -0.03139757760455493], [0.03139757760455493, -0.05349215591887238, -0.03139757760455493], [0.03139757760455493, 0.05349215591887238, -0.03139757760455493], [-0.03139757760455493, 0.05349215591887238, -0.03139757760455493], [-0.03139757760455493, -0.05349215591887238, 0.03139757760455493], [0.03139757760455493, -0.05349215591887238, 0.03139757760455493], [0.03139757760455493, 0.05349215591887238, 0.03139757760455493], [-0.03139757760455493, 0.05349215591887238, 0.03139757760455493]], "aabb": [[-0.03139757737517357, -0.05349215492606163, -0.03139757737517357], [0.03139757737517357, 0.05349215492606163, 0.03139757737517357]], "obb": [[[0.7071067811865462, 0.7071067811865488, -6.123233995736766e-17, 2.453269466693403e-18], [1.5688375185789473e-31, -8.659560562354933e-17, -1.0, -3.0043885998320047e-34], [-0.7071067811865488, 0.7071067811865462, -6.123233995736766e-17, 2.453269466693394e-18], [0.0, 0.0, 0.0, 1.0]], [0.0875911133173284, 0.10698431183774476, 0.08759111331732838]], "radius": 0.058782646425987455, "volume": 0.00031913109813462044, "num_verts": 476, "num_faces": 948, "num_hulls": 0}