{"bbox": [[-0.05664152, -0.0605932, -0.05664152], [0.05664152, -0.0605932, -0.05664152], [0.05664152, 0.0605932, -0.05664152], [-0.05664152, 0.0605932, -0.05664152], [-0.05664152, -0.0605932, 0.05664152], [0.05664152, -0.0605932, 0.05664152], [0.05664152, 0.0605932, 0.05664152], [-0.05664152, 0.0605932, 0.05664152]], "aabb": [[-0.05664151906967163, -0.060593198984861374, -0.05664151906967163], [0.05664151906967163, 0.060593198984861374, 0.05664151906967163]], "obb": [[[0.948585305810778, -0.31652159104849803, -6.123233995736766e-17, 7.883491797094646e-07], [-7.746545559089765e-17, -3.870274025704061e-17, -1.0, -8.970528569698965e-23], [0.316521591048498, 0.9485853058107782, -6.123233995736766e-17, 6.766493122548465e-07], [0.0, 0.0, 0.0, 1.0]], [0.14228234798083336, 0.12118640000000001, 0.14228377133134845]], "radius": 0.07886083490042241, "volume": 0.0006685703021703633, "num_verts": 2270, "num_faces": 4492, "num_hulls": 0}