{"bbox": [[-0.0819412, -0.023157300000000002, -0.0534399], [0.0819335, -0.023157300000000002, -0.0534399], [0.0819335, 0.023157300000000002, -0.0534399], [-0.0819412, 0.023157300000000002, -0.0534399], [-0.0819412, -0.023157300000000002, 0.0534399], [0.0819335, -0.023157300000000002, 0.0534399], [0.0819335, 0.023157300000000002, 0.0534399], [-0.0819412, 0.023157300000000002, 0.0534399]], "aabb": [[-0.08194120228290558, -0.023157300427556038, -0.053439900279045105], [0.08193349838256836, 0.023157300427556038, 0.053439900279045105]], "obb": [[[-0.014249201155928667, -6.766108485611956e-17, 0.999898474979544, -2.1301676423826417e-05], [0.985183250514749, 0.17092938704078459, 0.01403949967252778, 0.001274951593590739], [-0.17091203343126873, 0.9852832814200501, -0.0024356072194036595, -0.00037571041571440254], [0.0, 0.0, 0.0, 1.0]], [0.16442982074834375, 0.06125420312250052, 0.11446086658785912]], "radius": 0.09746071344331726, "volume": 0.0004387636681983255, "num_verts": 923, "num_faces": 1830, "num_hulls": 0}