{"bbox": [[-0.025700158039233548, -0.056295535704991476, -0.025700158039233548], [0.025700158039233548, -0.056295535704991476, -0.025700158039233548], [0.025700158039233548, 0.056295535704991476, -0.025700158039233548], [-0.025700158039233548, 0.056295535704991476, -0.025700158039233548], [-0.025700158039233548, -0.056295535704991476, 0.025700158039233548], [0.025700158039233548, -0.056295535704991476, 0.025700158039233548], [0.025700158039233548, 0.056295535704991476, 0.025700158039233548], [-0.025700158039233548, 0.056295535704991476, 0.025700158039233548]], "aabb": [[-0.02570015750825405, -0.05629553645849228, -0.02570015750825405], [0.02570015750825405, 0.05629553645849228, 0.02570015750825405]], "obb": [[[0.44755062234544024, -0.8942585981908192, -2.134307072713815e-17, -1.6131720025434925e-07], [-5.480914371117493e-17, -5.1297171979225037e-17, 1.0, -3.409297097170313e-23], [-0.8942585981908192, -0.44755062234544024, -7.19716292670577e-17, -4.258617856689193e-07], [0.0, 0.0, 0.0, 1.0]], [0.06756567289447764, 0.11259107140998295, 0.06756473821936004]], "radius": 0.059124487851073326, "volume": 8.358068274957558e-05, "num_verts": 2654, "num_faces": 5180, "num_hulls": 0}