{"bbox": [[-0.06997680166837696, -0.13412205319771894, -0.06997680166837696], [0.06997680166837696, -0.13412205319771894, -0.06997680166837696], [0.06997680166837696, 0.13412205319771894, -0.06997680166837696], [-0.06997680166837696, 0.13412205319771894, -0.06997680166837696], [-0.06997680166837696, -0.13412205319771894, 0.06997680166837696], [0.06997680166837696, -0.13412205319771894, 0.06997680166837696], [0.06997680166837696, 0.13412205319771894, 0.06997680166837696], [-0.06997680166837696, 0.13412205319771894, 0.06997680166837696]], "aabb": [[-0.0699767991900444, -0.1341220587491989, -0.0699767991900444], [0.0699767991900444, 0.1341220587491989, 0.0699767991900444]], "obb": [[[-0.986371971469187, 0.1645306472970595, 6.039786388142022e-17, 1.3688660919624992e-17], [6.123233995736766e-17, 0.0, 1.0, -8.497694209043069e-34], [0.1645306472970595, 0.986371971469187, -1.00745965286993e-17, -2.2833214110709528e-18], [0.0, 0.0, 0.0, 1.0]], [0.15887786157460923, 0.2682441063954379, 0.15887786157460923]], "radius": 0.1472382020839937, "volume": 0.003922702478799514, "num_verts": 510, "num_faces": 1016, "num_hulls": 0}