{"bbox": [[-0.0928472, -0.0322947, -0.0605525], [0.0928472, -0.0322947, -0.0605525], [0.0928472, 0.0322947, -0.0605525], [-0.0928472, 0.0322947, -0.0605525], [-0.0928472, -0.0322947, 0.060549], [0.0928472, -0.0322947, 0.060549], [0.0928472, 0.0322947, 0.060549], [-0.0928472, 0.0322947, 0.060549]], "aabb": [[-0.09284719824790955, -0.03229470178484917, -0.06055250018835068], [0.09284719824790955, 0.03229470178484917, 0.06054899841547012]], "obb": [[[0.04034379347127206, -0.20631741553675653, -0.9776530582852899, 0.000632359547403669], [-0.9695681562205855, -0.24454670690695507, 0.011597352455551466, -3.7452301565130906e-05], [-0.24147457168687933, 0.947433391952805, -0.20990473801570333, 0.0012661378409406707], [0.0, 0.0, 0.0, 1.0]], [0.18863213110668087, 0.08705323872319778, 0.13473178417917847]], "radius": 0.09780349578864755, "volume": 0.0005767183394462089, "num_verts": 915, "num_faces": 1810, "num_hulls": 0}