{"bbox": [[-0.00935817, -0.0549792, -0.08609520000000001], [0.00935817, -0.0549792, -0.08609520000000001], [0.00935817, 0.0552132, -0.08609520000000001], [-0.00935817, 0.0552132, -0.08609520000000001], [-0.00935817, -0.0549792, 0.0858545], [0.00935817, -0.0549792, 0.0858545], [0.00935817, 0.0552132, 0.0858545], [-0.00935817, 0.0552132, 0.0858545]], "aabb": [[-0.009358170442283154, -0.05497920140624046, -0.08609519898891449], [0.009358170442283154, 0.05521320179104805, 0.08585450053215027]], "obb": [[[0.9998735961730066, -0.01584986049316089, -0.0012544315073189799, -0.0006061193668566461], [-0.015883390862176845, -0.9992938746468957, -0.03405099099752535, -0.0015739897865399552], [-0.000713842264463275, 0.03406661144789093, -0.9994193096061732, -1.2246577133447565e-05], [0.0, 0.0, 0.0, 1.0]], [0.02110724720019347, 0.11575219054757563, 0.17262413099431137]], "radius": 0.0975694083633277, "volume": 0.00014371486816441408, "num_verts": 894, "num_faces": 1748, "num_hulls": 0}