{"bbox": [[-0.04930216, -0.06872423999999999, -0.04631416], [0.04930216, -0.06872423999999999, -0.04631416], [0.04930216, 0.06871872, -0.04631416], [-0.04930216, 0.06871872, -0.04631416], [-0.04930216, -0.06872423999999999, 0.04631416], [0.04930216, -0.06872423999999999, 0.04631416], [0.04930216, 0.06871872, 0.04631416], [-0.04930216, 0.06871872, 0.04631416]], "aabb": [[-0.04930216073989868, -0.06872423738241196, -0.04631416127085686], [0.04930216073989868, 0.06871871650218964, 0.04631416127085686]], "obb": [[[-0.8715135715994929, -0.4903713842771572, -6.123233995736767e-17, 0.003594641534986845], [2.3338227986215965e-17, 8.33914026010637e-17, -1.0, -2.7599999999907528e-06], [0.4903713842771572, -0.871513571599493, -6.123233995736767e-17, -0.00024952346652744697], [0.0, 0.0, 0.0, 1.0]], [0.12619603508226696, 0.13744296, 0.12619687523510917]], "radius": 0.07901932972297854, "volume": 0.0007874818447794543, "num_verts": 1574, "num_faces": 3128, "num_hulls": 0}