{"bbox": [[-0.07343595175084952, -0.12992505309765465, -0.0706114516835082], [0.07272885173399095, -0.12992505309765465, -0.0706114516835082], [0.07272885173399095, 0.12992460309764392, -0.0706114516835082], [-0.07343595175084952, 0.12992460309764392, -0.0706114516835082], [-0.07343595175084952, -0.12992505309765465, 0.0706114516835082], [0.07272885173399095, -0.12992505309765465, 0.0706114516835082], [0.07272885173399095, 0.12992460309764392, 0.0706114516835082], [-0.07343595175084952, 0.12992460309764392, 0.0706114516835082]], "aabb": [[-0.0734359547495842, -0.12992505729198456, -0.07061145454645157], [0.07272884994745255, 0.12992461025714874, 0.07061145454645157]], "obb": [[[-0.8240020590207631, 0.566586804231746, -6.123233995736766e-17, -0.0027175594170783285], [8.514901001560709e-17, 1.5762138391453507e-17, -1.0, -2.250000053770063e-07], [-0.5665868042317461, -0.8240020590207631, -6.123233995736767e-17, -1.9751599703297602e-05], [0.0, 0.0, 0.0, 1.0]], [0.19761109987411388, 0.25984965619529854, 0.19761113169071964]], "radius": 0.14602636458365248, "volume": 0.0035535947613379243, "num_verts": 1791, "num_faces": 3562, "num_hulls": 0}