{"bbox": [[-0.023265400000000002, -0.0972918, -0.023265400000000002], [0.023265400000000002, -0.0972918, -0.023265400000000002], [0.023265400000000002, 0.09728590000000001, -0.023265400000000002], [-0.023265400000000002, 0.09728590000000001, -0.023265400000000002], [-0.023265400000000002, -0.0972918, 0.023265400000000002], [0.023265400000000002, -0.0972918, 0.023265400000000002], [0.023265400000000002, 0.09728590000000001, 0.023265400000000002], [-0.023265400000000002, 0.09728590000000001, 0.023265400000000002]], "aabb": [[-0.023265400901436806, -0.09729179739952087, -0.023265400901436806], [0.023265400901436806, 0.09728589653968811, 0.023265400901436806]], "obb": [[[-0.44722374407828447, 0.8944221166387832, -6.123233995736767e-17, -4.005401048182247e-09], [8.215211544582262e-17, -2.738300277700602e-17, -1.0, -2.9499999999876847e-06], [-0.8944221166387831, -0.44722374407828447, -6.123233995736766e-17, -8.010574865352369e-09], [0.0, 0.0, 0.0, 1.0]], [0.06217750230942859, 0.19457770000000002, 0.06217749429908095]], "radius": 0.098115825530849, "volume": 0.00023259553403586262, "num_verts": 1012, "num_faces": 2016, "num_hulls": 0}