{"bbox": [[-0.024667858117991784, -0.04727999639282254, -0.038027337098744424], [0.024667858117991784, -0.04727999639282254, -0.038027337098744424], [0.024667858117991784, 0.04727999639282254, -0.038027337098744424], [-0.024667858117991784, 0.04727999639282254, -0.038027337098744424], [-0.024667858117991784, -0.04727999639282254, 0.03802955709857505], [0.024667858117991784, -0.04727999639282254, 0.03802955709857505], [0.024667858117991784, 0.04727999639282254, 0.03802955709857505], [-0.024667858117991784, 0.04727999639282254, 0.03802955709857505]], "aabb": [[-0.024667857214808464, -0.04727999493479729, -0.038027338683605194], [0.024667857214808464, 0.04727999493479729, 0.03802955895662308]], "obb": [[[-0.8944204007339656, -0.4472271757741167, -6.123233995736766e-17, -0.00498496407906622], [2.7382687577373053e-17, 8.215222050772133e-17, -1.0, 9.748972758020778e-20], [0.4472271757741167, -0.8944204007339654, -6.123233995736766e-17, 0.003392836003476035], [0.0, 0.0, 0.0, 1.0]], [0.07760094629129373, 0.0945599927856451, 0.08736414985138521]], "radius": 0.059075393376689926, "volume": 0.0001003575614022578, "num_verts": 3108, "num_faces": 6032, "num_hulls": 0}