{"bbox": [[-0.03655775721086447, -0.11211035144665898, -0.03655775721086447], [0.03655775721086447, -0.11211035144665898, -0.03655775721086447], [0.03655775721086447, 0.11211035144665898, -0.03655775721086447], [-0.03655775721086447, 0.11211035144665898, -0.03655775721086447], [-0.03655775721086447, -0.11211035144665898, 0.03655775721086447], [0.03655775721086447, -0.11211035144665898, 0.03655775721086447], [0.03655775721086447, 0.11211035144665898, 0.03655775721086447], [-0.03655775721086447, 0.11211035144665898, 0.03655775721086447]], "aabb": [[-0.03655775636434555, -0.11211035400629044, -0.03655775636434555], [0.03655775636434555, 0.11211035400629044, 0.03655775636434555]], "obb": [[[-0.7071067811865476, 0.7071067811865475, 6.123233995736766e-17, 4.906538933386797e-18], [1.232595164407831e-32, -8.659560562354932e-17, 1.0, -6.0087771996640085e-34], [0.7071067811865475, 0.7071067811865476, 6.123233995736766e-17, 4.9065389333867974e-18], [0.0, 0.0, 0.0, 1.0]], [0.10154303225288146, 0.22422070289331797, 0.10154303225288146]], "radius": 0.11754664515350667, "volume": 0.0006713637237322821, "num_verts": 573, "num_faces": 1142, "num_hulls": 0}