{"bbox": [[-0.05655035568555025, -0.10838807173064638, -0.014137558921389853], [0.05655035568555025, -0.10838807173064638, -0.014137558921389853], [0.05655035568555025, 0.10838807173064638, -0.014137558921389853], [-0.05655035568555025, 0.10838807173064638, -0.014137558921389853], [-0.05655035568555025, -0.10838807173064638, 0.014137558921389853], [0.05655035568555025, -0.10838807173064638, 0.014137558921389853], [0.05655035568555025, 0.10838807173064638, 0.014137558921389853], [-0.05655035568555025, 0.10838807173064638, 0.014137558921389853]], "aabb": [[-0.05655035749077797, -0.10838807374238968, -0.01413755863904953], [0.05655035749077797, 0.10838807374238968, 0.01413755863904953]], "obb": [[[-6.111304698086141e-17, 1.0, -3.8203331490422115e-18, 2.807013226055749e-22], [-0.06239077506595495, -7.718757477481033e-34, 0.9980517978475213, -7.333246833588534e-05], [0.9980517978475213, 6.123233995736767e-17, 0.06239077506595495, -4.584200486230154e-06], [0.0, 0.0, 0.0, 1.0]], [0.1131007113711005, 0.2184813861991859, 0.03323685017383494]], "radius": 0.11839778791488213, "volume": 0.00045782287904617546, "num_verts": 206, "num_faces": 408, "num_hulls": 0}