{"bbox": [[-0.022745698264640943, -0.052315136008671874, -0.02843213783080003], [0.022745698264640943, -0.052315136008671874, -0.02843213783080003], [0.022745698264640943, 0.052315136008671874, -0.02843213783080003], [-0.022745698264640943, 0.052315136008671874, -0.02843213783080003], [-0.022745698264640943, -0.052315136008671874, 0.02843213783080003], [0.022745698264640943, -0.052315136008671874, 0.02843213783080003], [0.022745698264640943, 0.052315136008671874, 0.02843213783080003], [-0.022745698264640943, 0.052315136008671874, 0.02843213783080003]], "aabb": [[-0.02274569869041443, -0.052315134555101395, -0.02843213826417923], [0.02274569869041443, 0.052315134555101395, 0.02843213826417923]], "obb": [[[-1.0, 6.042778071319967e-17, -9.893572394847966e-18, -1.2814632954551063e-20], [-0.0, -0.16157429883842844, -0.9868605504096665, -0.0012791894630690595], [-6.123233995736766e-17, -0.9868605504096666, 0.16157429883842844, 0.00020927883800411857], [0.0, 0.0, 0.0, 1.0]], [0.045491396529281886, 0.11585775964971538, 0.06757075832929949]], "radius": 0.058713866836856164, "volume": 0.00014760263193891996, "num_verts": 985, "num_faces": 1958, "num_hulls": 0}