{"bbox": [[-0.0315608, -0.0967864, -0.0315608], [0.0315608, -0.0967864, -0.0315608], [0.0315608, 0.0967864, -0.0315608], [-0.0315608, 0.0967864, -0.0315608], [-0.0315608, -0.0967864, 0.0315608], [0.0315608, -0.0967864, 0.0315608], [0.0315608, 0.0967864, 0.0315608], [-0.0315608, 0.0967864, 0.0315608]], "aabb": [[-0.03156080096960068, -0.09678640216588974, -0.03156080096960068], [0.03156080096960068, 0.09678640216588974, 0.03156080096960068]], "obb": [[[-0.7071067811865476, 0.7071067811865475, 6.123233995736766e-17, 2.4532694666933983e-18], [1.232595164407831e-32, -8.659560562354932e-17, 1.0, -3.0043885998320043e-34], [0.7071067811865475, 0.7071067811865476, 6.123233995736766e-17, 2.4532694666933987e-18], [0.0, 0.0, 0.0, 1.0]], [0.0869632, 0.1935728, 0.0869632]], "radius": 0.09871112269531736, "volume": 0.0004639755940891142, "num_verts": 859, "num_faces": 1706, "num_hulls": 0}