{"bbox": [[-0.03573615085201623, -0.1429416034079934, -0.03573615085201623], [0.03573615085201623, -0.1429416034079934, -0.03573615085201623], [0.03573615085201623, 0.14294430340805778, -0.03573615085201623], [-0.03573615085201623, 0.14294430340805778, -0.03573615085201623], [-0.03573615085201623, -0.1429416034079934, 0.03573615085201623], [0.03573615085201623, -0.1429416034079934, 0.03573615085201623], [0.03573615085201623, 0.14294430340805778, 0.03573615085201623], [-0.03573615085201623, 0.14294430340805778, 0.03573615085201623]], "aabb": [[-0.03573615103960037, -0.14294160902500153, -0.03573615103960037], [0.03573615103960037, 0.1429443061351776, 0.03573615103960037]], "obb": [[[0.98041001542974, 0.19696751418712943, -6.123233995736766e-17, 8.266366091458891e-23], [-4.797201757313797e-17, -7.209358115166586e-17, -1.0, 1.3500000322075323e-06], [-0.19696751418712946, 0.98041001542974, -6.123233995736766e-17, 8.266366091458891e-23], [0.0, 0.0, 0.0, 1.0]], [0.08322174475762725, 0.2858859068160512, 0.08322174475762727]], "radius": 0.14697124590697463, "volume": 0.0008008714918405941, "num_verts": 662, "num_faces": 1316, "num_hulls": 0}