{"bbox": [[-0.04222319677862574, -0.09248891294365594, -0.06836135478444254], [0.04222319677862574, -0.09248891294365594, -0.06836135478444254], [0.04222319677862574, 0.09247235294491937, -0.06836135478444254], [-0.04222319677862574, 0.09247235294491937, -0.06836135478444254], [-0.04222319677862574, -0.09248891294365594, 0.06836135478444254], [0.04222319677862574, -0.09248891294365594, 0.06836135478444254], [0.04222319677862574, 0.09247235294491937, 0.06836135478444254], [-0.04222319677862574, 0.09247235294491937, 0.06836135478444254]], "aabb": [[-0.04222319647669792, -0.09248891472816467, -0.06836135685443878], [0.04222319647669792, 0.09247235208749771, 0.06836135685443878]], "obb": [[[0.8944372423247344, -0.44719349228552524, 1.4984738386108506e-16, 4.98345938006411e-07], [-1.0953697058511714e-16, 1.1599774785006716e-16, 1.0, -8.279999368282498e-06], [-0.44719349228552524, -0.8944372423247345, 5.476848529255857e-17, -1.2916572003577772e-07], [0.0, 0.0, 0.0, 1.0]], [0.12465788411412945, 0.18496126588857534, 0.16004736775021844]], "radius": 0.11718748152619711, "volume": 0.0005193583450207733, "num_verts": 2046, "num_faces": 4012, "num_hulls": 0}