{"bbox": [[-0.0736815, -0.0432495, -0.0656751], [0.07368430000000001, -0.0432495, -0.0656751], [0.07368430000000001, 0.0432495, -0.0656751], [-0.0736815, 0.0432495, -0.0656751], [-0.0736815, -0.0432495, 0.0656689], [0.07368430000000001, -0.0432495, 0.0656689], [0.07368430000000001, 0.0432495, 0.0656689], [-0.0736815, 0.0432495, 0.0656689]], "aabb": [[-0.07368150353431702, -0.043249499052762985, -0.06567510217428207], [0.07368429750204086, 0.043249499052762985, 0.06566890329122543]], "obb": [[[-0.014697187024749989, 0.029321520172191244, -0.9994619758391767, 0.0011260645080390307], [0.9994570706751482, -0.029047943910405508, -0.015549303265091642, -3.600133085682604e-05], [-0.02948824462411038, -0.9991478696416111, -0.028878677594704857, -0.0009547045371051307], [0.0, 0.0, 0.0, 1.0]], [0.15238895174887512, 0.09141643698998868, 0.13769550962724006]], "radius": 0.09817807260305124, "volume": 0.0007219023183697358, "num_verts": 1851, "num_faces": 3638, "num_hulls": 0}