{"bbox": [[-0.025889600000000002, -0.07443264000000001, -0.025889600000000002], [0.025889600000000002, -0.07443264000000001, -0.025889600000000002], [0.025889600000000002, 0.07443, -0.025889600000000002], [-0.025889600000000002, 0.07443, -0.025889600000000002], [-0.025889600000000002, -0.07443264000000001, 0.025889600000000002], [0.025889600000000002, -0.07443264000000001, 0.025889600000000002], [0.025889600000000002, 0.07443, 0.025889600000000002], [-0.025889600000000002, 0.07443, 0.025889600000000002]], "aabb": [[-0.025889599695801735, -0.07443264126777649, -0.025889599695801735], [0.025889599695801735, 0.07442999631166458, 0.025889599695801735]], "obb": [[[-0.8944227654210515, -0.44722244654820126, -6.123233995736766e-17, 3.1030715105592446e-18], [2.7383121954265588e-17, 8.215207572147587e-17, -1.0, -1.3200000000129775e-06], [0.44722244654820126, -0.8944227654210515, -6.123233995736766e-17, -1.5516953807106397e-18], [0.0, 0.0, 0.0, 1.0]], [0.06795587211156695, 0.14886264, 0.06795587211156696]], "radius": 0.07830550641984398, "volume": 0.0002334997971019259, "num_verts": 538, "num_faces": 1068, "num_hulls": 0}