{"bbox": [[-0.04238850101062062, -0.1444347034435917, -0.04238850101062062], [0.04238850101062062, -0.1444347034435917, -0.04238850101062062], [0.04238850101062062, 0.1444320034435273, -0.04238850101062062], [-0.04238850101062062, 0.1444320034435273, -0.04238850101062062], [-0.04238850101062062, -0.1444347034435917, 0.04238850101062062], [0.04238850101062062, -0.1444347034435917, 0.04238850101062062], [0.04238850101062062, 0.1444320034435273, 0.04238850101062062], [-0.04238850101062062, 0.1444320034435273, 0.04238850101062062]], "aabb": [[-0.04238850250840187, -0.14443470537662506, -0.04238850250840187], [0.04238850250840187, 0.14443200826644897, 0.04238850250840187]], "obb": [[[-0.7071067811865475, -0.7071067811865476, 6.123233995736766e-17, -8.266366091288936e-23], [8.659560562354932e-17, 1.232595164407831e-32, 1.0, -1.3500000321797767e-06], [-0.7071067811865476, 0.7071067811865475, 6.123233995736766e-17, -8.266366091288936e-23], [0.0, 0.0, 0.0, 1.0]], [0.11825280281936652, 0.288866706887119, 0.11825280281936651]], "radius": 0.14702253296641377, "volume": 0.0011444431009856768, "num_verts": 1388, "num_faces": 2752, "num_hulls": 0}