{"bbox": [[-0.05750430137100938, -0.13924830331993826, -0.05750430137100938], [0.05750430137100938, -0.13924830331993826, -0.05750430137100938], [0.05750430137100938, 0.13924830331993826, -0.05750430137100938], [-0.05750430137100938, 0.13924830331993826, -0.05750430137100938], [-0.05750430137100938, -0.13924830331993826, 0.05750430137100938], [0.05750430137100938, -0.13924830331993826, 0.05750430137100938], [0.05750430137100938, 0.13924830331993826, 0.05750430137100938], [-0.05750430137100938, 0.13924830331993826, 0.05750430137100938]], "aabb": [[-0.05750430002808571, -0.1392482966184616, -0.05750430002808571], [0.05750430002808571, 0.1392482966184616, 0.05750430002808571]], "obb": [[[-0.8944245313414299, -0.44721891477738673, 6.123233995736765e-17, 3.1031123265693126e-18], [8.215196759432166e-17, -2.7383446344293705e-17, 1.0, -7.600546160406131e-34], [-0.4472189147773868, 0.89442453134143, 6.123233995736767e-17, 9.309521529490943e-18], [0.0, 0.0, 0.0, 1.0]], [0.1525631364541303, 0.2784966066398765, 0.15256313645413033]], "radius": 0.14708496267705728, "volume": 0.0023217344491090757, "num_verts": 974, "num_faces": 1940, "num_hulls": 0}