{"bbox": [[-0.016226218762037753, -0.057415795619522425, -0.016226218762037753], [0.016226218762037753, -0.057415795619522425, -0.016226218762037753], [0.016226218762037753, 0.057415795619522425, -0.016226218762037753], [-0.016226218762037753, 0.057415795619522425, -0.016226218762037753], [-0.016226218762037753, -0.057415795619522425, 0.016226218762037753], [0.016226218762037753, -0.057415795619522425, 0.016226218762037753], [0.016226218762037753, 0.057415795619522425, 0.016226218762037753], [-0.016226218762037753, 0.057415795619522425, 0.016226218762037753]], "aabb": [[-0.01622621901333332, -0.05741579458117485, -0.01622621901333332], [0.01622621901333332, 0.05741579458117485, 0.01622621901333332]], "obb": [[[-0.9701173238985699, 0.2426363078186715, -6.123233995736766e-17, -3.1066235972387504e-08], [7.425974266184238e-17, 4.4545364889135597e-17, -1.0, 1.6156523506888973e-23], [-0.2426363078186715, -0.97011732389857, -6.123233995736766e-17, -2.3278981653414374e-07], [0.0, 0.0, 0.0, 1.0]], [0.03891620752344569, 0.11483159123904485, 0.03891652407622963]], "radius": 0.05877008999686474, "volume": 5.423329669684279e-05, "num_verts": 1053, "num_faces": 2074, "num_hulls": 0}