{"bbox": [[-0.036288900000000006, -0.0940445, -0.036288900000000006], [0.036288900000000006, -0.0940445, -0.036288900000000006], [0.036288900000000006, 0.09404040000000001, -0.036288900000000006], [-0.036288900000000006, 0.09404040000000001, -0.036288900000000006], [-0.036288900000000006, -0.0940445, 0.036288900000000006], [0.036288900000000006, -0.0940445, 0.036288900000000006], [0.036288900000000006, 0.09404040000000001, 0.036288900000000006], [-0.036288900000000006, 0.09404040000000001, 0.036288900000000006]], "aabb": [[-0.036288898438215256, -0.09404449909925461, -0.036288898438215256], [0.036288898438215256, 0.0940404012799263, 0.036288898438215256]], "obb": [[[-0.44721359549995743, -0.8944271909999161, 6.123233995736767e-17, 9.309377548380359e-18], [8.215180473963039e-17, 2.7383934913210177e-17, 1.0, -2.050000000003438e-06], [-0.8944271909999162, 0.44721359549995743, 6.123233995736767e-17, 3.1030421652621837e-18], [0.0, 0.0, 0.0, 1.0]], [0.09566976000000002, 0.1880849, 0.09566976000000003]], "radius": 0.09891639844484837, "volume": 0.0005811814822453165, "num_verts": 716, "num_faces": 1424, "num_hulls": 0}