{"bbox": [[-0.020505418435560727, -0.05548529576680788, -0.020505418435560727], [0.020505418435560727, -0.05548529576680788, -0.020505418435560727], [0.020505418435560727, 0.05548529576680788, -0.020505418435560727], [-0.020505418435560727, 0.05548529576680788, -0.020505418435560727], [-0.020505418435560727, -0.05548529576680788, 0.020505418435560727], [0.020505418435560727, -0.05548529576680788, 0.020505418435560727], [0.020505418435560727, 0.05548529576680788, 0.020505418435560727], [-0.020505418435560727, 0.05548529576680788, 0.020505418435560727]], "aabb": [[-0.020505419000983238, -0.05548529699444771, -0.020505419000983238], [0.020505419000983238, 0.05548529699444771, 0.020505419000983238]], "obb": [[[-0.8942481976743653, -0.44757140319299854, -6.123233995736765e-17, 1.5528252405895509e-18], [2.735106533075028e-17, 8.21627539617698e-17, -1.0, -2.8505931629677695e-34], [0.4475714031929985, -0.894248197674365, -6.123233995736765e-17, 3.102546683711339e-18], [0.0, 0.0, 0.0, 1.0]], [0.05356000505279457, 0.11097059153361576, 0.05356000505279456]], "radius": 0.05875753546293804, "volume": 0.00012201521951004239, "num_verts": 577, "num_faces": 1142, "num_hulls": 0}