{"bbox": [[-0.10863911171149356, -0.014247718912985314, -0.07122479456597941], [0.10863911171149356, -0.014247718912985314, -0.07122479456597941], [0.10863911171149356, 0.014247718912985314, -0.07122479456597941], [-0.10863911171149356, 0.014247718912985314, -0.07122479456597941], [-0.10863911171149356, -0.014247718912985314, 0.07122479456597941], [0.10863911171149356, -0.014247718912985314, 0.07122479456597941], [0.10863911171149356, 0.014247718912985314, 0.07122479456597941], [-0.10863911171149356, 0.014247718912985314, 0.07122479456597941]], "aabb": [[-0.10863911360502243, -0.014247719198465347, -0.07122479379177094], [0.10863911360502243, 0.014247719198465347, 0.07122479379177094]], "obb": [[[-6.123233995736766e-17, -0.13386833659072386, -0.9909991263661297, 9.288981846955748e-19], [-1.0, -5.2484123907454697e-17, 6.887826689875573e-17, 3.64181767433349e-34], [-6.123233995736766e-17, 0.99099912636613, -0.13386833659072386, -6.876437796719328e-18], [0.0, 0.0, 0.0, 1.0]], [0.21992667560806248, 0.02849543782597066, 0.14602235958190113]], "radius": 0.11718624999948153, "volume": 0.000534264908492487, "num_verts": 315, "num_faces": 626, "num_hulls": 0}