{"bbox": [[-0.018397840000000002, -0.07693648, -0.018397840000000002], [0.018397840000000002, -0.07693648, -0.018397840000000002], [0.018397840000000002, 0.07693648, -0.018397840000000002], [-0.018397840000000002, 0.07693648, -0.018397840000000002], [-0.018397840000000002, -0.07693648, 0.018397840000000002], [0.018397840000000002, -0.07693648, 0.018397840000000002], [0.018397840000000002, 0.07693648, 0.018397840000000002], [-0.018397840000000002, 0.07693648, 0.018397840000000002]], "aabb": [[-0.01839783973991871, -0.07693648338317871, -0.01839783973991871], [0.01839783973991871, 0.07693648338317871, 0.01839783973991871]], "obb": [[[0.9283951761823586, 0.37159439829110386, -6.123233995736766e-17, 3.2210178142143225e-18], [-3.4094214520364067e-17, -7.960140356519276e-17, -1.0, -1.1828806864692977e-34], [-0.37159439829110386, 0.9283951761823585, -6.123233995736766e-17, -1.2892270525141076e-18], [0.0, 0.0, 0.0, 1.0]], [0.044408855215553406, 0.15387296, 0.044408855215553406]], "radius": 0.07839957970538934, "volume": 0.00010954417881798133, "num_verts": 442, "num_faces": 880, "num_hulls": 0}