{"bbox": [[-0.033589197437347604, -0.053279395935104674, -0.03590567726061422], [0.033589197437347604, -0.053279395935104674, -0.03590567726061422], [0.033589197437347604, 0.053279395935104674, -0.03590567726061422], [-0.033589197437347604, 0.053279395935104674, -0.03590567726061422], [-0.033589197437347604, -0.053279395935104674, 0.03590567726061422], [0.033589197437347604, -0.053279395935104674, 0.03590567726061422], [0.033589197437347604, 0.053279395935104674, 0.03590567726061422], [-0.033589197437347604, 0.053279395935104674, 0.03590567726061422]], "aabb": [[-0.0335891991853714, -0.05327939614653587, -0.03590567782521248], [0.0335891991853714, 0.05327939614653587, 0.03590567782521248]], "obb": [[[-0.8943963066165456, -0.4472753589352786, -6.123233995736766e-17, -0.00023084516885837523], [2.7378261870479746e-17, 8.215369553623699e-17, -1.0, -9.937115482136456e-20], [0.4472753589352786, -0.8943963066165456, -6.123233995736766e-17, 0.0018536992830495136], [0.0, 0.0, 0.0, 1.0]], [0.09034290397461554, 0.10655879187020936, 0.0903431080060727]], "radius": 0.05906975176755009, "volume": 0.0003150083172216048, "num_verts": 1741, "num_faces": 3458, "num_hulls": 0}