{"bbox": [[-0.011229803143234013, -0.06597503496650428, -0.10331423211774964], [0.011229803143234013, -0.06597503496650428, -0.10331423211774964], [0.011229803143234013, 0.06625583494508094, -0.10331423211774964], [-0.011229803143234013, 0.06625583494508094, -0.10331423211774964], [-0.011229803143234013, -0.06597503496650428, 0.10302539213978637], [0.011229803143234013, -0.06597503496650428, 0.10302539213978637], [0.011229803143234013, 0.06625583494508094, 0.10302539213978637], [-0.011229803143234013, 0.06625583494508094, 0.10302539213978637]], "aabb": [[-0.01122980285435915, -0.06597503274679184, -0.10331423580646515], [0.01122980285435915, 0.0662558376789093, 0.1030253916978836]], "obb": [[[0.9998735961730066, -0.01584986049316089, -0.0012544315073189799, -0.0007273431847360934], [-0.015883390862176845, -0.9992938746468957, -0.03405099099752535, -0.001888787599744899], [-0.000713842264463275, 0.03406661144789093, -0.9994193096061732, -1.4695891438928212e-05], [0.0, 0.0, 0.0, 1.0]], [0.025328694707806108, 0.138902618059662, 0.20714894138896364]], "radius": 0.1170832811032478, "volume": 0.00024833923534776296, "num_verts": 894, "num_faces": 1748, "num_hulls": 0}