{"bbox": [[-0.04712744, -0.06376064000000001, -0.04712744], [0.047118320000000005, -0.06376064000000001, -0.04712744], [0.047118320000000005, 0.06376064000000001, -0.04712744], [-0.04712744, 0.06376064000000001, -0.04712744], [-0.04712744, -0.06376064000000001, 0.04712744], [0.047118320000000005, -0.06376064000000001, 0.04712744], [0.047118320000000005, 0.06376064000000001, 0.04712744], [-0.04712744, 0.06376064000000001, 0.04712744]], "aabb": [[-0.04712744057178497, -0.06376063823699951, -0.04712744057178497], [0.04711832106113434, 0.06376063823699951, 0.04712744057178497]], "obb": [[[0.44724766941825, 0.8944101532294587, -6.123233995736766e-17, 2.368395892925216e-07], [2.7380805224908842e-17, -8.21528479028262e-17, -1.0, 1.2985873604592365e-22], [-0.8944101532294587, 0.44724766941824995, -6.123233995736766e-17, -2.3575936897619197e-06], [0.0, 0.0, 0.0, 1.0]], [0.12474882881259942, 0.12752128000000001, 0.1247469105823034]], "radius": 0.07881402859942131, "volume": 0.0008758507870479043, "num_verts": 366, "num_faces": 724, "num_hulls": 0}