{"bbox": [[-0.0183246586019395, -0.05619563571261325, -0.0183246586019395], [0.0183246586019395, -0.05619563571261325, -0.0183246586019395], [0.0183246586019395, 0.05619563571261325, -0.0183246586019395], [-0.0183246586019395, 0.05619563571261325, -0.0183246586019395], [-0.0183246586019395, -0.05619563571261325, 0.0183246586019395], [0.0183246586019395, -0.05619563571261325, 0.0183246586019395], [0.0183246586019395, 0.05619563571261325, 0.0183246586019395], [-0.0183246586019395, 0.05619563571261325, 0.0183246586019395]], "aabb": [[-0.018324658274650574, -0.056195635348558426, -0.018324658274650574], [0.018324658274650574, 0.056195635348558426, 0.018324658274650574]], "obb": [[[-0.7071154629359088, -0.7070980993305918, -6.123233995736766e-17, -4.874975685325867e-07], [1.0632141836647206e-21, 8.65956056170223e-17, -1.0, 2.0206907456336047e-23], [0.7070980993305918, -0.7071154629359091, -6.123233995736766e-17, 1.5749372627529455e-07], [0.0, 0.0, 0.0, 1.0]], [0.05049496114397972, 0.1123912714252265, 0.05049496115466195]], "radius": 0.05875332601485048, "volume": 4.915817435515456e-05, "num_verts": 1212, "num_faces": 2328, "num_hulls": 0}