{"bbox": [[-0.06492648, -0.023994559999999998, -0.04516624], [0.06492648, -0.023994559999999998, -0.04516624], [0.06492648, 0.023994559999999998, -0.04516624], [-0.06492648, 0.023994559999999998, -0.04516624], [-0.06492648, -0.023994559999999998, 0.04516624], [0.06492648, -0.023994559999999998, 0.04516624], [0.06492648, 0.023994559999999998, 0.04516624], [-0.06492648, 0.023994559999999998, 0.04516624]], "aabb": [[-0.06492648273706436, -0.023994559422135353, -0.04516623914241791], [0.06492648273706436, 0.023994559422135353, 0.04516623914241791]], "obb": [[[0.019110506440485838, 0.00979513592011431, -0.9997693953386924, 0.0004028767575529613], [0.9932302298710832, -0.11478108184115453, 0.017860955226675367, 0.000612106459428991], [-0.11457966230454365, -0.9933425182502161, -0.011922349705324953, -3.84795215343211e-05], [0.0, 0.0, 0.0, 1.0]], [0.13162532254080983, 0.05910407588571757, 0.09603959137518946]], "radius": 0.07860458393860754, "volume": 0.0003269290458239492, "num_verts": 1078, "num_faces": 2140, "num_hulls": 0}