{"bbox": [[-0.03979709696372246, -0.048175436324505896, -0.048175436324505896], [0.03979709696372246, -0.048175436324505896, -0.048175436324505896], [0.03979709696372246, 0.0481735763246478, -0.048175436324505896], [-0.03979709696372246, 0.0481735763246478, -0.048175436324505896], [-0.03979709696372246, -0.048175436324505896, 0.048175436324505896], [0.03979709696372246, -0.048175436324505896, 0.048175436324505896], [0.03979709696372246, 0.0481735763246478, 0.048175436324505896], [-0.03979709696372246, 0.0481735763246478, 0.048175436324505896]], "aabb": [[-0.0397970974445343, -0.04817543551325798, -0.04817543551325798], [0.0397970974445343, 0.04817357659339905, 0.04817543551325798]], "obb": [[[-0.7131838636695982, -0.7007960041022337, -0.015929131666417386, -0.00026473429157999347], [0.1042017728874407, -0.12846068056113816, 0.9862250473785805, 0.00054207244278114], [-0.6931888394430613, 0.7016999459769903, 0.16464027055210548, -0.006523144444490002], [0.0, 0.0, 0.0, 1.0]], [0.11590743498350005, 0.11914608298041457, 0.12949549597961513]], "radius": 0.059803345156117564, "volume": 0.00024455129468676584, "num_verts": 3194, "num_faces": 6164, "num_hulls": 0}