{"bbox": [[-0.020811478412210205, -0.056313475703622766, -0.020811478412210205], [0.020811478412210205, -0.056313475703622766, -0.020811478412210205], [0.020811478412210205, 0.05631125570379214, -0.020811478412210205], [-0.020811478412210205, 0.05631125570379214, -0.020811478412210205], [-0.020811478412210205, -0.056313475703622766, 0.020811478412210205], [0.020811478412210205, -0.056313475703622766, 0.020811478412210205], [0.020811478412210205, 0.05631125570379214, 0.020811478412210205], [-0.020811478412210205, 0.05631125570379214, 0.020811478412210205]], "aabb": [[-0.020811477676033974, -0.05631347745656967, -0.020811477676033974], [0.020811477676033974, 0.05631125718355179, 0.020811477676033974]], "obb": [[[0.8944271909999165, 0.4472135954999566, -6.123233995736765e-17, 1.5515158778873743e-18], [-2.7383934913210258e-17, -8.215180473963037e-17, -1.0, -1.109999915309412e-06], [-0.4472135954999566, 0.8944271909999165, -6.123233995736765e-17, 3.103099723666927e-18], [0.0, 0.0, 0.0, 1.0]], [0.05581945974131318, 0.11262473140741491, 0.05581948374131135]], "radius": 0.05893980735766593, "volume": 9.426981111319605e-05, "num_verts": 707, "num_faces": 1402, "num_hulls": 0}