{"bbox": [[-0.03860171705492271, -0.04799057633860959, -0.03963725697591729], [0.03860171705492271, -0.04799057633860959, -0.03963725697591729], [0.03860171705492271, 0.04799129633855466, -0.03963725697591729], [-0.03860171705492271, 0.04799129633855466, -0.03963725697591729], [-0.03860171705492271, -0.04799057633860959, 0.03963725697591729], [0.03860171705492271, -0.04799057633860959, 0.03963725697591729], [0.03860171705492271, 0.04799129633855466, 0.03963725697591729], [-0.03860171705492271, 0.04799129633855466, 0.03963725697591729]], "aabb": [[-0.038601718842983246, -0.047990575432777405, -0.039637256413698196], [0.038601718842983246, 0.047991298139095306, 0.039637256413698196]], "obb": [[[0.8943807489717371, -0.44730646749994263, -1.2154423845775366e-06, 2.559576054212547e-08], [8.581537657085423e-07, -1.001385424567362e-06, 0.9999999999991304, 3.796855104385377e-07], [-0.44730646750077074, -0.8943807489720024, -5.117621165230771e-07, 1.1145779962935154e-08], [0.0, 0.0, 0.0, 1.0]], [0.10411565564812882, 0.09598200086361752, 0.10557466542698707]], "radius": 0.05915199580218123, "volume": 0.00021292027497945545, "num_verts": 2631, "num_faces": 5210, "num_hulls": 0}