{"bbox": [[-0.06959595165929679, -0.13339230318032033, -0.0202989004839635], [0.06959595165929679, -0.13339230318032033, -0.0202989004839635], [0.06959595165929679, 0.13339230318032033, -0.0202989004839635], [-0.06959595165929679, 0.13339230318032033, -0.0202989004839635], [-0.06959595165929679, -0.13339230318032033, 0.0202989004839635], [0.06959595165929679, -0.13339230318032033, 0.0202989004839635], [0.06959595165929679, 0.13339230318032033, 0.0202989004839635], [-0.06959595165929679, 0.13339230318032033, 0.0202989004839635]], "aabb": [[-0.06959595531225204, -0.1333923041820526, -0.020298900082707405], [0.06959595531225204, 0.1333923041820526, 0.020298900082707405]], "obb": [[[0.08210042942952374, -0.9966227987674895, -0.0015863367687715783, -2.07208916556348e-05], [0.07306530960884589, 0.00443157850485875, 0.9973173124155214, -6.879596373382314e-05], [-0.9939421411829018, -0.081996085813967, 0.07318238785348068, 0.0010314516870435996], [0.0, 0.0, 0.0, 1.0]], [0.1417779625330759, 0.2698438455810197, 0.05052044024970009]], "radius": 0.14797473861426924, "volume": 0.0006430861407598485, "num_verts": 281, "num_faces": 558, "num_hulls": 0}