{"bbox": [[-0.03912260000000001, -0.0947365, -0.03912260000000001], [0.03912260000000001, -0.0947365, -0.03912260000000001], [0.03912260000000001, 0.0947365, -0.03912260000000001], [-0.03912260000000001, 0.0947365, -0.03912260000000001], [-0.03912260000000001, -0.0947365, 0.03912260000000001], [0.03912260000000001, -0.0947365, 0.03912260000000001], [0.03912260000000001, 0.0947365, 0.03912260000000001], [-0.03912260000000001, 0.0947365, 0.03912260000000001]], "aabb": [[-0.039122600108385086, -0.0947365015745163, -0.039122600108385086], [0.039122600108385086, 0.0947365015745163, 0.039122600108385086]], "obb": [[[0.9490368608503248, -0.3151650944304611, -1.8057642761039546e-16, 6.585266088337571e-18], [-1.7745583534868787e-16, 3.859659240972375e-17, -1.0, -1.2313472141137751e-33], [0.31516509443046103, 0.9490368608503247, -1.929829620486188e-17, 2.186897152467872e-18], [0.0, 0.0, 0.0, 1.0]], [0.09879676159229973, 0.18947300000000003, 0.0987967615922997]], "radius": 0.0979496766490324, "volume": 0.0004673944661089636, "num_verts": 1022, "num_faces": 2036, "num_hulls": 0}