{"bbox": [[-0.0732046, -0.033419500000000005, -0.07002180000000001], [0.0732046, -0.033419500000000005, -0.07002180000000001], [0.0732046, 0.033419500000000005, -0.07002180000000001], [-0.0732046, 0.033419500000000005, -0.07002180000000001], [-0.0732046, -0.033419500000000005, 0.07002180000000001], [0.0732046, -0.033419500000000005, 0.07002180000000001], [0.0732046, 0.033419500000000005, 0.07002180000000001], [-0.0732046, 0.033419500000000005, 0.07002180000000001]], "aabb": [[-0.07320459932088852, -0.03341950103640556, -0.07002180069684982], [0.07320459932088852, 0.03341950103640556, 0.07002180069684982]], "obb": [[[-0.22786139282009543, 0.0662773127658817, 0.9714352801265866, 0.0015447829183008871], [0.9669999266788201, 0.13218634548250424, 0.21780246066364034, -5.481114661579722e-05], [-0.11397511774612351, 0.9890066167020894, -0.09421032137851858, 1.0409610517601104e-05], [0.0, 0.0, 0.0, 1.0]], [0.16350438198341283, 0.10660034156308146, 0.15221419720779497]], "radius": 0.09721322792273489, "volume": 0.0006683535601473492, "num_verts": 891, "num_faces": 1778, "num_hulls": 0}