{"bbox": [[-0.05284139596852142, -0.11048663157053898, -0.07926215395277757], [0.05284139596852142, -0.11048663157053898, -0.07926215395277757], [0.05284139596852142, 0.11048663157053898, -0.07926215395277757], [-0.05284139596852142, 0.11048663157053898, -0.07926215395277757], [-0.05284139596852142, -0.11048663157053898, 0.07926215395277757], [0.05284139596852142, -0.11048663157053898, 0.07926215395277757], [0.05284139596852142, 0.11048663157053898, 0.07926215395277757], [-0.05284139596852142, 0.11048663157053898, 0.07926215395277757]], "aabb": [[-0.052841395139694214, -0.11048663407564163, -0.0792621523141861], [0.052841395139694214, 0.11048663407564163, 0.0792621523141861]], "obb": [[[-0.4709229436826313, 0.8777569695923133, -0.08817189714077808, 0.0006921687646095643], [0.07693495536977348, 0.1404313893079803, 0.9870967721248416, 0.0010256973380500087], [0.8788131734080551, 0.4580630166572599, -0.13366255651944794, -0.004484373426220222], [0.0, 0.0, 0.0, 1.0]], [0.18010289822784717, 0.2483867395414771, 0.18427553589134268]], "radius": 0.11829234046871544, "volume": 0.0009416701485059759, "num_verts": 3992, "num_faces": 7840, "num_hulls": 0}