{"bbox": [[-0.0823041537206914, -0.09123047303966728, -0.07933091394753158], [0.08230403372070055, -0.09123047303966728, -0.07933091394753158], [0.08230403372070055, 0.09123047303966728, -0.07933091394753158], [-0.0823041537206914, 0.09123047303966728, -0.07933091394753158], [-0.0823041537206914, -0.09123047303966728, 0.07933091394753158], [0.08230403372070055, -0.09123047303966728, 0.07933091394753158], [0.08230403372070055, 0.09123047303966728, 0.07933091394753158], [-0.0823041537206914, 0.09123047303966728, 0.07933091394753158]], "aabb": [[-0.08230415731668472, -0.09123047441244125, -0.0793309137225151], [0.08230403065681458, 0.09123047441244125, 0.0793309137225151]], "obb": [[[-0.4470620959060754, 0.8945029031574216, 0.00019658843075243116, 0.001191464879912863], [-8.7887237581303e-05, 0.00017584892543325654, -0.9999999806764942, 1.0141691795305364e-06], [-0.894502920442354, -0.44706210454488254, -6.12321359503141e-17, 0.0003966188791344239], [0.0, 0.0, 0.0, 1.0]], [0.21184065433972563, 0.1825228510498166, 0.2118043799062477]], "radius": 0.1189572774811076, "volume": 0.001291881344961894, "num_verts": 3260, "num_faces": 6268, "num_hulls": 0}