{"bbox": [[-0.03404024, -0.07117504000000001, -0.03404024], [0.03404024, -0.07117504000000001, -0.03404024], [0.03404024, 0.07117327999999999, -0.03404024], [-0.03404024, 0.07117327999999999, -0.03404024], [-0.03404024, -0.07117504000000001, 0.03404024], [0.03404024, -0.07117504000000001, 0.03404024], [0.03404024, 0.07117327999999999, 0.03404024], [-0.03404024, 0.07117327999999999, 0.03404024]], "aabb": [[-0.034040238708257675, -0.07117503881454468, -0.034040238708257675], [0.034040238708257675, 0.0711732804775238, 0.034040238708257675]], "obb": [[[0.16497096750725276, 0.9862984233383529, 6.123233995736766e-17, 6.843766232676645e-18], [-7.049491872276972e-17, -5.029180199176979e-17, 1.0, -8.800000000086516e-07], [0.986298423338353, -0.16497096750725276, 6.123233995736766e-17, -1.1447699252169165e-18], [0.0, 0.0, 0.0, 1.0]], [0.07730505723444456, 0.14234832, 0.07730505723444457]], "radius": 0.0784882312721901, "volume": 0.00018137933139100016, "num_verts": 611, "num_faces": 1198, "num_hulls": 0}