{"bbox": [[-0.10359315246985322, -0.049815301187689336, -0.09963060237537867], [0.10359315246985322, -0.049815301187689336, -0.09963060237537867], [0.10359315246985322, 0.049815301187689336, -0.09963060237537867], [-0.10359315246985322, 0.049815301187689336, -0.09963060237537867], [-0.10359315246985322, -0.049815301187689336, 0.09962070237514263], [0.10359315246985322, -0.049815301187689336, 0.09962070237514263], [0.10359315246985322, 0.049815301187689336, 0.09962070237514263], [-0.10359315246985322, 0.049815301187689336, 0.09962070237514263]], "aabb": [[-0.10359315574169159, -0.04981530085206032, -0.09963060170412064], [0.10359315574169159, 0.04981530085206032, 0.09962069988250732]], "obb": [[[1.5769474138742227e-17, 5.916690918108013e-17, -1.0, 2.973128906857432e-22], [0.9662689556249923, -0.2575350566338237, 0.0, -3.5460859400156516e-07], [-0.2575350566338237, -0.9662689556249923, -6.123233995736766e-17, -4.855487980579282e-06], [0.0, 0.0, 0.0, 1.0]], [0.20718630493970644, 0.13070005039939378, 0.22021853894318366]], "radius": 0.14571419066308525, "volume": 0.002139982231213612, "num_verts": 449, "num_faces": 890, "num_hulls": 0}