{"bbox": [[-0.05309507594916718, -0.10619027189832521, -0.05309507594916718], [0.05309507594916718, -0.10619027189832521, -0.05309507594916718], [0.05309507594916718, 0.10619027189832521, -0.05309507594916718], [-0.05309507594916718, 0.10619027189832521, -0.05309507594916718], [-0.05309507594916718, -0.10619027189832521, 0.05309507594916718], [0.05309507594916718, -0.10619027189832521, 0.05309507594916718], [0.05309507594916718, 0.10619027189832521, 0.05309507594916718], [-0.05309507594916718, 0.10619027189832521, 0.05309507594916718]], "aabb": [[-0.053095076233148575, -0.1061902716755867, -0.053095076233148575], [0.053095076233148575, 0.1061902716755867, 0.053095076233148575]], "obb": [[[-0.446813904515589, -0.8946269248863093, 2.0454306261166739e-16, 9.301182834672621e-18], [2.384159416700577e-16, 1.0956019999930584e-16, 1.0, -4.963028772745994e-33], [-0.8946269248863093, 0.446813904515589, 1.6434029999895872e-16, 1.8623163946094645e-17], [0.0, 0.0, 0.0, 1.0]], [0.14124503026420046, 0.21238054379665045, 0.14124136396320625]], "radius": 0.11782660694650235, "volume": 0.0015949321465347555, "num_verts": 728, "num_faces": 1448, "num_hulls": 0}