{"bbox": [[-0.1150810527437461, -0.12031200286846168, -0.1150810527437461], [0.1150810527437461, -0.12031200286846168, -0.1150810527437461], [0.1150810527437461, 0.12031200286846168, -0.1150810527437461], [-0.1150810527437461, 0.12031200286846168, -0.1150810527437461], [-0.1150810527437461, -0.12031200286846168, 0.1150810527437461], [0.1150810527437461, -0.12031200286846168, 0.1150810527437461], [0.1150810527437461, 0.12031200286846168, 0.1150810527437461], [-0.1150810527437461, 0.12031200286846168, 0.1150810527437461]], "aabb": [[-0.1150810495018959, -0.12031200528144836, -0.1150810495018959], [0.1150810495018959, 0.12031200528144836, 0.1150810495018959]], "obb": [[[-0.7071516402799694, -0.7070619192108263, -7.1590418264656185e-06, -8.474919603695194e-07], [-5.062528170591096e-06, -5.061885853617776e-06, 0.999999999974374, 2.8126140840654743e-07], [-0.7070619192289455, 0.7071516402980909, -6.123260288651867e-17, 3.888420131258381e-07], [0.0, 0.0, 0.0, 1.0]], [0.32083955105612155, 0.24062686352590862, 0.32083782845578823]], "radius": 0.1498556062048865, "volume": 0.0034332059321159508, "num_verts": 2831, "num_faces": 5458, "num_hulls": 0}