{"bbox": [[-0.01605653877498331, -0.05681549566532168, -0.01605653877498331], [0.01605653877498331, -0.05681549566532168, -0.01605653877498331], [0.01605653877498331, 0.056812615665541404, -0.01605653877498331], [-0.01605653877498331, 0.056812615665541404, -0.01605653877498331], [-0.01605653877498331, -0.05681549566532168, 0.01605653877498331], [0.01605653877498331, -0.05681549566532168, 0.01605653877498331], [0.01605653877498331, 0.056812615665541404, 0.01605653877498331], [-0.01605653877498331, 0.056812615665541404, 0.01605653877498331]], "aabb": [[-0.016056539490818977, -0.0568154938519001, -0.016056539490818977], [0.016056539490818977, 0.05681261420249939, 0.016056539490818977]], "obb": [[[-0.371546861402015, 0.928414201626791, 6.123233995736766e-17, 3.2209956474217073e-18], [-3.409829028779861e-17, -7.95996577427209e-17, 1.0, -1.4399998901348798e-06], [0.9284142016267911, 0.371546861402015, 6.123233995736766e-17, 1.2889739512363415e-18], [0.0, 0.0, 0.0, 1.0]], [0.04143778537287364, 0.11362811133086309, 0.041437785372873646]], "radius": 0.05877144221348009, "volume": 6.413860224788882e-05, "num_verts": 1060, "num_faces": 2112, "num_hulls": 0}