{"bbox": [[-0.03211307754996662, -0.11363099133064336, -0.03211307754996662], [0.03211307754996662, -0.11363099133064336, -0.03211307754996662], [0.03211307754996662, 0.11362523133108281, -0.03211307754996662], [-0.03211307754996662, 0.11362523133108281, -0.03211307754996662], [-0.03211307754996662, -0.11363099133064336, 0.03211307754996662], [0.03211307754996662, -0.11363099133064336, 0.03211307754996662], [0.03211307754996662, 0.11362523133108281, 0.03211307754996662], [-0.03211307754996662, 0.11362523133108281, 0.03211307754996662]], "aabb": [[-0.032113078981637955, -0.1136309877038002, -0.032113078981637955], [0.032113078981637955, 0.11362522840499878, 0.032113078981637955]], "obb": [[[-0.371546861402015, 0.928414201626791, 6.123233995736766e-17, 6.4419912948434146e-18], [-3.409829028779861e-17, -7.95996577427209e-17, 1.0, -2.8799997802697597e-06], [0.9284142016267911, 0.371546861402015, 6.123233995736766e-17, 2.577947902472683e-18], [0.0, 0.0, 0.0, 1.0]], [0.08287557074574728, 0.22725622266172618, 0.08287557074574729]], "radius": 0.11754288442696018, "volume": 0.0005131088179831106, "num_verts": 1060, "num_faces": 2112, "num_hulls": 0}