{"bbox": [[-0.06445427508252906, -0.10223771219988158, -0.06445427508252906], [0.06445427508252906, -0.10223771219988158, -0.06445427508252906], [0.06445427508252906, 0.10223771219988158, -0.06445427508252906], [-0.06445427508252906, 0.10223771219988158, -0.06445427508252906], [-0.06445427508252906, -0.10223771219988158, 0.06445427508252906], [0.06445427508252906, -0.10223771219988158, 0.06445427508252906], [0.06445427508252906, 0.10223771219988158, 0.06445427508252906], [-0.06445427508252906, 0.10223771219988158, 0.06445427508252906]], "aabb": [[-0.06445427238941193, -0.10223770886659622, -0.06445427238941193], [0.06445427238941193, 0.10223770886659622, 0.06445427238941193]], "obb": [[[0.9190709440407567, -0.39409211595290977, 6.295864184405039e-05, 2.8023707928101006e-06], [8.240449090758302e-06, -0.00014053842148321023, -0.9999999900905233, 7.699110093735555e-07], [0.3940921208957713, 0.9190709354520522, -0.00012591728368799263, 2.0495776278661333e-07], [0.0, 0.0, 0.0, 1.0]], [0.1680453172651416, 0.20450919473274176, 0.16830250050707182]], "radius": 0.11824827508198905, "volume": 0.0007412038102106005, "num_verts": 3235, "num_faces": 6294, "num_hulls": 0}