{"bbox": [[-0.04332525103295448, -0.14235435339399227, -0.04332525103295448], [0.04332525103295448, -0.14235435339399227, -0.04332525103295448], [0.04332525103295448, 0.14235435339399227, -0.04332525103295448], [-0.04332525103295448, 0.14235435339399227, -0.04332525103295448], [-0.04332525103295448, -0.14235435339399227, 0.04332525103295448], [0.04332525103295448, -0.14235435339399227, 0.04332525103295448], [0.04332525103295448, 0.14235435339399227, 0.04332525103295448], [-0.04332525103295448, 0.14235435339399227, 0.04332525103295448]], "aabb": [[-0.04332525283098221, -0.142354354262352, -0.04332525283098221], [0.04332525283098221, 0.142354354262352, 0.04332525283098221]], "obb": [[[0.894427190999916, 0.4472135954999579, 6.123233995736767e-17, 6.206335383118183e-18], [-8.21518047396304e-17, 2.738393491321013e-17, 1.0, -5.7004265710279835e-34], [0.4472135954999579, -0.8944271909999159, 6.123233995736765e-17, 3.103167691559091e-18], [0.0, 0.0, 0.0, 1.0]], [0.1151155827445694, 0.28470870678798454, 0.11511558274456939]], "radius": 0.14702685744062946, "volume": 0.0013285429241381712, "num_verts": 471, "num_faces": 938, "num_hulls": 0}