{"bbox": [[-0.0767207, -0.080208, -0.0767207], [0.0767207, -0.080208, -0.0767207], [0.0767207, 0.080208, -0.0767207], [-0.0767207, 0.080208, -0.0767207], [-0.0767207, -0.080208, 0.0767207], [0.0767207, -0.080208, 0.0767207], [0.0767207, 0.080208, 0.0767207], [-0.0767207, 0.080208, 0.0767207]], "aabb": [[-0.0767206996679306, -0.08020800352096558, -0.0767206996679306], [0.0767206996679306, 0.08020800352096558, 0.0767206996679306]], "obb": [[[-0.7071516402799688, -0.7070619192108267, -7.159041826243575e-06, -5.649946267831629e-07], [-5.062528170434074e-06, -5.06188585346078e-06, 0.999999999974374, 1.875076011311879e-07], [-0.7070619192289459, 0.7071516402980904, -6.123260288651863e-17, 2.592280025805493e-07], [0.0, 0.0, 0.0, 1.0]], [0.21389302893780698, 0.16041790519261134, 0.2138918805376122]], "radius": 0.09990373508803363, "volume": 0.001017246129349314, "num_verts": 2831, "num_faces": 5458, "num_hulls": 0}