{"bbox": [[-0.04096856, -0.0672936, -0.04096856], [0.04096856, -0.0672936, -0.04096856], [0.04096856, 0.06730544000000001, -0.04096856], [-0.04096856, 0.06730544000000001, -0.04096856], [-0.04096856, -0.0672936, 0.04096856], [0.04096856, -0.0672936, 0.04096856], [0.04096856, 0.06730544000000001, 0.04096856], [-0.04096856, 0.06730544000000001, 0.04096856]], "aabb": [[-0.04096855968236923, -0.06729359924793243, -0.04096855968236923], [0.04096855968236923, 0.06730543822050095, 0.04096855968236923]], "obb": [[[0.4472135954999586, 0.8944271909999156, -6.123233995736766e-17, 3.624954525480131e-22], [2.7383934913210073e-17, -8.215180473963043e-17, -1.0, 5.920000000006476e-06], [-0.8944271909999155, 0.44721359549995865, -6.123233995736766e-17, 3.624954525480131e-22], [0.0, 0.0, 0.0, 1.0]], [0.10885379200000005, 0.13459904, 0.10885376000000005]], "radius": 0.07828864745908438, "volume": 0.000503432700060963, "num_verts": 696, "num_faces": 1384, "num_hulls": 0}