{"bbox": [[-0.08003740000000001, -0.027839100000000002, -0.0643779], [0.08003080000000001, -0.027839100000000002, -0.0643779], [0.08003080000000001, 0.027839100000000002, -0.0643779], [-0.08003740000000001, 0.027839100000000002, -0.0643779], [-0.08003740000000001, -0.027839100000000002, 0.0643779], [0.08003080000000001, -0.027839100000000002, 0.0643779], [0.08003080000000001, 0.027839100000000002, 0.0643779], [-0.08003740000000001, 0.027839100000000002, 0.0643779]], "aabb": [[-0.08003740012645721, -0.02783909998834133, -0.06437789648771286], [0.08003079891204834, 0.02783909998834133, 0.06437789648771286]], "obb": [[[-0.09992048528379889, -0.16048200584375383, -0.9819681371719837, 0.0016856587736336292], [-0.9749327211104576, 0.21297671756329994, 0.06439803633746524, 0.0016018332702957077], [0.19880162456280195, 0.963787551059012, -0.17773989561959078, -0.0005474916398076766], [0.0, 0.0, 0.0, 1.0]], [0.1661264846624558, 0.07918106838910124, 0.163416927024276]], "radius": 0.09758219646200837, "volume": 0.0004945467866642807, "num_verts": 1076, "num_faces": 2132, "num_hulls": 0}