{"bbox": [[-0.037700239999999996, -0.07225872, -0.00942504], [0.037700239999999996, -0.07225872, -0.00942504], [0.037700239999999996, 0.07225872, -0.00942504], [-0.037700239999999996, 0.07225872, -0.00942504], [-0.037700239999999996, -0.07225872, 0.00942504], [0.037700239999999996, -0.07225872, 0.00942504], [0.037700239999999996, 0.07225872, 0.00942504], [-0.037700239999999996, 0.07225872, 0.00942504]], "aabb": [[-0.037700239568948746, -0.07225871831178665, -0.00942504033446312], [0.037700239568948746, 0.07225871831178665, 0.00942504033446312]], "obb": [[[-6.111304698086141e-17, 1.0, -3.8203331490422115e-18, 1.8713422934761e-22], [-0.06239077506595495, -7.718757477481033e-34, 0.9980517978475213, -4.888831595381078e-05], [0.9980517978475213, 6.123233995736767e-17, 0.06239077506595495, -3.0561338906515765e-06], [0.0, 0.0, 0.0, 1.0]], [0.07540047999999999, 0.14565426857866187, 0.022157901806403577]], "radius": 0.07893186463194433, "volume": 0.00013565125446919247, "num_verts": 206, "num_faces": 408, "num_hulls": 0}