{"bbox": [[-0.10965083163430546, -0.042906836726468146, -0.10965083163430546], [0.10965083163430546, -0.042906836726468146, -0.10965083163430546], [0.10965083163430546, 0.042906836726468146, -0.10965083163430546], [-0.10965083163430546, 0.042906836726468146, -0.10965083163430546], [-0.10965083163430546, -0.042906836726468146, 0.10965083163430546], [0.10965083163430546, -0.042906836726468146, 0.10965083163430546], [0.10965083163430546, 0.042906836726468146, 0.10965083163430546], [-0.10965083163430546, 0.042906836726468146, 0.10965083163430546]], "aabb": [[-0.10965082794427872, -0.04290683567523956, -0.10965082794427872], [0.10965082794427872, 0.04290683567523956, 0.10965082794427872]], "obb": [[[-6.843381099163749e-05, 0.37119407387009645, -0.9285553052137147, -3.607633861898638e-06], [-0.999999995321485, -8.88833874947917e-05, 3.81677039255575e-05, 2.608181617717444e-06], [-6.836551549325983e-05, 0.9285553034814161, 0.3711940782160883, -1.764475342088804e-06], [0.0, 0.0, 0.0, 1.0]], [0.28482537688541076, 0.08585713361816504, 0.2844548758857744]], "radius": 0.11777056420500776, "volume": 0.0012120286059753823, "num_verts": 1906, "num_faces": 3756, "num_hulls": 0}