{"bbox": [[-0.07774511406851851, -0.08514575350389453, -0.06293651519832495], [0.07774511406851851, -0.08514575350389453, -0.06293651519832495], [0.07774511406851851, 0.08514935350361988, -0.06293651519832495], [-0.07774511406851851, 0.08514935350361988, -0.06293651519832495], [-0.07774511406851851, -0.08514575350389453, 0.06293651519832495], [0.07774511406851851, -0.08514575350389453, 0.06293651519832495], [0.07774511406851851, 0.08514935350361988, 0.06293651519832495], [-0.07774511406851851, 0.08514935350361988, 0.06293651519832495]], "aabb": [[-0.07774511724710464, -0.08514575660228729, -0.06293651461601257], [0.07774511724710464, 0.0851493552327156, 0.06293651461601257]], "obb": [[[0.011509443469745464, 0.9999337641619153, -6.017720646064902e-17, -0.00021512222153025003], [0.057652052440515224, -0.0006635869917195003, -0.998336516662443, -5.9575796615636044e-08], [-0.9982703910065713, 0.011490297702308985, -0.05765587132547297, 2.9559362443035816e-05], [0.0, 0.0, 0.0, 1.0]], [0.1569138164372436, 0.18356536324656209, 0.12803751752863876]], "radius": 0.11668015330689355, "volume": 0.0008918210833406366, "num_verts": 1149, "num_faces": 2274, "num_hulls": 0}