{"bbox": [[-0.046985156415317045, -0.10806599175521914, -0.046985156415317045], [0.04639787646012295, -0.10806599175521914, -0.046985156415317045], [0.04639787646012295, 0.10806599175521914, -0.046985156415317045], [-0.046985156415317045, 0.10806599175521914, -0.046985156415317045], [-0.046985156415317045, -0.10806599175521914, 0.04698071641565579], [0.04639787646012295, -0.10806599175521914, 0.04698071641565579], [0.04639787646012295, 0.10806599175521914, 0.04698071641565579], [-0.046985156415317045, 0.10806599175521914, 0.04698071641565579]], "aabb": [[-0.04698515683412552, -0.10806599259376526, -0.04698515683412552], [0.04639787599444389, 0.10806599259376526, 0.04698071628808975]], "obb": [[[-0.9990923793052457, 0.0043549607857463635, 0.04237277346053139, 0.0011700045844039693], [-0.042513818561104595, -0.04019331287452485, -0.9982870693500562, 0.00048082129851770956], [-0.002644398898876653, -0.9991824317494404, 0.04034197860465514, 0.001125272584564283], [0.0, 0.0, 0.0, 1.0]], [0.09979926674278726, 0.227120373945504, 0.09923529643604395]], "radius": 0.11725961734665272, "volume": 0.0008652531588524538, "num_verts": 1671, "num_faces": 3246, "num_hulls": 0}