{"bbox": [[-0.016586218734571934, -0.056515975688173244, -0.016586218734571934], [0.016586218734571934, -0.056515975688173244, -0.016586218734571934], [0.016586218734571934, 0.056515975688173244, -0.016586218734571934], [-0.016586218734571934, 0.056515975688173244, -0.016586218734571934], [-0.016586218734571934, -0.056515975688173244, 0.016586218734571934], [0.016586218734571934, -0.056515975688173244, 0.016586218734571934], [0.016586218734571934, 0.056515975688173244, 0.016586218734571934], [-0.016586218734571934, 0.056515975688173244, 0.016586218734571934]], "aabb": [[-0.016586218029260635, -0.056515976786613464, -0.016586218029260635], [0.016586218029260635, 0.056515976786613464, 0.016586218029260635]], "obb": [[[-0.8944254420872025, -0.447217093308286, -6.123233995736765e-17, 1.551595981239988e-18], [2.7383613644203673e-17, 8.215191182860123e-17, -1.0, -2.850217000909026e-34], [0.44721709330828596, -0.8944254420872025, -6.123233995736766e-17, 3.1031616237992087e-18], [0.0, 0.0, 0.0, 1.0]], [0.04422563106297791, 0.11303195137634649, 0.044225636269116415]], "radius": 0.05877061292492753, "volume": 6.759949293704658e-05, "num_verts": 470, "num_faces": 932, "num_hulls": 0}