{"bbox": [[-0.03015095769966448, -0.039573176980806195, -0.043342016693266545], [0.03015095769966448, -0.039573176980806195, -0.043342016693266545], [0.03015095769966448, 0.039573176980806195, -0.043342016693266545], [-0.03015095769966448, 0.039573176980806195, -0.043342016693266545], [-0.03015095769966448, -0.039573176980806195, 0.043342016693266545], [0.03015095769966448, -0.039573176980806195, 0.043342016693266545], [0.03015095769966448, 0.039573176980806195, 0.043342016693266545], [-0.03015095769966448, 0.039573176980806195, 0.043342016693266545]], "aabb": [[-0.03015095740556717, -0.03957317769527435, -0.04334201663732529], [0.03015095740556717, 0.03957317769527435, 0.04334201663732529]], "obb": [[[0.9021264859657223, 6.123233995736766e-17, 0.43147167151406085, -0.004239360517922007], [-2.8819295601075935e-17, 1.0, -8.16593357453212e-17, -2.2716562674400647e-23], [-0.43147167151406085, 6.123233995736765e-17, 0.9021264859657221, 0.004239731507544324], [0.0, 0.0, 0.0, 1.0]], [0.0918069311342413, 0.07914635396161239, 0.10109499109946106]], "radius": 0.058375275505737685, "volume": 0.00010536745389877258, "num_verts": 1103, "num_faces": 2122, "num_hulls": 0}