{"bbox": [[-0.030674400000000004, -0.0940682, -0.030674400000000004], [0.030674400000000004, -0.0940682, -0.030674400000000004], [0.030674400000000004, 0.09406590000000001, -0.030674400000000004], [-0.030674400000000004, 0.09406590000000001, -0.030674400000000004], [-0.030674400000000004, -0.0940682, 0.030674400000000004], [0.030674400000000004, -0.0940682, 0.030674400000000004], [0.030674400000000004, 0.09406590000000001, 0.030674400000000004], [-0.030674400000000004, 0.09406590000000001, 0.030674400000000004]], "aabb": [[-0.030674399808049202, -0.09406819939613342, -0.030674399808049202], [0.030674399808049202, 0.09406589716672897, 0.030674399808049202]], "obb": [[[-0.7070549145296201, 0.7071586440393072, -6.123233995736767e-17, -1.9991198419969767e-07], [8.659560539061125e-17, -6.351600600776549e-21, -1.0, -1.1499999999914357e-06], [-0.7071586440393074, -0.7070549145296201, -6.123233995736767e-17, -7.999779891865173e-07], [0.0, 0.0, 0.0, 1.0]], [0.0845220996479634, 0.18813410000000003, 0.08452209951594268]], "radius": 0.09794481415531912, "volume": 0.0004090728087238609, "num_verts": 1061, "num_faces": 2094, "num_hulls": 0}