{"bbox": [[-0.0315146, -0.0334843, -0.09060460000000001], [0.0315146, -0.0334843, -0.09060460000000001], [0.0315146, 0.0334843, -0.09060460000000001], [-0.0315146, 0.0334843, -0.09060460000000001], [-0.0315146, -0.0334843, 0.09060460000000001], [0.0315146, -0.0334843, 0.09060460000000001], [0.0315146, 0.0334843, 0.09060460000000001], [-0.0315146, 0.0334843, 0.09060460000000001]], "aabb": [[-0.03151459991931915, -0.03348429873585701, -0.09060460329055786], [0.03151459991931915, 0.03348429873585701, 0.09060460329055786]], "obb": [[[0.9995713367430351, 0.029269780662648886, -0.0006501551370609152, 0.0004232619286254778], [-0.029277000559173084, 0.9993248360263632, -0.022197507498376165, -0.0003214492978099316], [1.224846325424647e-16, 0.02220702683482669, 0.9997533935722136, 0.000208590036335373], [0.0, 0.0, 0.0, 1.0]], [0.06532636869715183, 0.07229371999526751, 0.18323424266252816]], "radius": 0.09761124416894808, "volume": 0.0003589684504748406, "num_verts": 821, "num_faces": 1610, "num_hulls": 0}