{"bbox": [[-0.024952480000000003, -0.07650864, -0.024952480000000003], [0.024952480000000003, -0.07650864, -0.024952480000000003], [0.024952480000000003, 0.07651808, -0.024952480000000003], [-0.024952480000000003, 0.07651808, -0.024952480000000003], [-0.024952480000000003, -0.07650864, 0.024952480000000003], [0.024952480000000003, -0.07650864, 0.024952480000000003], [0.024952480000000003, 0.07651808, 0.024952480000000003], [-0.024952480000000003, 0.07651808, 0.024952480000000003]], "aabb": [[-0.02495248056948185, -0.07650864124298096, -0.02495248056948185], [0.02495248056948185, 0.07651808112859726, 0.02495248056948185]], "obb": [[[0.8945418366443666, 0.4469842306982694, -6.123233995736766e-17, 1.5510770934120408e-18], [-2.7404999477797018e-17, -8.214478021719478e-17, -1.0, 4.719999999999724e-06], [-0.44698423069826937, 0.8945418366443665, -6.123233995736766e-17, 3.1038544651853842e-18], [0.0, 0.0, 0.0, 1.0]], [0.06586163052491695, 0.15302672, 0.06586163052491693]], "radius": 0.07882339098631065, "volume": 0.0002349831005588158, "num_verts": 550, "num_faces": 1092, "num_hulls": 0}