{"bbox": [[-0.05505401579971193, -0.022739698265098706, -0.05505401579971193], [0.05505401579971193, -0.022739698265098706, -0.05505401579971193], [0.05505401579971193, 0.022739698265098706, -0.05505401579971193], [-0.05505401579971193, 0.022739698265098706, -0.05505401579971193], [-0.05505401579971193, -0.022739698265098706, 0.05505401579971193], [0.05505401579971193, -0.022739698265098706, 0.05505401579971193], [0.05505401579971193, 0.022739698265098706, 0.05505401579971193], [-0.05505401579971193, 0.022739698265098706, 0.05505401579971193]], "aabb": [[-0.055054016411304474, -0.022739699110388756, -0.055054016411304474], [0.055054016411304474, 0.022739699110388756, 0.055054016411304474]], "obb": [[[1.707090905211311e-16, -0.9191337967381716, 0.39394550853344357, -8.405218090619293e-07], [1.0, 1.1256142621635556e-16, -1.707090905211311e-16, 3.469711015060288e-18], [1.1256142621635554e-16, 0.39394550853344357, 0.9191337967381715, -1.0712230391801631e-06], [0.0, 0.0, 0.0, 1.0]], [0.14444318272567835, 0.045479396530197454, 0.14444415507774291]], "radius": 0.05932289690751914, "volume": 0.00012301712570802418, "num_verts": 2231, "num_faces": 4390, "num_hulls": 0}