{"bbox": [[-0.043602, -0.09550910000000001, -0.045678300000000005], [0.043602, -0.09550910000000001, -0.045678300000000005], [0.043602, 0.09550710000000001, -0.045678300000000005], [-0.043602, 0.09550710000000001, -0.045678300000000005], [-0.043602, -0.09550910000000001, 0.045157300000000004], [0.043602, -0.09550910000000001, 0.045157300000000004], [0.043602, 0.09550710000000001, 0.045157300000000004], [-0.043602, 0.09550710000000001, 0.045157300000000004]], "aabb": [[-0.043602000921964645, -0.09550909698009491, -0.04567829892039299], [0.043602000921964645, 0.09550710022449493, 0.0451572984457016]], "obb": [[[0.999999934574437, 0.0003404188923229064, 0.00012233601107374933, 4.220541714846533e-06], [8.783786807430443e-05, 0.09955496477910024, -0.9950320604243571, -5.202605306084371e-05], [-0.00035090686910910164, 0.9950320060695586, 0.09955492836399087, 0.0036409459849315534], [0.0, 0.0, 0.0, 1.0]], [0.08726132009860246, 0.19790970722288234, 0.10673092734961963]], "radius": 0.09872657912608743, "volume": 0.0003299283786454408, "num_verts": 2466, "num_faces": 4804, "num_hulls": 0}