{"bbox": [[-0.011122343151432559, -0.07785635406003158, -0.10195475222146971], [0.011122343151432559, -0.07785635406003158, -0.10195475222146971], [0.011122343151432559, 0.07785635406003158, -0.10195475222146971], [-0.011122343151432559, 0.07785635406003158, -0.10195475222146971], [-0.011122343151432559, -0.07785635406003158, 0.10231667219385741], [0.011122343151432559, -0.07785635406003158, 0.10231667219385741], [0.011122343151432559, 0.07785635406003158, 0.10231667219385741], [-0.011122343151432559, 0.07785635406003158, 0.10231667219385741]], "aabb": [[-0.011122343130409718, -0.07785635441541672, -0.10195475071668625], [0.011122343130409718, 0.07785635441541672, 0.10231667011976242]], "obb": [[[1.0, 6.120150669514297e-17, 1.9429449037518493e-18, 3.5985695139954784e-18], [6.123233995736766e-17, -0.9994964546145688, -0.03173069827324259, -0.002108731466603502], [-0.0, 0.03173069827324259, -0.9994964546145687, 0.001419098721621455], [0.0, 0.0, 0.0, 1.0]], [0.02224468630286513, 0.16236650396393026, 0.20836890568407587]], "radius": 0.11664212852955541, "volume": 0.00036387982811255856, "num_verts": 643, "num_faces": 1246, "num_hulls": 0}