{"bbox": [[-0.05249339599507171, -0.1097590716260474, -0.014316358907748497], [0.05249339599507171, -0.1097590716260474, -0.014316358907748497], [0.05249339599507171, 0.1097590716260474, -0.014316358907748497], [-0.05249339599507171, 0.1097590716260474, -0.014316358907748497], [-0.05249339599507171, -0.1097590716260474, 0.014316358907748497], [0.05249339599507171, -0.1097590716260474, 0.014316358907748497], [0.05249339599507171, 0.1097590716260474, 0.014316358907748497], [-0.05249339599507171, 0.1097590716260474, 0.014316358907748497]], "aabb": [[-0.052493397146463394, -0.10975906997919083, -0.014316358603537083], [0.052493397146463394, 0.10975906997919083, 0.014316358603537083]], "obb": [[[-0.13217823878941048, -0.9912259647479629, -6.123233995736766e-17, 0.0001769846657187012], [-5.260150239549768e-17, 6.878866810053629e-17, -1.0, -2.590983788755108e-21], [0.9912259647479628, -0.13217823878941048, -6.123233995736765e-17, -0.00013467068930429256], [0.0, 0.0, 0.0, 1.0]], [0.10834131768321238, 0.2195181432520948, 0.03194504679566482]], "radius": 0.1182477283102084, "volume": 0.0004010150841601266, "num_verts": 214, "num_faces": 424, "num_hulls": 0}