{"bbox": [[-0.03301661748103199, -0.04899101626228209, -0.03301661748103199], [0.03301661748103199, -0.04899101626228209, -0.03301661748103199], [0.03301661748103199, 0.04899245626217222, -0.03301661748103199], [-0.03301661748103199, 0.04899245626217222, -0.03301661748103199], [-0.03301661748103199, -0.04899101626228209, 0.03301661748103199], [0.03301661748103199, -0.04899101626228209, 0.03301661748103199], [0.03301661748103199, 0.04899245626217222, 0.03301661748103199], [-0.03301661748103199, 0.04899245626217222, 0.03301661748103199]], "aabb": [[-0.033016618341207504, -0.048991017043590546, -0.033016618341207504], [0.033016618341207504, 0.04899245500564575, 0.033016618341207504]], "obb": [[[0.4472740521641441, -0.89439696007754, 8.044980357703291e-06, -2.0780291309101152e-07], [-1.7986691418521944e-05, 6.860357010147545e-16, 0.9999999998382395, 8.613666233962913e-07], [-0.8943969599328621, -0.44727405223649547, -1.6087242126271954e-05, 5.791784070448555e-07], [0.0, 0.0, 0.0, 1.0]], [0.08819042298564833, 0.09798552005170146, 0.08819093812398567]], "radius": 0.05876684084887543, "volume": 0.00011422048744906168, "num_verts": 4640, "num_faces": 9056, "num_hulls": 0}