{"bbox": [[-0.021362000000000003, -0.07558872, -0.021362000000000003], [0.021362000000000003, -0.07558872, -0.021362000000000003], [0.021362000000000003, 0.07558872, -0.021362000000000003], [-0.021362000000000003, 0.07558872, -0.021362000000000003], [-0.021362000000000003, -0.07558872, 0.021362000000000003], [0.021362000000000003, -0.07558872, 0.021362000000000003], [0.021362000000000003, 0.07558872, 0.021362000000000003], [-0.021362000000000003, 0.07558872, 0.021362000000000003]], "aabb": [[-0.021361999213695526, -0.07558871805667877, -0.021361999213695526], [0.021361999213695526, 0.07558871805667877, 0.021361999213695526]], "obb": [[[0.9805051608767089, 0.19649333193301735, 6.123233995736766e-17, 2.720087450224269e-18], [-7.207037184103451e-17, 4.800687884047772e-17, 1.0, -4.166016513759427e-34], [0.19649333193301732, -0.9805051608767091, 6.123233995736767e-17, 4.083533833332704e-18], [0.0, 0.0, 0.0, 1.0]], [0.0500640491949941, 0.15117744, 0.0500640491949941]], "radius": 0.07838060686699484, "volume": 0.00019400762346773317, "num_verts": 721, "num_faces": 1438, "num_hulls": 0}