{"bbox": [[-0.03501941732823049, -0.04108949686512017, -0.042957176722627506], [0.03501941732823049, -0.04108949686512017, -0.042957176722627506], [0.03501941732823049, 0.04108949686512017, -0.042957176722627506], [-0.03501941732823049, 0.04108949686512017, -0.042957176722627506], [-0.03501941732823049, -0.04108949686512017, 0.042957176722627506], [0.03501941732823049, -0.04108949686512017, 0.042957176722627506], [0.03501941732823049, 0.04108949686512017, 0.042957176722627506], [-0.03501941732823049, 0.04108949686512017, 0.042957176722627506]], "aabb": [[-0.035019416362047195, -0.0410894975066185, -0.04295717552304268], [0.035019416362047195, 0.0410894975066185, 0.04295717552304268]], "obb": [[[0.8605651911478727, 0.509340310386509, -6.123233995736767e-17, -0.0018638106237341882], [-2.150632130026575e-17, -8.38825193794215e-17, -1.0, -2.253118741947027e-19], [-0.509340310386509, 0.8605651911478728, -6.123233995736767e-17, 0.005543432770324921], [0.0, 0.0, 0.0, 1.0]], [0.10012064096502998, 0.08217899373024036, 0.10285062450539922]], "radius": 0.05940361211245903, "volume": 0.00016256577576772744, "num_verts": 1047, "num_faces": 2002, "num_hulls": 0}