{"bbox": [[-0.05482541581715273, -0.021453418363234073, -0.05482541581715273], [0.05482541581715273, -0.021453418363234073, -0.05482541581715273], [0.05482541581715273, 0.021453418363234073, -0.05482541581715273], [-0.05482541581715273, 0.021453418363234073, -0.05482541581715273], [-0.05482541581715273, -0.021453418363234073, 0.05482541581715273], [0.05482541581715273, -0.021453418363234073, 0.05482541581715273], [0.05482541581715273, 0.021453418363234073, 0.05482541581715273], [-0.05482541581715273, 0.021453418363234073, 0.05482541581715273]], "aabb": [[-0.05482541397213936, -0.02145341783761978, -0.05482541397213936], [0.05482541397213936, 0.02145341783761978, 0.05482541397213936]], "obb": [[[-6.843381099163749e-05, 0.37119407387009645, -0.9285553052137147, -1.803816930949319e-06], [-0.999999995321485, -8.88833874947917e-05, 3.81677039255575e-05, 1.304090808858722e-06], [-6.836551549325983e-05, 0.9285553034814161, 0.3711940782160883, -8.82237671044402e-07], [0.0, 0.0, 0.0, 1.0]], [0.14241268844270538, 0.04292856680908252, 0.1422274379428872]], "radius": 0.05888528210250388, "volume": 0.00015150357574692278, "num_verts": 1906, "num_faces": 3756, "num_hulls": 0}