{"bbox": [[-0.0935199, -0.028618100000000004, -0.0935199], [0.0935199, -0.028618100000000004, -0.0935199], [0.0935199, 0.028618100000000004, -0.0935199], [-0.0935199, 0.028618100000000004, -0.0935199], [-0.0935199, -0.028618100000000004, 0.0935199], [0.0935199, -0.028618100000000004, 0.0935199], [0.0935199, 0.028618100000000004, 0.0935199], [-0.0935199, 0.028618100000000004, 0.0935199]], "aabb": [[-0.0935199037194252, -0.028618099167943, -0.0935199037194252], [0.0935199037194252, 0.028618099167943, 0.0935199037194252]], "obb": [[[9.394192123689376e-06, 0.6001001839549015, 0.7999248521761545, -5.091956628613617e-07], [0.9999999998774457, -1.5655944963990813e-05, 1.1792737005931145e-09, 4.1604930308601173e-07], [1.2524287143363017e-05, 0.799924852078109, -0.6001001840284316, 1.404180845033453e-06], [0.0, 0.0, 0.0, 1.0]], [0.2622192227179012, 0.057241173184483615, 0.26205500493411044]], "radius": 0.09839575184615443, "volume": 0.0002804699368755276, "num_verts": 1305, "num_faces": 2550, "num_hulls": 0}