{"bbox": [[-0.03950096, -0.06988632, -0.031524800000000006], [0.03950096, -0.06988632, -0.031524800000000006], [0.03950096, 0.06988632, -0.031524800000000006], [-0.03950096, 0.06988632, -0.031524800000000006], [-0.03950096, -0.06988632, 0.031524800000000006], [0.03950096, -0.06988632, 0.031524800000000006], [0.03950096, 0.06988632, 0.031524800000000006], [-0.03950096, 0.06988632, 0.031524800000000006]], "aabb": [[-0.03950095921754837, -0.06988631933927536, -0.03152479976415634], [0.03950095921754837, 0.06988631933927536, 0.03152479976415634]], "obb": [[[-5.656317264704647e-17, 1.0, -2.3452227117164315e-17, 6.682250864029927e-20], [-0.3830039344159094, 3.335858059438644e-33, 0.9237467110750293, 1.0423729584487506e-06], [0.9237467110750291, 6.123233995736765e-17, 0.38300393441590946, -0.001091294382785693], [0.0, 0.0, 0.0, 1.0]], [0.07900192, 0.1417945041036204, 0.06667071546812614]], "radius": 0.07897828558479603, "volume": 0.00010825845394237199, "num_verts": 271, "num_faces": 538, "num_hulls": 0}