{"bbox": [[-0.0589093, -0.07970080000000002, -0.0589093], [0.0588979, -0.07970080000000002, -0.0589093], [0.0588979, 0.07970080000000002, -0.0589093], [-0.0589093, 0.07970080000000002, -0.0589093], [-0.0589093, -0.07970080000000002, 0.0589093], [0.0588979, -0.07970080000000002, 0.0589093], [0.0588979, 0.07970080000000002, 0.0589093], [-0.0589093, 0.07970080000000002, 0.0589093]], "aabb": [[-0.058909300714731216, -0.07970079779624939, -0.058909300714731216], [0.05889790132641792, 0.07970079779624939, 0.058909300714731216]], "obb": [[[0.44724766941825067, 0.8944101532294585, -6.123233995736767e-17, 2.960494866133267e-07], [2.7380805224908793e-17, -8.215284790282622e-17, -1.0, 1.6232342005749944e-22], [-0.8944101532294585, 0.44724766941825067, -6.123233995736766e-17, -2.946992112201624e-06], [0.0, 0.0, 0.0, 1.0]], [0.15593603601574935, 0.15940160000000003, 0.1559336382278793]], "radius": 0.09851753574927664, "volume": 0.0017106460684529388, "num_verts": 366, "num_faces": 724, "num_hulls": 0}