{"bbox": [[-0.03006888, -0.07281256, -0.03006888], [0.03006888, -0.07281256, -0.03006888], [0.03006888, 0.07281184, -0.03006888], [-0.03006888, 0.07281184, -0.03006888], [-0.03006888, -0.07281256, 0.03006888], [0.03006888, -0.07281256, 0.03006888], [0.03006888, 0.07281184, 0.03006888], [-0.03006888, 0.07281184, 0.03006888]], "aabb": [[-0.030068879947066307, -0.07281255722045898, -0.030068879947066307], [0.030068879947066307, 0.07281184196472168, 0.030068879947066307]], "obb": [[[-0.8944244782634498, 0.4472190209317528, -6.123233995736766e-17, 3.1031362362214428e-18], [8.215197084431297e-17, 2.7383436594124548e-17, -1.0, -3.600000000048009e-07], [-0.4472190209317528, -0.8944244782634498, -6.123233995736766e-17, 1.5515806253849642e-18], [0.0, 0.0, 0.0, 1.0]], [0.07977477216836955, 0.1456244, 0.07977479616822396]], "radius": 0.07825215824505351, "volume": 0.00036546593235832166, "num_verts": 603, "num_faces": 1190, "num_hulls": 0}