{"bbox": [[-0.07013168, -0.03506584, -0.07013168], [0.07013168, -0.03506584, -0.07013168], [0.07013168, 0.03506584, -0.07013168], [-0.07013168, 0.03506584, -0.07013168], [-0.07013168, -0.03506584, 0.07013168], [0.07013168, -0.03506584, 0.07013168], [0.07013168, 0.03506584, 0.07013168], [-0.07013168, 0.03506584, 0.07013168]], "aabb": [[-0.07013168185949326, -0.03506584092974663, -0.07013168185949326], [0.07013168185949326, 0.03506584092974663, 0.07013168185949326]], "obb": [[[0.0001281265420404027, 0.8944712940993046, 0.4471253600679621, 0.0001488303276904757], [0.9999999844741569, -6.051392307700473e-05, -0.00016549849231134705, 3.832094379906638e-06], [-0.00012097634094428364, 0.44712537433071353, -0.8944712879653233, 0.00046010306590446516], [0.0, 0.0, 0.0, 1.0]], [0.1875297952431985, 0.0701731626496742, 0.18752962125060246]], "radius": 0.07862190214160937, "volume": 0.00042765526183423283, "num_verts": 1900, "num_faces": 3744, "num_hulls": 0}