{"bbox": [[-0.023533498204536575, -0.054127075870431834, -0.023533498204536575], [0.023239378226976148, -0.054127075870431834, -0.023533498204536575], [0.023239378226976148, 0.05412593587051881, -0.023533498204536575], [-0.023533498204536575, 0.05412593587051881, -0.023533498204536575], [-0.023533498204536575, -0.054127075870431834, 0.023533498204536575], [0.023239378226976148, -0.054127075870431834, 0.023533498204536575], [0.023239378226976148, 0.05412593587051881, 0.023533498204536575], [-0.023533498204536575, 0.05412593587051881, 0.023533498204536575]], "aabb": [[-0.023533498868346214, -0.05412707477807999, -0.023533498868346214], [0.0232393778860569, 0.05412593483924866, 0.023533498868346214]], "obb": [[[0.8922283095125145, -0.4515801311846127, 0.0020071929973952663, 0.00012416025286895272], [-1.0842128824183581e-17, -0.004444777419531514, -0.9999901219280571, -3.4363144928017154e-05], [0.45158459196970036, 0.8922194960170837, -0.003965756243188003, -0.000261172479019245], [0.0, 0.0, 0.0, 1.0]], [0.06283263814641711, 0.10859139385130356, 0.06340816809592803]], "radius": 0.05871207471240209, "volume": 0.00016566051269967266, "num_verts": 385, "num_faces": 762, "num_hulls": 0}