{"bbox": [[-0.05370023590299714, -0.10739903180610415, -0.05370023590299714], [0.05370023590299714, -0.10739903180610415, -0.05370023590299714], [0.05370023590299714, 0.10739567180636049, -0.05370023590299714], [-0.05370023590299714, 0.10739567180636049, -0.05370023590299714], [-0.05370023590299714, -0.10739903180610415, 0.05370023590299714], [0.05370023590299714, -0.10739903180610415, 0.05370023590299714], [0.05370023590299714, 0.10739567180636049, 0.05370023590299714], [-0.05370023590299714, 0.10739567180636049, 0.05370023590299714]], "aabb": [[-0.05370023474097252, -0.10739903151988983, -0.05370023474097252], [0.05370023474097252, 0.10739567130804062, 0.05370023474097252]], "obb": [[[-0.4472135954999612, -0.8944271331891207, -0.00032158216356139685, 3.7790602650914283e-07], [2.4822915578298507e-16, -0.0003595397890374944, 0.999999935365568, -1.012611656229938e-05], [-0.8944271909999144, 0.44721356659456446, 0.00016079108178097742, -1.8895301325457594e-07], [0.0, 0.0, 0.0, 1.0]], [0.14294428311482457, 0.2148498573160444, 0.14290787210729874]], "radius": 0.1174705669720132, "volume": 0.0007042970832529811, "num_verts": 2049, "num_faces": 4070, "num_hulls": 0}