{"bbox": [[-0.04040820096340659, -0.14297475340878377, -0.04040820096340659], [0.04040820096340659, -0.14297475340878377, -0.04040820096340659], [0.04040820096340659, 0.14272380340280064, -0.04040820096340659], [-0.04040820096340659, 0.14272380340280064, -0.04040820096340659], [-0.04040820096340659, -0.14297475340878377, 0.04040820096340659], [0.04040820096340659, -0.14297475340878377, 0.04040820096340659], [0.04040820096340659, 0.14272380340280064, 0.04040820096340659], [-0.04040820096340659, 0.14272380340280064, 0.04040820096340659]], "aabb": [[-0.04040820151567459, -0.14297474920749664, -0.04040820151567459], [0.04040820151567459, 0.14272379875183105, 0.04040820151567459]], "obb": [[[0.9805018881034562, 0.19650966242288825, 6.00384249411917e-17, 7.533321549104891e-21], [6.123233995736766e-17, -0.0, -1.0, -0.00012547500299156522], [-0.19650966242288828, 0.9805018881034563, -1.2032746454385852e-17, -1.5098088973608106e-21], [0.0, 0.0, 0.0, 1.0]], [0.09470164015864001, 0.2856985568115844, 0.09470164015864002]], "radius": 0.14698854907726447, "volume": 0.0010450978811990827, "num_verts": 763, "num_faces": 1518, "num_hulls": 0}