{"bbox": [[-0.10773863178019472, -0.049184996247482585, -0.10773863178019472], [0.10773863178019472, -0.049184996247482585, -0.10773863178019472], [0.10773863178019472, 0.049184996247482585, -0.10773863178019472], [-0.10773863178019472, 0.049184996247482585, -0.10773863178019472], [-0.10773863178019472, -0.049184996247482585, 0.10773071178079896], [0.10773863178019472, -0.049184996247482585, 0.10773071178079896], [0.10773863178019472, 0.049184996247482585, 0.10773071178079896], [-0.10773863178019472, 0.049184996247482585, 0.10773071178079896]], "aabb": [[-0.10773862898349762, -0.049184996634721756, -0.10773862898349762], [0.10773862898349762, 0.049184996634721756, 0.10773070901632309]], "obb": [[[-6.16503459719897e-07, -0.39392011013214945, 0.9191446822090061, 1.3716991786813564e-06], [0.9999999986281348, 4.789918918883218e-05, 2.1199010032404064e-05, 2.0775840487212854e-06], [-5.237700139169537e-05, 0.9191446809611331, 0.3939201095622141, 4.998919430708387e-07], [0.0, 0.0, 0.0, 1.0]], [0.28267131573177645, 0.09839176130365045, 0.28267299768713106]], "radius": 0.11873058296895139, "volume": 0.0010256905752933502, "num_verts": 1527, "num_faces": 2974, "num_hulls": 0}