{"bbox": [[-0.02903112, -0.0752356, -0.02903112], [0.02903112, -0.0752356, -0.02903112], [0.02903112, 0.07523232, -0.02903112], [-0.02903112, 0.07523232, -0.02903112], [-0.02903112, -0.0752356, 0.02903112], [0.02903112, -0.0752356, 0.02903112], [0.02903112, 0.07523232, 0.02903112], [-0.02903112, 0.07523232, 0.02903112]], "aabb": [[-0.029031120240688324, -0.07523559778928757, -0.029031120240688324], [0.029031120240688324, 0.07523231953382492, 0.029031120240688324]], "obb": [[[-0.4472135954999576, -0.8944271909999161, 6.123233995736767e-17, 4.6546511163011065e-18], [8.215180473963038e-17, 2.738393491321017e-17, 1.0, -1.6399999999971993e-06], [-0.894427190999916, 0.4472135954999576, 6.123233995736766e-17, 1.5514834247420173e-18], [0.0, 0.0, 0.0, 1.0]], [0.07653580800000001, 0.15046792, 0.07653580800000001]], "radius": 0.0791331187558787, "volume": 0.00029756491890960206, "num_verts": 716, "num_faces": 1424, "num_hulls": 0}