{"bbox": [[-0.06803496, -0.03993512, -0.0680376], [0.0680376, -0.03993512, -0.0680376], [0.0680376, 0.03993512, -0.0680376], [-0.06803496, 0.03993512, -0.0680376], [-0.06803496, -0.03993512, 0.06803576], [0.0680376, -0.03993512, 0.06803576], [0.0680376, 0.03993512, 0.06803576], [-0.06803496, 0.03993512, 0.06803576]], "aabb": [[-0.06803496181964874, -0.039935119450092316, -0.06803759932518005], [0.06803759932518005, 0.039935119450092316, 0.06803575903177261]], "obb": [[[-9.896975942618954e-18, -0.9191850585041368, 0.3938258856687135, -5.674194633127465e-07], [-1.0, -9.896975942618954e-18, -4.8229761030556155e-17, 1.0153862698633882e-23], [4.8229761030556155e-17, -0.3938258856687135, -0.9191850585041369, 9.409389190169799e-08], [0.0, 0.0, 0.0, 1.0]], [0.1784989199619451, 0.07987024, 0.1784994784379911]], "radius": 0.0789600521914316, "volume": 0.0002565587749568543, "num_verts": 3101, "num_faces": 6066, "num_hulls": 0}