{"bbox": [[-0.04712999640426663, -0.1083988717298224, -0.04712999640426663], [0.04712999640426663, -0.1083988717298224, -0.04712999640426663], [0.04712999640426663, 0.1083988717298224, -0.04712999640426663], [-0.04712999640426663, 0.1083988717298224, -0.04712999640426663], [-0.04712999640426663, -0.1083988717298224, 0.04712999640426663], [0.04712999640426663, -0.1083988717298224, 0.04712999640426663], [0.04712999640426663, 0.1083988717298224, 0.04712999640426663], [-0.04712999640426663, 0.1083988717298224, 0.04712999640426663]], "aabb": [[-0.04712999612092972, -0.10839886963367462, -0.04712999612092972], [0.04712999612092972, 0.10839886963367462, 0.04712999612092972]], "obb": [[[-0.44775314031836955, 0.8941572151109884, 6.123233995736766e-17, -3.09755051325785e-18], [-2.733436606605582e-17, -8.216831107596251e-17, 1.0, 7.5982745888227245e-34], [0.8941572151109884, 0.4477531403183695, 6.123233995736766e-17, -9.311373584878754e-18], [0.0, 0.0, 0.0, 1.0]], [0.12444096768187086, 0.2167977434596448, 0.12444096768187086]], "radius": 0.117551645780565, "volume": 0.0012565067506341088, "num_verts": 450, "num_faces": 892, "num_hulls": 0}