{"bbox": [[-0.0431540967076037, -0.01125761914111182, -0.0431540967076037], [0.0431540967076037, -0.01125761914111182, -0.0431540967076037], [0.0431540967076037, 0.01125761914111182, -0.0431540967076037], [-0.0431540967076037, 0.01125761914111182, -0.0431540967076037], [-0.0431540967076037, -0.01125761914111182, 0.0431540967076037], [0.0431540967076037, -0.01125761914111182, 0.0431540967076037], [0.0431540967076037, 0.01125761914111182, 0.0431540967076037], [-0.0431540967076037, 0.01125761914111182, 0.0431540967076037]], "aabb": [[-0.043154098093509674, -0.011257619597017765, -0.043154098093509674], [0.043154098093509674, 0.011257619597017765, 0.043154098093509674]], "obb": [[[-6.119242672084097e-17, 0.03766647465424509, 0.9992903665537465, 0.0], [0.9980479541801328, 0.06240791280788273, -0.0023523553760547143, 0.0], [-0.06245223099979332, 0.9973397059708817, -0.03759294796984714, 0.0], [0.0, 0.0, 0.0, 1.0]], [0.08975494231264732, 0.027727627985756884, 0.0879667656799082]], "radius": 0.058619579678949076, "volume": 8.95654667820996e-05, "num_verts": 402, "num_faces": 800, "num_hulls": 0}