{"bbox": [[-0.07110784, -0.02482312, -0.03258032], [0.0713664, -0.02482312, -0.03258032], [0.0713664, 0.02482312, -0.03258032], [-0.07110784, 0.02482312, -0.03258032], [-0.07110784, -0.02482312, 0.03258032], [0.0713664, -0.02482312, 0.03258032], [0.0713664, 0.02482312, 0.03258032], [-0.07110784, 0.02482312, 0.03258032]], "aabb": [[-0.07110784202814102, -0.02482311986386776, -0.03258031979203224], [0.07136639952659607, 0.02482311986386776, 0.03258031979203224]], "obb": [[[-1.033302173523846e-05, -0.005354016810424979, -0.9999856670958951, 0.00013073597460679491], [-0.7066271635850425, -0.7075758928365398, 0.003795729222561288, 0.0025122344180511774], [-0.7075860736171864, 0.7066170747870215, -0.0037759823154572274, 0.0005818652627569959], [0.0, 0.0, 0.0, 1.0]], [0.14303663769544053, 0.0702180884463872, 0.07020358158570926]], "radius": 0.07788157526012796, "volume": 0.00022683200551015695, "num_verts": 913, "num_faces": 1806, "num_hulls": 0}