{"bbox": [[-0.0736788, -0.0368394, -0.0640685], [0.0732644, -0.0368394, -0.0640685], [0.0732644, 0.0368394, -0.0640685], [-0.0736788, 0.0368394, -0.0640685], [-0.0736788, -0.0368394, 0.0640685], [0.0732644, -0.0368394, 0.0640685], [0.0732644, 0.0368394, 0.0640685], [-0.0736788, 0.0368394, 0.0640685]], "aabb": [[-0.07367879897356033, -0.03683939948678017, -0.064068503677845], [0.07326439768075943, 0.03683939948678017, 0.064068503677845]], "obb": [[[-0.11344181948954775, -0.03590911963850799, -0.9928955074516593, -0.00016297320422032637], [-0.9376039513188879, 0.3344674466469774, 0.09502819373564858, 0.00028119386351284283], [0.3286788463867268, 0.9417229222336252, -0.07161112816910413, -0.00010616045948728341], [0.0, 0.0, 0.0, 1.0]], [0.15319440569495255, 0.10826959920463675, 0.15314745708147962]], "radius": 0.09736342815667492, "volume": 0.0006139535738860643, "num_verts": 529, "num_faces": 1050, "num_hulls": 0}