{"bbox": [[-0.04656269644754818, -0.0384648570653643, -0.04656269644754818], [0.04656269644754818, -0.0384648570653643, -0.04656269644754818], [0.04656269644754818, 0.0384648570653643, -0.04656269644754818], [-0.04656269644754818, 0.0384648570653643, -0.04656269644754818], [-0.04656269644754818, -0.0384648570653643, 0.04656269644754818], [0.04656269644754818, -0.0384648570653643, 0.04656269644754818], [0.04656269644754818, 0.0384648570653643, 0.04656269644754818], [-0.04656269644754818, 0.0384648570653643, 0.04656269644754818]], "aabb": [[-0.04656269773840904, -0.038464855402708054, -0.04656269773840904], [0.04656269773840904, 0.038464855402708054, 0.04656269773840904]], "obb": [[[1.1256314713968867e-16, 0.9191478491436024, -0.39391272055455334, 6.377869407211983e-18], [1.0, -1.2246467991473532e-16, 0.0, -8.497694209043069e-34], [-4.8240395237055955e-17, -0.39391272055455334, -0.9191478491436025, -2.7333185753275018e-18], [0.0, 0.0, 0.0, 1.0]], [0.12213986392591925, 0.07692971413072862, 0.12213986392591926]], "radius": 0.05940028903105886, "volume": 0.0004208300038256117, "num_verts": 1402, "num_faces": 2788, "num_hulls": 0}