{"bbox": [[-0.024537958127902364, -0.05374973589922059, -0.024537958127902364], [0.024537958127902364, -0.05374973589922059, -0.024537958127902364], [0.024537958127902364, 0.053748655899302986, -0.024537958127902364], [-0.024537958127902364, 0.053748655899302986, -0.024537958127902364], [-0.024537958127902364, -0.05374973589922059, 0.024537958127902364], [0.024537958127902364, -0.05374973589922059, 0.024537958127902364], [0.024537958127902364, 0.053748655899302986, 0.024537958127902364], [-0.024537958127902364, 0.053748655899302986, 0.024537958127902364]], "aabb": [[-0.024537958204746246, -0.05374973639845848, -0.024537958204746246], [0.024537958204746246, 0.05374865606427193, 0.024537958204746246]], "obb": [[[-0.9699649961225032, -0.24324454011770175, -6.123233995736766e-17, -3.30654610540292e-23], [4.4498794016059257e-17, 7.42876587625806e-17, -1.0, -5.399999587971105e-07], [0.24324454011770175, -0.9699649961225033, -6.123233995736766e-17, -3.3065461054029203e-23], [0.0, 0.0, 0.0, 1.0]], [0.05912905142877788, 0.10749839179852358, 0.05912905142877789]], "radius": 0.05871919761973806, "volume": 0.00018268661046376457, "num_verts": 432, "num_faces": 856, "num_hulls": 0}