{"bbox": [[-0.04885575116481188, -0.14046030334883458, -0.04885575116481188], [0.04885575116481188, -0.14046030334883458, -0.04885575116481188], [0.04885575116481188, 0.14020590334276922, -0.04885575116481188], [-0.04885575116481188, 0.14020590334276922, -0.04885575116481188], [-0.04885575116481188, -0.14046030334883458, 0.04885575116481188], [0.04885575116481188, -0.14046030334883458, 0.04885575116481188], [0.04885575116481188, 0.14020590334276922, 0.04885575116481188], [-0.04885575116481188, 0.14020590334276922, 0.04885575116481188]], "aabb": [[-0.048855751752853394, -0.1404602974653244, -0.048855751752853394], [0.048855751752853394, 0.14020590484142303, 0.048855751752853394]], "obb": [[[-0.8960758467578304, -0.44389934394388025, 0.0012038701883263585, 0.00015416844799757604], [1.2294897851018116e-15, 0.002712024195267584, 0.99999632245562, -0.00017515816721951384], [-0.44390097640942133, 0.896072551399136, -0.0024301793772015783, -0.00031121044990718797], [0.0, 0.0, 0.0, 1.0]], [0.13028470399312098, 0.28106639670132877, 0.13063248460889423]], "radius": 0.14695583548651903, "volume": 0.0010670998011227373, "num_verts": 1201, "num_faces": 2394, "num_hulls": 0}