{"bbox": [[-0.034881600000000006, -0.07640728000000001, -0.03654264], [0.034881600000000006, -0.07640728000000001, -0.03654264], [0.034881600000000006, 0.07640568, -0.03654264], [-0.034881600000000006, 0.07640568, -0.03654264], [-0.034881600000000006, -0.07640728000000001, 0.03612584], [0.034881600000000006, -0.07640728000000001, 0.03612584], [0.034881600000000006, 0.07640568, 0.03612584], [-0.034881600000000006, 0.07640568, 0.03612584]], "aabb": [[-0.0348815992474556, -0.0764072835445404, -0.03654263913631439], [0.0348815992474556, 0.07640568166971207, 0.03612583875656128]], "obb": [[[0.999999934574437, 0.0003404188923252926, 0.00012233601107443438, 3.3764333719010135e-06], [8.783786807474854e-05, 0.09955496477910024, -0.9950320604243571, -4.1620842448666096e-05], [-0.00035090686911154413, 0.9950320060695586, 0.09955492836399087, 0.002912756787945248], [0.0, 0.0, 0.0, 1.0]], [0.06980905607888226, 0.15832776577830587, 0.08538474187969587]], "radius": 0.07898126330086994, "volume": 0.00016892332986646565, "num_verts": 2466, "num_faces": 4804, "num_hulls": 0}