{"bbox": [[-0.06712610000000001, -0.0857751, -0.0671259], [0.0671283, -0.0857751, -0.0671259], [0.0671283, 0.0857751, -0.0671259], [-0.06712610000000001, 0.0857751, -0.0671259], [-0.06712610000000001, -0.0857751, 0.0671256], [0.0671283, -0.0857751, 0.0671256], [0.0671283, 0.0857751, 0.0671256], [-0.06712610000000001, 0.0857751, 0.0671256]], "aabb": [[-0.06712610274553299, -0.08577509969472885, -0.06712590157985687], [0.06712830066680908, 0.08577509969472885, 0.067125603556633]], "obb": [[[-0.3714662211975735, 0.928446469382697, -5.685094984545905e-17, -5.587136958656757e-07], [-0.0, -6.123233995736766e-17, -1.0, 3.2979990110807583e-23], [-0.928446469382697, -0.3714662211975735, 2.2745745939048554e-17, 5.3486300798270415e-08], [0.0, 0.0, 0.0, 1.0]], [0.17283849410661117, 0.1715502, 0.17283804928521534]], "radius": 0.09836529235436656, "volume": 0.0005531089423805607, "num_verts": 4659, "num_faces": 9102, "num_hulls": 0}