{"bbox": [[-0.07632544000000001, -0.01825176, -0.07632544000000001], [0.07632544000000001, -0.01825176, -0.07632544000000001], [0.07632544000000001, 0.01825176, -0.07632544000000001], [-0.07632544000000001, 0.01825176, -0.07632544000000001], [-0.07632544000000001, -0.01825176, 0.07632544000000001], [0.07632544000000001, -0.01825176, 0.07632544000000001], [0.07632544000000001, 0.01825176, 0.07632544000000001], [-0.07632544000000001, 0.01825176, 0.07632544000000001]], "aabb": [[-0.0763254389166832, -0.018251759931445122, -0.0763254389166832], [0.0763254389166832, 0.018251759931445122, 0.0763254389166832]], "obb": [[[-7.34670870939559e-17, 0.8000717720879197, -0.5999042919567221, -3.633536538392809e-06], [-1.0, -0.0, 1.224646799147353e-16, 3.46997312280132e-18], [9.798053347756212e-17, 0.5999042919567221, 0.8000717720879195, 2.645683720836086e-06], [0.0, 0.0, 0.0, 1.0]], [0.21269208445504378, 0.03650352000000002, 0.21282530183751028]], "radius": 0.07861657311353121, "volume": 0.0004654899290310644, "num_verts": 907, "num_faces": 1806, "num_hulls": 0}