{"bbox": [[-0.011803600000000001, -0.07756632, -0.026768800000000002], [0.011803600000000001, -0.07756632, -0.026768800000000002], [0.011803600000000001, 0.07735552, -0.026768800000000002], [-0.011803600000000001, 0.07735552, -0.026768800000000002], [-0.011803600000000001, -0.07756632, 0.026768800000000002], [0.011803600000000001, -0.07756632, 0.026768800000000002], [0.011803600000000001, 0.07735552, 0.026768800000000002], [-0.011803600000000001, 0.07735552, 0.026768800000000002]], "aabb": [[-0.011803600005805492, -0.07756631821393967, -0.026768799871206284], [0.011803600005805492, 0.0773555189371109, 0.026768799871206284]], "obb": [[[-1.0, 6.082503812603574e-17, -7.050829286044506e-18, 6.22074376584186e-20], [-0.0, -0.11514878070891243, -0.9933482563035235, -0.0009316582066927392], [-6.123233995736766e-17, -0.9933482563035236, 0.11514878070891243, -0.0010159245539486134], [0.0, 0.0, 0.0, 1.0]], [0.02360720000000001, 0.15784761712680376, 0.07093862279878246]], "radius": 0.07818934856146671, "volume": 4.7411044801122675e-05, "num_verts": 465, "num_faces": 918, "num_hulls": 0}