{"bbox": [[-0.025625398044937284, -0.04911533625279722, -0.029896317719091972], [0.025625398044937284, -0.04911533625279722, -0.029896317719091972], [0.025625398044937284, 0.04911533625279722, -0.029896317719091972], [-0.025625398044937284, 0.04911533625279722, -0.029896317719091972], [-0.025625398044937284, -0.04911533625279722, 0.029896317719091972], [0.025625398044937284, -0.04911533625279722, 0.029896317719091972], [0.025625398044937284, 0.04911533625279722, 0.029896317719091972], [-0.025625398044937284, 0.04911533625279722, 0.029896317719091972]], "aabb": [[-0.025625398382544518, -0.04911533743143082, -0.029896317049860954], [0.025625398382544518, 0.04911533743143082, 0.029896317049860954]], "obb": [[[-5.342516312253087e-17, 1.0, -2.9919080901418285e-17, 1.681638895626243e-20], [-0.4886156714286782, 0.0, 0.872499126437558, 0.00015379927174063686], [0.8724991264375581, 6.123233995736766e-17, 0.48861567142867823, -0.000274632473101153], [0.0, 0.0, 0.0, 1.0]], [0.05125079608987457, 0.10181126535148881, 0.06498142661835093]], "radius": 0.059450152498333006, "volume": 6.964882704343047e-05, "num_verts": 351, "num_faces": 698, "num_hulls": 0}