{"bbox": [[-0.051109201218538305, -0.13829565329722532, -0.051109201218538305], [0.051109201218538305, -0.13829565329722532, -0.051109201218538305], [0.051109201218538305, 0.13829565329722532, -0.051109201218538305], [-0.051109201218538305, 0.13829565329722532, -0.051109201218538305], [-0.051109201218538305, -0.13829565329722532, 0.051109201218538305], [0.051109201218538305, -0.13829565329722532, 0.051109201218538305], [0.051109201218538305, 0.13829565329722532, 0.051109201218538305], [-0.051109201218538305, 0.13829565329722532, 0.051109201218538305]], "aabb": [[-0.051109202206134796, -0.13829565048217773, -0.051109202206134796], [0.051109202206134796, 0.13829565048217773, 0.051109202206134796]], "obb": [[[-0.894427190999916, 0.4472135954999579, 6.123233995736765e-17, 9.309503074677274e-18], [2.738393491321014e-17, -8.215180473963039e-17, 1.0, -7.600568761370645e-34], [0.4472135954999579, 0.8944271909999159, 6.123233995736765e-17, 3.103167691559091e-18], [0.0, 0.0, 0.0, 1.0]], [0.13708260326830396, 0.27659130659445064, 0.13708260326830396]], "radius": 0.14679106822468105, "volume": 0.0015513987176095957, "num_verts": 818, "num_faces": 1628, "num_hulls": 0}