{"bbox": [[-0.029026197785476854, -0.04450679660440089, -0.03555707728721029], [0.029026197785476854, -0.04450679660440089, -0.03555707728721029], [0.029026197785476854, 0.04450679660440089, -0.03555707728721029], [-0.029026197785476854, 0.04450679660440089, -0.03555707728721029], [-0.029026197785476854, -0.04450679660440089, 0.03555707728721029], [0.029026197785476854, -0.04450679660440089, 0.03555707728721029], [0.029026197785476854, 0.04450679660440089, 0.03555707728721029], [-0.029026197785476854, 0.04450679660440089, 0.03555707728721029]], "aabb": [[-0.029026197269558907, -0.04450679570436478, -0.03555707633495331], [0.029026197269558907, 0.04450679570436478, 0.03555707633495331]], "obb": [[[-4.857204052414407e-17, 1.0, 3.728480033439297e-17, -2.6161747111537576e-20], [0.6089069984970703, -1.5538710196725421e-32, 0.7932416196729021, 0.0003279679160525954], [0.7932416196729019, 6.123233995736765e-17, -0.6089069984970703, 0.00042725375397628776], [0.0, 0.0, 0.0, 1.0]], [0.05805239557095372, 0.09465413617008402, 0.07660570553971577]], "radius": 0.05904861488079668, "volume": 7.126153366563192e-05, "num_verts": 495, "num_faces": 986, "num_hulls": 0}