{"bbox": [[-0.0414372568385882, -0.019926118479757806, -0.03985223695951561], [0.0414372568385882, -0.019926118479757806, -0.03985223695951561], [0.0414372568385882, 0.019926118479757806, -0.03985223695951561], [-0.0414372568385882, 0.019926118479757806, -0.03985223695951561], [-0.0414372568385882, -0.019926118479757806, 0.039848276959817734], [0.0414372568385882, -0.019926118479757806, 0.039848276959817734], [0.0414372568385882, 0.019926118479757806, 0.039848276959817734], [-0.0414372568385882, 0.019926118479757806, 0.039848276959817734]], "aabb": [[-0.04143725708127022, -0.01992611773312092, -0.03985223546624184], [0.04143725708127022, 0.01992611773312092, 0.03984827548265457]], "obb": [[[1.5769474138742227e-17, 5.916690918108013e-17, -1.0, 1.1892514436548e-22], [0.9662689556249923, -0.2575350566338237, 0.0, -1.4184342339936646e-07], [-0.2575350566338237, -0.9662689556249923, -6.123233995736766e-17, -1.9421949977459673e-06], [0.0, 0.0, 0.0, 1.0]], [0.0828745136771764, 0.0522800149246561, 0.08808740675657002]], "radius": 0.05828567042875154, "volume": 0.00013695882165422124, "num_verts": 449, "num_faces": 890, "num_hulls": 0}