{"bbox": [[-0.05107540000000001, -0.0903642, -0.0510728], [0.05107540000000001, -0.0903642, -0.0510728], [0.05107540000000001, 0.0903618, -0.0510728], [-0.05107540000000001, 0.0903618, -0.0510728], [-0.05107540000000001, -0.0903642, 0.05107540000000001], [0.05107540000000001, -0.0903642, 0.05107540000000001], [0.05107540000000001, 0.0903618, 0.05107540000000001], [-0.05107540000000001, 0.0903618, 0.05107540000000001]], "aabb": [[-0.05107539892196655, -0.09036420285701752, -0.051072798669338226], [0.05107539892196655, 0.09036179631948471, 0.05107539892196655]], "obb": [[[-0.4472681830290704, 0.8943998940858254, -4.369368497130999e-05, 1.6776631283439533e-06], [5.160386114716075e-05, -2.304664817746035e-05, -0.999999998402947, -1.1636804622172284e-06], [-0.8943998936644143, -0.4472681845695221, -3.58464554891973e-05, 1.4210781402801512e-06], [0.0, 0.0, 0.0, 1.0]], [0.13438004085334898, 0.18073578891493172, 0.13437817340100497]], "radius": 0.09789835612031492, "volume": 0.000520815269814736, "num_verts": 3197, "num_faces": 6270, "num_hulls": 0}