{"bbox": [[-0.0296794, -0.09101700000000001, -0.0366046], [0.0296794, -0.09101700000000001, -0.0366046], [0.0296794, 0.09101700000000001, -0.0366046], [-0.0296794, 0.09101700000000001, -0.0366046], [-0.0296794, -0.09101700000000001, 0.0366046], [0.0296794, -0.09101700000000001, 0.0366046], [0.0296794, 0.09101700000000001, 0.0366046], [-0.0296794, 0.09101700000000001, 0.0366046]], "aabb": [[-0.029679400846362114, -0.09101700037717819, -0.03660459816455841], [0.029679400846362114, 0.09101700037717819, 0.03660459816455841]], "obb": [[[0.4475760642076901, 0.8930976131264013, 0.0453025405057897, -0.003973641647410609], [-0.021743459682264987, 0.06151384642094836, -0.9978693645260114, -0.0012239727680835276], [-0.8939814811892914, 0.44563740880498914, 0.04695115721870537, 0.0027688614360377945], [0.0, 0.0, 0.0, 1.0]], [0.08901146330321008, 0.18832647806346323, 0.08922357354803637]], "radius": 0.09786102219484324, "volume": 0.000217180379940094, "num_verts": 1480, "num_faces": 2936, "num_hulls": 0}