{"bbox": [[-0.031165557622256656, -0.11468939124989386, -0.031165557622256656], [0.031165557622256656, -0.11468939124989386, -0.031165557622256656], [0.031165557622256656, 0.11468939124989386, -0.031165557622256656], [-0.031165557622256656, 0.11468939124989386, -0.031165557622256656], [-0.031165557622256656, -0.11468939124989386, 0.031165557622256656], [0.031165557622256656, -0.11468939124989386, 0.031165557622256656], [0.031165557622256656, 0.11468939124989386, 0.031165557622256656], [-0.031165557622256656, 0.11468939124989386, 0.031165557622256656]], "aabb": [[-0.031165556982159615, -0.11468939483165741, -0.031165556982159615], [0.031165556982159615, 0.11468939483165741, 0.031165556982159615]], "obb": [[[-0.371066820897616, -0.9286061675591739, 6.123233995736766e-17, 5.796543139072207e-18], [7.958201826259414e-17, 3.4139438814389176e-17, 1.0, -6.706561533189376e-34], [-0.9286061675591738, 0.371066820897616, 6.123233995736766e-17, 5.156103024472654e-18], [0.0, 0.0, 0.0, 1.0]], [0.08062283886996914, 0.22937878249978771, 0.08062283886996914]], "radius": 0.11763832037983253, "volume": 0.0004815867827172665, "num_verts": 718, "num_faces": 1432, "num_hulls": 0}