{"bbox": [[-0.06567264, -0.009993680000000001, -0.045328400000000005], [0.06567264, -0.009993680000000001, -0.045328400000000005], [0.06567264, 0.009993680000000001, -0.045328400000000005], [-0.06567264, 0.009993680000000001, -0.045328400000000005], [-0.06567264, -0.009993680000000001, 0.045328400000000005], [0.06567264, -0.009993680000000001, 0.045328400000000005], [0.06567264, 0.009993680000000001, 0.045328400000000005], [-0.06567264, 0.009993680000000001, 0.045328400000000005]], "aabb": [[-0.06567264348268509, -0.009993679821491241, -0.045328401029109955], [0.06567264348268509, 0.009993679821491241, 0.045328401029109955]], "obb": [[[7.604084562054421e-18, 6.0758352138844e-17, -1.0, -3.2106953394152918e-21], [0.9922591914851914, -0.12418412504484855, 0.0, -8.284138497367588e-05], [-0.12418412504484853, -0.9922591914851911, -6.123233995736766e-17, 5.2434634078179976e-05], [0.0, 0.0, 0.0, 1.0]], [0.13134528, 0.03013653246452002, 0.09292600914615513]], "radius": 0.0787551044091773, "volume": 0.00016893409005848593, "num_verts": 290, "num_faces": 576, "num_hulls": 0}