{"bbox": [[-0.0705387016817737, -0.1351992032234002, -0.0705387016817737], [0.0705387016817737, -0.1351992032234002, -0.0705387016817737], [0.0705387016817737, 0.1351992032234002, -0.0705387016817737], [-0.0705387016817737, 0.1351992032234002, -0.0705387016817737], [-0.0705387016817737, -0.1351992032234002, 0.0705387016817737], [0.0705387016817737, -0.1351992032234002, 0.0705387016817737], [0.0705387016817737, 0.1351992032234002, 0.0705387016817737], [-0.0705387016817737, 0.1351992032234002, 0.0705387016817737]], "aabb": [[-0.07053869962692261, -0.13519920408725739, -0.07053869962692261], [0.07053869962692261, 0.13519920408725739, 0.07053869962692261]], "obb": [[[-0.8944271909999162, -0.44721359549995726, -6.123233995736766e-17, 6.206335383118173e-18], [2.7383934913210202e-17, 8.215180473963038e-17, -1.0, -1.1400853142055964e-33], [0.44721359549995726, -0.8944271909999162, -6.123233995736766e-17, 1.241267076623637e-17], [0.0, 0.0, 0.0, 1.0]], [0.18690822445623928, 0.2703984064468004, 0.1869082244562393]], "radius": 0.14746990978969443, "volume": 0.004066834634949034, "num_verts": 502, "num_faces": 1000, "num_hulls": 0}