{"bbox": [[-0.05146896, -0.06398743999999999, -0.05284968], [0.05146896, -0.06398743999999999, -0.05284968], [0.05146896, 0.0639884, -0.05284968], [-0.05146896, 0.0639884, -0.05284968], [-0.05146896, -0.06398743999999999, 0.05284968], [0.05146896, -0.06398743999999999, 0.05284968], [0.05146896, 0.0639884, 0.05284968], [-0.05146896, 0.0639884, 0.05284968]], "aabb": [[-0.05146896094083786, -0.06398744136095047, -0.05284968018531799], [0.05146896094083786, 0.06398840248584747, 0.05284968018531799]], "obb": [[[0.894380748971737, -0.447306467499943, -1.2154423845775366e-06, 3.412768332542919e-08], [8.581537657085421e-07, -1.0013854245673625e-06, 0.9999999999991304, 5.062473858871487e-07], [-0.44730646750077113, -0.894380748972002, -5.117621165230768e-07, 1.4861041095359047e-08], [0.0, 0.0, 0.0, 1.0]], [0.1388208847886973, 0.12797601091528404, 0.14076623130892638]], "radius": 0.07886933375349382, "volume": 0.000504700026579064, "num_verts": 2631, "num_faces": 5210, "num_hulls": 0}