{"bbox": [[-0.03578609726973746, -0.03157595759094562, -0.04841645630611753], [0.03578609726973746, -0.03157595759094562, -0.04841645630611753], [0.03578609726973746, 0.03157595759094562, -0.04841645630611753], [-0.03578609726973746, 0.03157595759094562, -0.04841645630611753], [-0.03578609726973746, -0.03157595759094562, 0.04841645630611753], [0.03578609726973746, -0.03157595759094562, 0.04841645630611753], [0.03578609726973746, 0.03157595759094562, 0.04841645630611753], [-0.03578609726973746, 0.03157595759094562, 0.04841645630611753]], "aabb": [[-0.03578609600663185, -0.03157595917582512, -0.04841645807027817], [0.03578609600663185, 0.03157595917582512, 0.04841645807027817]], "obb": [[[0.00014513555308519937, -0.9354659237846441, -0.3534168705274464, -0.0031192790178969695], [-0.9999998213943648, -0.0003406740086510483, 0.0004910727628536364, 1.7557386900804852e-06], [-0.0005797817777558479, 0.3534167361330847, -0.935465806149069, 0.004897732736939122], [0.0, 0.0, 0.0, 1.0]], [0.09857091722378862, 0.06325555650424858, 0.10895812952487101]], "radius": 0.05878589369698484, "volume": 0.00011031469304753347, "num_verts": 919, "num_faces": 1774, "num_hulls": 0}