{"bbox": [[-0.11448815126524725, -0.02737763791125199, -0.11448815126524725], [0.11448815126524725, -0.02737763791125199, -0.11448815126524725], [0.11448815126524725, 0.02737763791125199, -0.11448815126524725], [-0.11448815126524725, 0.02737763791125199, -0.11448815126524725], [-0.11448815126524725, -0.02737763791125199, 0.11448815126524725], [0.11448815126524725, -0.02737763791125199, 0.11448815126524725], [0.11448815126524725, 0.02737763791125199, 0.11448815126524725], [-0.11448815126524725, 0.02737763791125199, 0.11448815126524725]], "aabb": [[-0.1144881546497345, -0.02737763710319996, -0.1144881546497345], [0.1144881546497345, 0.02737763710319996, 0.1144881546497345]], "obb": [[[-7.34670870939559e-17, 0.8000717720879198, -0.599904291956722, -5.450304391759478e-06], [-1.0, -0.0, 1.2246467991473532e-16, 3.470236208164957e-18], [9.798053347756217e-17, 0.599904291956722, 0.8000717720879198, 3.968525278482648e-06], [0.0, 0.0, 0.0, 1.0]], [0.3190381023418902, 0.05475527582250401, 0.3192379284003444]], "radius": 0.11792485067334471, "volume": 0.0015710281509000073, "num_verts": 907, "num_faces": 1806, "num_hulls": 0}