{"bbox": [[-0.0878455132979192, -0.04010339694035363, -0.08402615358931323], [0.0878455132979192, -0.04010339694035363, -0.08402615358931323], [0.0878455132979192, 0.04010339694035363, -0.08402615358931323], [-0.0878455132979192, 0.04010339694035363, -0.08402615358931323], [-0.0878455132979192, -0.04010339694035363, 0.08402615358931323], [0.0878455132979192, -0.04010339694035363, 0.08402615358931323], [0.0878455132979192, 0.04010339694035363, 0.08402615358931323], [-0.0878455132979192, 0.04010339694035363, 0.08402615358931323]], "aabb": [[-0.08784551173448563, -0.04010339826345444, -0.08402615040540695], [0.08784551173448563, 0.04010339826345444, 0.08402615040540695]], "obb": [[[-0.22786139282009527, 0.06627731276588172, 0.9714352801265866, 0.001853739360531973], [0.9669999266788203, 0.13218634548250424, 0.21780246066364017, -6.577337092085154e-05], [-0.11397511774612352, 0.9890066167020894, -0.09421032137851858, 1.2491531668094732e-05], [0.0, 0.0, 0.0, 1.0]], [0.19620524341082324, 0.1279204001161457, 0.18265702271372908]], "radius": 0.1166558646071457, "volume": 0.001154914687595605, "num_verts": 891, "num_faces": 1778, "num_hulls": 0}