{"bbox": [[-0.023811478183328384, -0.11531999120178289, -0.023811478183328384], [0.023811478183328384, -0.11531999120178289, -0.023811478183328384], [0.023811478183328384, 0.11531999120178289, -0.023811478183328384], [-0.023811478183328384, 0.11531999120178289, -0.023811478183328384], [-0.023811478183328384, -0.11531999120178289, 0.023811478183328384], [0.023811478183328384, -0.11531999120178289, 0.023811478183328384], [0.023811478183328384, 0.11531999120178289, 0.023811478183328384], [-0.023811478183328384, 0.11531999120178289, 0.023811478183328384]], "aabb": [[-0.023811478167772293, -0.11531998962163925, -0.023811478167772293], [0.023811478167772293, 0.11531998962163925, 0.023811478167772293]], "obb": [[[0.31587848418111664, 0.9487996538674005, 7.248505287655892e-06, 1.09023756430505e-07], [2.2908591955208648e-05, 1.2830932398857234e-08, -0.9999999997375982, -1.8158368265710455e-07], [-0.9487996536185268, 0.3158784842642826, -2.17316111022147e-05, -3.268621297281051e-07], [0.0, 0.0, 0.0, 1.0]], [0.060155694485433765, 0.23064174444286936, 0.06015903486265308]], "radius": 0.11759882323220519, "volume": 0.0002997456228356548, "num_verts": 529, "num_faces": 1050, "num_hulls": 0}