{"bbox": [[-0.023585578200563187, -0.05424677586129945, -0.023585578200563187], [0.023585578200563187, -0.05424677586129945, -0.023585578200563187], [0.023585578200563187, 0.05424677586129945, -0.023585578200563187], [-0.023585578200563187, 0.05424677586129945, -0.023585578200563187], [-0.023585578200563187, -0.05424677586129945, 0.023585578200563187], [0.023585578200563187, -0.05424677586129945, 0.023585578200563187], [0.023585578200563187, 0.05424677586129945, 0.023585578200563187], [-0.023585578200563187, 0.05424677586129945, 0.023585578200563187]], "aabb": [[-0.023585578426718712, -0.054246775805950165, -0.023585578426718712], [0.023585578426718712, 0.054246775805950165, 0.023585578426718712]], "obb": [[[0.7071067811865475, 0.7071067811865476, -6.123233995736766e-17, 2.4532694666933987e-18], [8.715763992105247e-33, -8.659560562354933e-17, -1.0, -3.0043885998320047e-34], [-0.7071067811865476, 0.7071067811865475, -6.123233995736766e-17, 2.4532694666933983e-18], [0.0, 0.0, 0.0, 1.0]], [0.06524351502231485, 0.1084935517225989, 0.06524351502231485]], "radius": 0.05870278250443262, "volume": 0.00014393217810230657, "num_verts": 686, "num_faces": 1364, "num_hulls": 0}