{"bbox": [[-0.029697117734289725, -0.05464271583109163, -0.029697117734289725], [0.029697117734289725, -0.05464271583109163, -0.029697117734289725], [0.029697117734289725, 0.05464271583109163, -0.029697117734289725], [-0.029697117734289725, 0.05464271583109163, -0.029697117734289725], [-0.029697117734289725, -0.05464271583109163, 0.029697117734289725], [0.029697117734289725, -0.05464271583109163, 0.029697117734289725], [0.029697117734289725, 0.05464271583109163, 0.029697117734289725], [-0.029697117734289725, 0.05464271583109163, 0.029697117734289725]], "aabb": [[-0.0296971183270216, -0.05464271456003189, -0.0296971183270216], [0.0296971183270216, 0.05464271456003189, 0.0296971183270216]], "obb": [[[0.9700025383122671, 0.2430947874137966, -1.7818657555633885e-16, -3.3653723499347652e-18], [-1.83697019872103e-16, -5.97810219093511e-33, -1.0, -6.9388939039072276e-18], [-0.24309478741379656, 0.9700025383122669, 4.4655787994356833e-17, 8.434044692286087e-19], [0.0, 0.0, 0.0, 1.0]], [0.07198817533862745, 0.10928543166218327, 0.07198817533862743]], "radius": 0.05871859987380288, "volume": 0.00015304963126639608, "num_verts": 1295, "num_faces": 2574, "num_hulls": 0}