{"bbox": [[-0.0352276, -0.07365776, -0.05284144], [0.0352276, -0.07365776, -0.05284144], [0.0352276, 0.07365776, -0.05284144], [-0.0352276, 0.07365776, -0.05284144], [-0.0352276, -0.07365776, 0.05284144], [0.0352276, -0.07365776, 0.05284144], [0.0352276, 0.07365776, 0.05284144], [-0.0352276, 0.07365776, 0.05284144]], "aabb": [[-0.03522760048508644, -0.07365775853395462, -0.052841439843177795], [0.03522760048508644, 0.07365775853395462, 0.052841439843177795]], "obb": [[[-0.4709229436826285, 0.8777569695923151, -0.08817189714077722, 0.00046144587827858435], [0.07693495536977453, 0.14043138930797935, 0.9870967721248417, 0.0006837982775363332], [0.8788131734080564, 0.458063016657257, -0.1336625565194481, -0.0029895825122338428], [0.0, 0.0, 0.0, 1.0]], [0.12006860797907164, 0.16559117232792095, 0.12285036663363352]], "radius": 0.07886156632913653, "volume": 0.00027901344119620283, "num_verts": 3992, "num_faces": 7840, "num_hulls": 0}