{"bbox": [[-0.0491028, -0.09034910000000002, -0.0196411], [0.0491028, -0.09034910000000002, -0.0196411], [0.0491028, 0.09034910000000002, -0.0196411], [-0.0491028, 0.09034910000000002, -0.0196411], [-0.0491028, -0.09034910000000002, 0.0196411], [0.0491028, -0.09034910000000002, 0.0196411], [0.0491028, 0.09034910000000002, 0.0196411], [-0.0491028, 0.09034910000000002, 0.0196411]], "aabb": [[-0.04910280182957649, -0.09034910053014755, -0.019641099497675896], [0.04910280182957649, 0.09034910053014755, 0.019641099497675896]], "obb": [[[6.070531004671303e-17, 1.0, 8.016532217055357e-18, 8.002647506656374e-21], [0.13091990641933296, -0.0, -0.991392948382806, 0.00014685915570873063], [-0.991392948382806, 6.123233995736766e-17, -0.13091990641933296, -0.00013069315189045738], [0.0, 0.0, 0.0, 1.0]], [0.0982056, 0.18330991845711736, 0.04202900240670298]], "radius": 0.09869391086238503, "volume": 0.0003098978543920942, "num_verts": 282, "num_faces": 556, "num_hulls": 0}