{"bbox": [[-0.03421979738923665, -0.0491909362470294, -0.03421979738923665], [0.03421979738923665, -0.0491909362470294, -0.03421979738923665], [0.03421979738923665, 0.049190336247075174, -0.03421979738923665], [-0.03421979738923665, 0.049190336247075174, -0.03421979738923665], [-0.03421979738923665, -0.0491909362470294, 0.03421979738923665], [0.03421979738923665, -0.0491909362470294, 0.03421979738923665], [0.03421979738923665, 0.049190336247075174, 0.03421979738923665], [-0.03421979738923665, 0.049190336247075174, 0.03421979738923665]], "aabb": [[-0.03421979770064354, -0.049190934747457504, -0.03421979770064354], [0.03421979770064354, 0.04919033497571945, 0.03421979770064354]], "obb": [[[-0.44721359549995743, -0.8944271909999161, 2.0461648465436565e-16, -3.1032290764998004e-18], [2.384648896985232e-16, 1.0953573965284056e-16, 1.0, -2.999999771102768e-07], [-0.8944271909999162, 0.44721359549995743, 1.6430360947926083e-16, -6.2063846741972676e-18], [0.0, 0.0, 0.0, 1.0]], [0.09110728104906607, 0.09838127249410461, 0.09110728104906607]], "radius": 0.05937052294781293, "volume": 0.0002991840634631249, "num_verts": 821, "num_faces": 1634, "num_hulls": 0}