{"bbox": [[-0.07481592000000001, -0.022894480000000002, -0.07481592000000001], [0.07481592000000001, -0.022894480000000002, -0.07481592000000001], [0.07481592000000001, 0.022894480000000002, -0.07481592000000001], [-0.07481592000000001, 0.022894480000000002, -0.07481592000000001], [-0.07481592000000001, -0.022894480000000002, 0.07481592000000001], [0.07481592000000001, -0.022894480000000002, 0.07481592000000001], [0.07481592000000001, 0.022894480000000002, 0.07481592000000001], [-0.07481592000000001, 0.022894480000000002, 0.07481592000000001]], "aabb": [[-0.07481592148542404, -0.0228944793343544, -0.07481592148542404], [0.07481592148542404, 0.0228944793343544, 0.07481592148542404]], "obb": [[[9.394192125397457e-06, 0.600100183954901, 0.799924852176155, -4.073565303401649e-07], [0.9999999998774457, -1.5655944966869848e-05, 1.1792737251164124e-09, 3.3283944253195246e-07], [1.2524287145680757e-05, 0.7999248520781096, -0.600100184028431, 1.1233446759818063e-06], [0.0, 0.0, 0.0, 1.0]], [0.20977537817432104, 0.04579293854758762, 0.20964400394728847]], "radius": 0.07871660147692354, "volume": 0.00014360060768027008, "num_verts": 1305, "num_faces": 2550, "num_hulls": 0}