{"bbox": [[-0.0599951, -0.08362950000000001, -0.0127262], [0.0599951, -0.08362950000000001, -0.0127262], [0.0599951, 0.08362950000000001, -0.0127262], [-0.0599951, 0.08362950000000001, -0.0127262], [-0.0599951, -0.08362950000000001, 0.0127262], [0.0599951, -0.08362950000000001, 0.0127262], [0.0599951, 0.08362950000000001, 0.0127262], [-0.0599951, 0.08362950000000001, 0.0127262]], "aabb": [[-0.059995099902153015, -0.08362949639558792, -0.012726199813187122], [0.059995099902153015, 0.08362949639558792, 0.012726199813187122]], "obb": [[[0.049986116521913544, 0.9987499127184231, -6.130888572676956e-17, 6.8893879615032e-08], [-6.1215337600368054e-18, -6.107924841856385e-17, -1.0, -6.76894896558729e-24], [-0.9987499127184232, 0.049986116521913544, 3.0607668800184027e-18, -8.315373475879263e-07], [0.0, 0.0, 0.0, 1.0]], [0.12176876931352872, 0.16725900000000002, 0.02942939317664758]], "radius": 0.09775017704659976, "volume": 0.0002914343296935826, "num_verts": 439, "num_faces": 866, "num_hulls": 0}