{"bbox": [[-0.0135763, -0.06279030000000001, -0.07806360000000001], [0.0135763, -0.06279030000000001, -0.07806360000000001], [0.0135763, 0.06279030000000001, -0.07806360000000001], [-0.0135763, 0.06279030000000001, -0.07806360000000001], [-0.0135763, -0.06279030000000001, 0.07806360000000001], [0.0135763, -0.06279030000000001, 0.07806360000000001], [0.0135763, 0.06279030000000001, 0.07806360000000001], [-0.0135763, 0.06279030000000001, 0.07806360000000001]], "aabb": [[-0.013576299883425236, -0.06279029697179794, -0.07806359976530075], [0.013576299883425236, 0.06279029697179794, 0.07806359976530075]], "obb": [[[0.999799185277601, -0.019562970831622093, 0.004345030550686238, 0.00042638961777697595], [0.019562786092544145, 0.9998086267742649, 8.501797608991158e-05, -8.242388497856074e-06], [-0.0043458622323602454, 1.3549805609090153e-20, 0.9999905566961406, 4.799627148962837e-06], [0.0, 0.0, 0.0, 1.0]], [0.03014936344347112, 0.12617391796159938, 0.15626422446620994]], "radius": 0.09807528432235106, "volume": 0.00023831865406200468, "num_verts": 787, "num_faces": 1542, "num_hulls": 0}