{"bbox": [[-0.1289572530745805, -0.08410245200515871, -0.1289572530745805], [0.1289572530745805, -0.08410245200515871, -0.1289572530745805], [0.1289572530745805, 0.08410245200515871, -0.1289572530745805], [-0.1289572530745805, 0.08410245200515871, -0.1289572530745805], [-0.1289572530745805, -0.08410245200515871, 0.1289572530745805], [0.1289572530745805, -0.08410245200515871, 0.1289572530745805], [0.1289572530745805, 0.08410245200515871, 0.1289572530745805], [-0.1289572530745805, 0.08410245200515871, 0.1289572530745805]], "aabb": [[-0.12895725667476654, -0.08410245180130005, -0.12895725667476654], [0.12895725667476654, 0.08410245180130005, 0.12895725667476654]], "obb": [[[-1.1255986570101634e-16, 0.39397523753852676, -0.9191210541634118, -1.0769027220161687e-06], [-1.0, -0.0, 1.2246467991473532e-16, -1.387758279474404e-17], [4.82480513594875e-17, 0.9191210541634118, 0.39397523753852676, 1.7367964568957624e-06], [0.0, 0.0, 0.0, 1.0]], [0.3383485739541738, 0.16820490401031746, 0.33834843904682027]], "radius": 0.14867807232043026, "volume": 0.002409392099383827, "num_verts": 3278, "num_faces": 6472, "num_hulls": 0}