{"bbox": [[-0.1057452025211621, -0.1216069528993357, -0.1057452025211621], [0.1057452025211621, -0.1216069528993357, -0.1057452025211621], [0.1057452025211621, 0.12160215289922124, -0.1057452025211621], [-0.1057452025211621, 0.12160215289922124, -0.1057452025211621], [-0.1057452025211621, -0.1216069528993357, 0.1057452025211621], [0.1057452025211621, -0.1216069528993357, 0.1057452025211621], [0.1057452025211621, 0.12160215289922124, 0.1057452025211621], [-0.1057452025211621, 0.12160215289922124, 0.1057452025211621]], "aabb": [[-0.10574520379304886, -0.12160695344209671, -0.10574520379304886], [0.10574520379304886, 0.12160215526819229, 0.10574520379304886]], "obb": [[[-0.045537870628390285, -0.9989626130835089, 6.123233995736767e-17, -1.4695761940210853e-22], [6.395720870428195e-17, 5.838042795377753e-17, 1.0, -2.4000000572316216e-06], [-0.9989626130835086, 0.045537870628390285, 6.123233995736766e-17, -1.4695761940210848e-22], [0.0, 0.0, 0.0, 1.0]], [0.2201704874151284, 0.24320910579855695, 0.22017048741512835]], "radius": 0.14752617861238937, "volume": 0.007709541838024999, "num_verts": 534, "num_faces": 1060, "num_hulls": 0}