{"bbox": [[-0.031413237603360164, -0.11559011118117438, -0.03266363750796223], [0.031413237603360164, -0.11559011118117438, -0.03266363750796223], [0.031413237603360164, 0.1152867512043189, -0.03266363750796223], [-0.031413237603360164, 0.1152867512043189, -0.03266363750796223], [-0.031413237603360164, -0.11559011118117438, 0.0326697575074953], [0.031413237603360164, -0.11559011118117438, 0.0326697575074953], [0.031413237603360164, 0.1152867512043189, 0.0326697575074953], [-0.031413237603360164, 0.1152867512043189, 0.0326697575074953]], "aabb": [[-0.0314132384955883, -0.11559011042118073, -0.03266363590955734], [0.0314132384955883, 0.11528675258159637, 0.032669756561517715]], "obb": [[[-0.9188706933348084, 0.39443221703614595, -0.009993752766548238, -0.001756399087767021], [-0.04931974807876841, -0.08969147785610877, 0.9947477073356007, -0.001536750901782703], [0.39146418914104397, 0.9145374049014822, 0.10186816802223911, -0.0034487218499244365], [0.0, 0.0, 0.0, 1.0]], [0.07413388850152056, 0.2373728166123196, 0.1002834478913661]], "radius": 0.11756661200901602, "volume": 0.00028732459070345885, "num_verts": 1480, "num_faces": 2920, "num_hulls": 0}