{"bbox": [[-0.030000597711136036, -0.11500211122603521, -0.030000597711136036], [0.030000597711136036, -0.11500211122603521, -0.030000597711136036], [0.030000597711136036, 0.11500211122603521, -0.030000597711136036], [-0.030000597711136036, 0.11500211122603521, -0.030000597711136036], [-0.030000597711136036, -0.11500211122603521, 0.030000597711136036], [0.030000597711136036, -0.11500211122603521, 0.030000597711136036], [0.030000597711136036, 0.11500211122603521, 0.030000597711136036], [-0.030000597711136036, 0.11500211122603521, 0.030000597711136036]], "aabb": [[-0.03000059723854065, -0.1150021106004715, -0.03000059723854065], [0.03000059723854065, 0.1150021106004715, 0.03000059723854065]], "obb": [[[-0.7070671805140484, -0.7071463796413824, -6.123233995736767e-17, -1.9999998221537162e-08], [-4.8495478892367076e-21, 8.659560548775656e-17, -1.0, -4.2862909047580974e-23], [0.7071463796413824, -0.7070671805140484, -6.123233995736766e-17, 7.200044252518255e-07], [0.0, 0.0, 0.0, 1.0]], [0.08333279336742534, 0.23000422245207042, 0.0833327933270917]], "radius": 0.11803282712356862, "volume": 0.00034896085308332674, "num_verts": 1223, "num_faces": 2366, "num_hulls": 0}