{"bbox": [[-0.017271298682304485, -0.056748535670430325, -0.017271298682304485], [0.017271298682304485, -0.056748535670430325, -0.017271298682304485], [0.017271298682304485, 0.056748535670430325, -0.017271298682304485], [-0.017271298682304485, 0.056748535670430325, -0.017271298682304485], [-0.017271298682304485, -0.056748535670430325, 0.017271298682304485], [0.017271298682304485, -0.056748535670430325, 0.017271298682304485], [0.017271298682304485, 0.056748535670430325, 0.017271298682304485], [-0.017271298682304485, 0.056748535670430325, 0.017271298682304485]], "aabb": [[-0.01727129891514778, -0.056748535484075546, -0.01727129891514778], [0.01727129891514778, 0.056748535484075546, 0.01727129891514778]], "obb": [[[0.8944271909999155, 0.44721359549995837, -6.123233995736765e-17, -0.00012307199061035372], [-2.738393491321008e-17, -8.21518047396304e-17, -1.0, 3.767992984141563e-21], [-0.4472135954999585, 0.8944271909999155, -6.123233995736765e-17, 6.153599530517695e-05], [0.0, 0.0, 0.0, 1.0]], [0.04564384451765104, 0.11349707134086065, 0.0457669165082614]], "radius": 0.05880580503902936, "volume": 7.336352793399522e-05, "num_verts": 1323, "num_faces": 2638, "num_hulls": 0}