{"bbox": [[-0.011573600000000002, -0.060539, -0.08190570000000001], [0.011573600000000002, -0.060539, -0.08190570000000001], [0.011573600000000002, 0.060539, -0.08190570000000001], [-0.011573600000000002, 0.060539, -0.08190570000000001], [-0.011573600000000002, -0.060539, 0.08168310000000001], [0.011573600000000002, -0.060539, 0.08168310000000001], [0.011573600000000002, 0.060539, 0.08168310000000001], [-0.011573600000000002, 0.060539, 0.08168310000000001]], "aabb": [[-0.01157359965145588, -0.06053899973630905, -0.08190570026636124], [0.01157359965145588, 0.06053899973630905, 0.08168309926986694]], "obb": [[[-0.9998315195623599, -0.0032416053338554206, 0.018067221271742893, 0.00046070432753048357], [-0.003119288319016276, 0.9999720541845684, 0.006794180618570278, -6.539174530401857e-05], [-0.018088740420644206, 0.0067366790597762245, -0.999813689956904, -0.0002936055633959975], [0.0, 0.0, 0.0, 1.0]], [0.02644277049324098, 0.12143931439177977, 0.16494813404588787]], "radius": 0.09737195310788216, "volume": 0.00016413237401437583, "num_verts": 1001, "num_faces": 1966, "num_hulls": 0}