{"bbox": [[-0.10508819198240724, -0.052544155991199035, -0.10508819198240724], [0.10508819198240724, -0.052544155991199035, -0.10508819198240724], [0.10508819198240724, 0.052544155991199035, -0.10508819198240724], [-0.10508819198240724, 0.052544155991199035, -0.10508819198240724], [-0.10508819198240724, -0.052544155991199035, 0.10508819198240724], [0.10508819198240724, -0.052544155991199035, 0.10508819198240724], [0.10508819198240724, 0.052544155991199035, 0.10508819198240724], [-0.10508819198240724, 0.052544155991199035, 0.10508819198240724]], "aabb": [[-0.10508818924427032, -0.05254415422677994, -0.10508818924427032], [0.10508818924427032, 0.05254415422677994, 0.10508818924427032]], "obb": [[[0.00012006338276874742, -0.39394093536059704, -0.9191357489685635, 5.367341538846766e-06], [-0.9999999854993791, -0.00015830431536857325, -6.277726769368933e-05, 5.644561093225189e-06], [-0.00012077261991661467, 0.9191357431777754, -0.39394094865476054, -7.614843470131896e-06], [0.0, 0.0, 0.0, 1.0]], [0.275728588687992, 0.10515865687029753, 0.2757270913004877]], "radius": 0.11780682289471049, "volume": 0.0007696245866144073, "num_verts": 3261, "num_faces": 6390, "num_hulls": 0}