{"bbox": [[-0.024798700000000003, -0.0950618, -0.024798700000000003], [0.024798700000000003, -0.0950618, -0.024798700000000003], [0.024798700000000003, 0.0950618, -0.024798700000000003], [-0.024798700000000003, 0.0950618, -0.024798700000000003], [-0.024798700000000003, -0.0950618, 0.024798700000000003], [0.024798700000000003, -0.0950618, 0.024798700000000003], [0.024798700000000003, 0.0950618, 0.024798700000000003], [-0.024798700000000003, 0.0950618, 0.024798700000000003]], "aabb": [[-0.024798700585961342, -0.09506180137395859, -0.024798700585961342], [0.024798700585961342, 0.09506180137395859, 0.024798700585961342]], "obb": [[[0.9863727595858316, 0.1645259224165938, 6.039791213964653e-17, -3.4221679642351385e-18], [6.123233995736766e-17, -0.0, -1.0, -2.1244235522607673e-34], [-0.1645259224165938, 0.9863727595858317, -1.0074307213212369e-17, 5.708139600456082e-19], [0.0, 0.0, 0.0, 1.0]], [0.05630371784564997, 0.1901236, 0.05630371784564996]], "radius": 0.0979872544385238, "volume": 0.00027205291145586337, "num_verts": 624, "num_faces": 1240, "num_hulls": 0}