{"bbox": [[-0.055494560000000005, -0.06717768, -0.055494560000000005], [0.055494560000000005, -0.06717768, -0.055494560000000005], [0.055494560000000005, 0.06717768, -0.055494560000000005], [-0.055494560000000005, 0.06717768, -0.055494560000000005], [-0.055494560000000005, -0.06717768, 0.055494560000000005], [0.055494560000000005, -0.06717768, 0.055494560000000005], [0.055494560000000005, 0.06717768, 0.055494560000000005], [-0.055494560000000005, 0.06717768, 0.055494560000000005]], "aabb": [[-0.05549456179141998, -0.0671776831150055, -0.05549456179141998], [0.05549456179141998, 0.0671776831150055, 0.05549456179141998]], "obb": [[[0.8944540504370786, 0.44715987256929196, 4.529758260813052e-06, 2.270143683871977e-07], [-4.2622613204728597e-16, 1.0130064298781505e-05, -0.9999999999486909, 1.9862571382399638e-08], [-0.4471598725922353, 0.8944540503911851, 9.060877043423751e-06, 5.793811792367558e-07], [0.0, 0.0, 0.0, 1.0]], [0.14720506920111928, 0.13435717278977452, 0.14720590534885422]], "radius": 0.07891641896771545, "volume": 0.0004291068013937133, "num_verts": 2611, "num_faces": 5022, "num_hulls": 0}