{"bbox": [[-0.023492578207658522, -0.05403299587760957, -0.023492578207658522], [0.023198938230061476, -0.05403299587760957, -0.023492578207658522], [0.023198938230061476, 0.05403299587760957, -0.023492578207658522], [-0.023492578207658522, 0.05403299587760957, -0.023492578207658522], [-0.023492578207658522, -0.05403299587760957, 0.023490358207827897], [0.023198938230061476, -0.05403299587760957, 0.023490358207827897], [0.023198938230061476, 0.05403299587760957, 0.023490358207827897], [-0.023492578207658522, 0.05403299587760957, 0.023490358207827897]], "aabb": [[-0.02349257841706276, -0.05403299629688263, -0.02349257841706276], [0.023198937997221947, 0.05403299629688263, 0.023490358144044876]], "obb": [[[-0.9990923793052457, 0.0043549607857463635, 0.04237277346053139, 0.0005850022922019847], [-0.042513818561104595, -0.04019331287452485, -0.9982870693500562, 0.00024041064925885478], [-0.002644398898876653, -0.9991824317494404, 0.04034197860465514, 0.0005626362922821415], [0.0, 0.0, 0.0, 1.0]], [0.04989963337139363, 0.113560186972752, 0.049617648218021976]], "radius": 0.05862980867332636, "volume": 0.00010815664485655673, "num_verts": 1671, "num_faces": 3246, "num_hulls": 0}