{"bbox": [[-0.08072200000000002, -0.050893200000000006, -0.0491383], [0.0807272, -0.050893200000000006, -0.0491383], [0.0807272, 0.050893200000000006, -0.0491383], [-0.08072200000000002, 0.050893200000000006, -0.0491383], [-0.08072200000000002, -0.050893200000000006, 0.0491383], [0.0807272, -0.050893200000000006, 0.0491383], [0.0807272, 0.050893200000000006, 0.0491383], [-0.08072200000000002, 0.050893200000000006, 0.0491383]], "aabb": [[-0.08072199672460556, -0.05089319869875908, -0.049138300120830536], [0.08072719722986221, 0.05089319869875908, 0.049138300120830536]], "obb": [[[-6.112657895529668e-17, -3.5973326057686425e-18, -1.0, 2.5999999999915035e-06], [-0.058748899817861695, 0.998272791760945, 0.0, 0.00021201316551829348], [0.9982727917609451, 0.058748899817861695, -6.123233995736766e-17, -9.072915939162114e-05], [0.0, 0.0, 0.0, 1.0]], [0.16144920000000001, 0.10808276838608175, 0.10149718374439685]], "radius": 0.097743615756171, "volume": 0.0007254896861296256, "num_verts": 1135, "num_faces": 2218, "num_hulls": 0}