{"bbox": [[-0.0512635512222183, -0.13871325330718168, -0.0512635512222183], [0.0512635512222183, -0.13871325330718168, -0.0512635512222183], [0.0512635512222183, 0.13871325330718168, -0.0512635512222183], [-0.0512635512222183, 0.13871325330718168, -0.0512635512222183], [-0.0512635512222183, -0.13871325330718168, 0.0512635512222183], [0.0512635512222183, -0.13871325330718168, 0.0512635512222183], [0.0512635512222183, 0.13871325330718168, 0.0512635512222183], [-0.0512635512222183, 0.13871325330718168, 0.0512635512222183]], "aabb": [[-0.05126355215907097, -0.13871325552463531, -0.05126355215907097], [0.05126355215907097, 0.13871325552463531, 0.05126355215907097]], "obb": [[[-0.8942481976743651, 0.4475714031929986, 6.123233995736765e-17, 6.2050933674226784e-18], [2.7351065330750275e-17, -8.21627539617698e-17, 1.0, -1.8978614048891142e-34], [0.4475714031929986, 0.894248197674365, 6.123233995736765e-17, -3.105650481179102e-18], [0.0, 0.0, 0.0, 1.0]], [0.13390002604017207, 0.27742650661436336, 0.13390002604017204]], "radius": 0.14689385336667798, "volume": 0.0019064883775675471, "num_verts": 577, "num_faces": 1142, "num_hulls": 0}