{"bbox": [[-0.044412200000000006, -0.08171840000000001, -0.0390827], [0.044412200000000006, -0.08171840000000001, -0.0390827], [0.044412200000000006, 0.08171840000000001, -0.0390827], [-0.044412200000000006, 0.08171840000000001, -0.0390827], [-0.044412200000000006, -0.08171840000000001, 0.0390827], [0.044412200000000006, -0.08171840000000001, 0.0390827], [0.044412200000000006, 0.08171840000000001, 0.0390827], [-0.044412200000000006, 0.08171840000000001, 0.0390827]], "aabb": [[-0.04441219940781593, -0.08171840012073517, -0.03908269852399826], [0.04441219940781593, 0.08171840012073517, 0.03908269852399826]], "obb": [[[-5.657702098699409e-17, 1.0, -2.3418799134282584e-17, 9.828537232508938e-21], [-0.3824580140263733, 0.0, 0.9239728716293582, 0.0004338220283461816], [0.9239728716293583, 6.123233995736766e-17, 0.38245801402637336, -0.00016051219403589588], [0.0, 0.0, 0.0, 1.0]], [0.08882440000000001, 0.1691420193191919, 0.0827970806534005]], "radius": 0.09770658740085032, "volume": 0.0002491002219414344, "num_verts": 240, "num_faces": 476, "num_hulls": 0}