{"bbox": [[-0.013888318940405354, -0.07264679445748944, -0.09828683250130978], [0.013888318940405354, -0.07264679445748944, -0.09828683250130978], [0.013888318940405354, 0.07264679445748944, -0.09828683250130978], [-0.013888318940405354, 0.07264679445748944, -0.09828683250130978], [-0.013888318940405354, -0.07264679445748944, 0.09801971252168941], [0.013888318940405354, -0.07264679445748944, 0.09801971252168941], [0.013888318940405354, 0.07264679445748944, 0.09801971252168941], [-0.013888318940405354, 0.07264679445748944, 0.09801971252168941]], "aabb": [[-0.01388831902295351, -0.07264679670333862, -0.09828682988882065], [0.01388831902295351, 0.07264679670333862, 0.09801971167325974]], "obb": [[[-0.9998315195623599, -0.0032416053338554253, 0.018067221271742893, 0.0005528451508578437], [-0.003119288319016272, 0.9999720541845684, 0.006794180618570722, -7.847008837802304e-05], [-0.018088740420644206, 0.006736679059776669, -0.999813689956904, -0.00035232664919481897], [0.0, 0.0, 0.0, 1.0]], [0.031731322170981416, 0.14572716615203532, 0.19793774575361395]], "radius": 0.1168463348147907, "volume": 0.0002836206773812151, "num_verts": 1001, "num_faces": 1966, "num_hulls": 0}