{"bbox": [[-0.03009731770375689, -0.11535827119886237, -0.03009731770375689], [0.03009731770375689, -0.11535827119886237, -0.03009731770375689], [0.03009731770375689, 0.11537291119774543, -0.03009731770375689], [-0.03009731770375689, 0.11537291119774543, -0.03009731770375689], [-0.03009731770375689, -0.11535827119886237, 0.03009731770375689], [0.03009731770375689, -0.11535827119886237, 0.03009731770375689], [0.03009731770375689, 0.11537291119774543, 0.03009731770375689], [-0.03009731770375689, 0.11537291119774543, 0.03009731770375689]], "aabb": [[-0.030097316950559616, -0.11535827070474625, -0.030097316950559616], [0.030097316950559616, 0.1153729110956192, 0.030097316950559616]], "obb": [[[0.8944271909999219, 0.4472135954999461, -6.123233995736766e-17, -7.75747100820313e-18], [-2.7383934913211237e-17, -8.215180473963003e-17, -1.0, 7.3199994415212855e-06], [-0.4472135954999461, 0.8944271909999219, -6.123233995736766e-17, -2.3273309465998996e-17], [0.0, 0.0, 0.0, 1.0]], [0.07974964191558483, 0.23073118239660778, 0.07974964191558485]], "radius": 0.11765292966420987, "volume": 0.0004708201901023952, "num_verts": 802, "num_faces": 1596, "num_hulls": 0}