{"bbox": [[-0.0709271945886845, -0.08877959322665457, -0.0709271945886845], [0.0709271945886845, -0.08877959322665457, -0.0709271945886845], [0.0709271945886845, 0.08876387322785391, -0.0709271945886845], [-0.0709271945886845, 0.08876387322785391, -0.0709271945886845], [-0.0709271945886845, -0.08877959322665457, 0.0709271945886845], [0.0709271945886845, -0.08877959322665457, 0.0709271945886845], [0.0709271945886845, 0.08876387322785391, 0.0709271945886845], [-0.0709271945886845, 0.08876387322785391, 0.0709271945886845]], "aabb": [[-0.070927195250988, -0.08877959102392197, -0.070927195250988], [0.070927195250988, 0.08876387029886246, 0.070927195250988]], "obb": [[[0.38243377735354955, -0.9239829034885308, -6.123233995736765e-17, 2.6531861201714127e-18], [-7.999495032729815e-17, 3.316032019511256e-17, -1.0, -7.859999400339213e-06], [0.9239829034885307, 0.3824337773535496, -6.123233995736765e-17, 6.41093805017572e-18], [0.0, 0.0, 0.0, 1.0]], [0.14550821620034865, 0.17754346645450847, 0.1450218448032585]], "radius": 0.11684565511416344, "volume": 0.0006641985570751747, "num_verts": 1104, "num_faces": 2196, "num_hulls": 0}