{"bbox": [[-0.02140872, -0.075754, -0.02140872], [0.02140872, -0.075754, -0.02140872], [0.02140872, 0.07575016, -0.02140872], [-0.02140872, 0.07575016, -0.02140872], [-0.02140872, -0.075754, 0.02140872], [0.02140872, -0.075754, 0.02140872], [0.02140872, 0.07575016, 0.02140872], [-0.02140872, 0.07575016, 0.02140872]], "aabb": [[-0.021408719941973686, -0.07575400173664093, -0.021408719941973686], [0.021408719941973686, 0.07575015723705292, 0.021408719941973686]], "obb": [[[-0.371546861402015, 0.928414201626791, 6.123233995736766e-17, 6.442050077876319e-18], [-3.409829028779861e-17, -7.95996577427209e-17, 1.0, -1.9200000000024753e-06], [0.9284142016267911, 0.371546861402015, 6.123233995736766e-17, 2.5780066855055872e-18], [0.0, 0.0, 0.0, 1.0]], [0.055250384712434354, 0.15150416, 0.05525038471243436]], "radius": 0.07836192892984706, "volume": 0.00015203227716278754, "num_verts": 1060, "num_faces": 2112, "num_hulls": 0}