{"bbox": [[-0.026822, -0.07711336, -0.026822], [0.026822, -0.07711336, -0.026822], [0.026822, 0.07711336, -0.026822], [-0.026822, 0.07711336, -0.026822], [-0.026822, -0.07711336, 0.026822], [0.026822, -0.07711336, 0.026822], [0.026822, 0.07711336, 0.026822], [-0.026822, 0.07711336, 0.026822]], "aabb": [[-0.026822000741958618, -0.07711336016654968, -0.026822000741958618], [0.026822000741958618, 0.07711336016654968, 0.026822000741958618]], "obb": [[[-0.8944271909999162, 0.44721359549995754, 6.123233995736766e-17, 1.5515838457795442e-18], [2.7383934913210177e-17, -8.215180473963038e-17, 1.0, -2.850213285513991e-34], [0.44721359549995754, 0.894427190999916, 6.123233995736765e-17, 3.1031676915590916e-18], [0.0, 0.0, 0.0, 1.0]], [0.070403136, 0.15422672, 0.07040313599999999]], "radius": 0.07873571397334798, "volume": 0.0002634821449168967, "num_verts": 492, "num_faces": 980, "num_hulls": 0}