{"bbox": [[-0.06024527540365026, -0.10658783186799378, -0.06024527540365026], [0.06024527540365026, -0.10658783186799378, -0.06024527540365026], [0.06024527540365026, 0.10658783186799378, -0.06024527540365026], [-0.06024527540365026, 0.10658783186799378, -0.06024527540365026], [-0.06024527540365026, -0.10658783186799378, 0.06024527540365026], [0.06024527540365026, -0.10658783186799378, 0.06024527540365026], [0.06024527540365026, 0.10658783186799378, 0.06024527540365026], [-0.06024527540365026, 0.10658783186799378, 0.06024527540365026]], "aabb": [[-0.06024527549743652, -0.10658783465623856, -0.06024527549743652], [0.06024527549743652, 0.10658783465623856, 0.06024527549743652]], "obb": [[[0.7071983512098524, -0.7070151993034283, -6.123233995736767e-17, 6.301864477428171e-07], [-8.659560489734514e-17, -1.1214819797996694e-20, -1.0, -5.512258167274895e-23], [0.7070151993034283, 0.7071983512098523, -6.123233995736766e-17, 2.7003362732090623e-07], [0.0, 0.0, 0.0, 1.0]], [0.16991596409320042, 0.21317566373598756, 0.16991596414004534]], "radius": 0.11795491949378797, "volume": 0.0023486355376748135, "num_verts": 685, "num_faces": 1354, "num_hulls": 0}