{"bbox": [[-0.04226429677549005, -0.011025479158822696, -0.04226429677549005], [0.04226429677549005, -0.011025479158822696, -0.04226429677549005], [0.04226429677549005, 0.011025479158822696, -0.04226429677549005], [-0.04226429677549005, 0.011025479158822696, -0.04226429677549005], [-0.04226429677549005, -0.011025479158822696, 0.04226429677549005], [0.04226429677549005, -0.011025479158822696, 0.04226429677549005], [0.04226429677549005, 0.011025479158822696, 0.04226429677549005], [-0.04226429677549005, 0.011025479158822696, 0.04226429677549005]], "aabb": [[-0.04226429760456085, -0.011025479063391685, -0.04226429760456085], [0.04226429760456085, 0.011025479063391685, 0.04226429760456085]], "obb": [[[0.022218142347449163, 0.9997526580952508, -0.0009883228768070183, 1.5192393004204542e-05], [0.9987650131283287, -0.022240113117525596, -0.04442776068280949, 0.0006829387606312254], [-0.044438752248435305, -1.2239381438427526e-16, -0.9990121106866533, -2.993265163587643e-05], [0.0, 0.0, 0.0, 1.0]], [0.08507732750256781, 0.02842598198543899, 0.08545103145142172]], "radius": 0.058898794522813554, "volume": 8.475576631734236e-05, "num_verts": 473, "num_faces": 938, "num_hulls": 0}