{"bbox": [[-0.04788504, -0.06293456, -0.04378056], [0.04788504, -0.06293456, -0.04378056], [0.04788504, 0.06293456, -0.04378056], [-0.04788504, 0.06293456, -0.04378056], [-0.04788504, -0.06293456, 0.04378056], [0.04788504, -0.06293456, 0.04378056], [0.04788504, 0.06293456, 0.04378056], [-0.04788504, 0.06293456, 0.04378056]], "aabb": [[-0.04788504168391228, -0.06293456256389618, -0.04378056153655052], [0.04788504168391228, 0.06293456256389618, 0.04378056153655052]], "obb": [[[-0.8943743991336228, -0.44731916365652324, -6.123233995736766e-17, -0.00369431972647616], [2.737423815845481e-17, 8.215503635537803e-17, -1.0, 2.178331507868333e-19], [0.4473191636565232, -0.8943743991336226, -6.123233995736766e-17, 0.00013683440191568754], [0.0, 0.0, 0.0, 1.0]], [0.11902948097654842, 0.12586912, 0.11903060863615916]], "radius": 0.07838436318617636, "volume": 0.0005749883329931782, "num_verts": 1557, "num_faces": 3094, "num_hulls": 0}