{"bbox": [[-0.061359115318671005, -0.10855835171765506, -0.061359115318671005], [0.061359115318671005, -0.10855835171765506, -0.061359115318671005], [0.061359115318671005, 0.10855835171765506, -0.061359115318671005], [-0.061359115318671005, 0.10855835171765506, -0.061359115318671005], [-0.061359115318671005, -0.10855835171765506, 0.061359115318671005], [0.061359115318671005, -0.10855835171765506, 0.061359115318671005], [0.061359115318671005, 0.10855835171765506, 0.061359115318671005], [-0.061359115318671005, 0.10855835171765506, 0.061359115318671005]], "aabb": [[-0.061359114944934845, -0.10855834931135178, -0.061359114944934845], [0.061359114944934845, 0.10855834931135178, 0.061359114944934845]], "obb": [[[-0.4472204594336775, 0.8944237590001344, -6.123233995736766e-17, 6.18844916744893e-07], [8.2152014884976e-17, -2.738330446910981e-17, -1.0, -1.0312118995820445e-23], [-0.8944237590001344, -0.44722045943367755, -6.123233995736766e-17, -4.5043523318551665e-07], [0.0, 0.0, 0.0, 1.0]], [0.16425582872428932, 0.21711670343531012, 0.16425556606344435]], "radius": 0.11745411569192342, "volume": 0.0007702334115579934, "num_verts": 3556, "num_faces": 6932, "num_hulls": 0}