{"bbox": [[-0.0550049, -0.0816241, -0.055007600000000004], [0.0550056, -0.0816241, -0.055007600000000004], [0.0550056, 0.0816241, -0.055007600000000004], [-0.0550049, 0.0816241, -0.055007600000000004], [-0.0550049, -0.0816241, 0.055007600000000004], [0.0550056, -0.0816241, 0.055007600000000004], [0.0550056, 0.0816241, 0.055007600000000004], [-0.0550049, 0.0816241, 0.055007600000000004]], "aabb": [[-0.055004898458719254, -0.0816240981221199, -0.05500759929418564], [0.055005598813295364, 0.0816240981221199, 0.05500759929418564]], "obb": [[[0.4472378085267147, -0.8944150840768629, -6.123233995736767e-17, -3.406540750982657e-07], [-8.215254602468795e-17, 2.7381710957696147e-17, -1.0, 5.339277925090127e-23], [0.8944150840768629, 0.44723780852671463, -6.123233995736767e-17, -5.313161825805262e-07], [0.0, 0.0, 0.0, 1.0]], [0.14692362772175194, 0.1632482, 0.14692355311966637]], "radius": 0.09798423142062197, "volume": 0.0014689297663016442, "num_verts": 655, "num_faces": 1278, "num_hulls": 0}