{"bbox": [[-0.03950224, -0.07268408, -0.03950224], [0.03950224, -0.07268408, -0.03950224], [0.03950224, 0.07268416, -0.03950224], [-0.03950224, 0.07268416, -0.03950224], [-0.03950224, -0.07268408, 0.03950224], [0.03950224, -0.07268408, 0.03950224], [0.03950224, 0.07268416, 0.03950224], [-0.03950224, 0.07268416, 0.03950224]], "aabb": [[-0.03950224071741104, -0.07268407940864563, -0.03950224071741104], [0.03950224071741104, 0.0726841613650322, 0.03950224071741104]], "obb": [[[-0.44774052710549933, 0.8941635311212875, 6.123233995736765e-17, 2.449293597855276e-24], [-2.733552514668405e-17, -8.216792548351389e-17, 1.0, 3.9999999992823554e-08], [0.8941635311212874, 0.4477405271054994, 6.123233995736766e-17, 2.4492935978552756e-24], [0.0, 0.0, 0.0, 1.0]], [0.10430082346756366, 0.14536823999999998, 0.10430082346756366]], "radius": 0.07846470501502188, "volume": 0.0006317766460499269, "num_verts": 1060, "num_faces": 2112, "num_hulls": 0}