{"bbox": [[-0.09493560000000001, -0.0371487, -0.0371487], [0.09493560000000001, -0.0371487, -0.0371487], [0.09493560000000001, 0.0371487, -0.0371487], [-0.09493560000000001, 0.0371487, -0.0371487], [-0.09493560000000001, -0.0371487, 0.0371487], [0.09493560000000001, -0.0371487, 0.0371487], [0.09493560000000001, 0.0371487, 0.0371487], [-0.09493560000000001, 0.0371487, 0.0371487]], "aabb": [[-0.09493560343980789, -0.037148699164390564, -0.037148699164390564], [0.09493560343980789, 0.037148699164390564, 0.037148699164390564]], "obb": [[[-0.008722836192758864, -0.020790804853734, -0.9997457949710457, -0.0], [0.9235653033512072, -0.38344116025325736, -8.4079892264857e-05, 0.0], [-0.38334193949338075, -0.9233312618216553, 0.02254636042210516, -0.0], [0.0, 0.0, 0.0, 1.0]], [0.19287528329283496, 0.09608549549423034, 0.10034889696977575]], "radius": 0.09884764412539583, "volume": 0.0007966716175051132, "num_verts": 538, "num_faces": 1072, "num_hulls": 0}