{"bbox": [[-0.017705398649185286, -0.1163494711232398, -0.04015319693655419], [0.017705398649185286, -0.1163494711232398, -0.04015319693655419], [0.017705398649185286, 0.11603327114736396, -0.04015319693655419], [-0.017705398649185286, 0.11603327114736396, -0.04015319693655419], [-0.017705398649185286, -0.1163494711232398, 0.04015319693655419], [0.017705398649185286, -0.1163494711232398, 0.04015319693655419], [0.017705398649185286, 0.11603327114736396, 0.04015319693655419], [-0.017705398649185286, 0.11603327114736396, 0.04015319693655419]], "aabb": [[-0.01770539954304695, -0.1163494735956192, -0.040153197944164276], [0.01770539954304695, 0.11603327095508575, 0.040153197944164276]], "obb": [[[-1.0, 6.082503812603574e-17, -7.050829286044506e-18, 9.331114936855195e-20], [-0.0, -0.11514878070891243, -0.9933482563035235, -0.0013974872034193033], [-6.123233995736766e-17, -0.9933482563035236, 0.11514878070891243, -0.0015238867146595868], [0.0, 0.0, 0.0, 1.0]], [0.03541079729837058, 0.2367714076259808, 0.1064079260798932]], "radius": 0.11728401389413994, "volume": 0.00016001223957989107, "num_verts": 465, "num_faces": 918, "num_hulls": 0}