{"bbox": [[-0.05282639596966583, -0.10565267193934082, -0.05282639596966583], [0.05282639596966583, -0.10565267193934082, -0.05282639596966583], [0.05282639596966583, 0.10565267193934082, -0.05282639596966583], [-0.05282639596966583, 0.10565267193934082, -0.05282639596966583], [-0.05282639596966583, -0.10565267193934082, 0.05282639596966583], [0.05282639596966583, -0.10565267193934082, 0.05282639596966583], [0.05282639596966583, 0.10565267193934082, 0.05282639596966583], [-0.05282639596966583, 0.10565267193934082, 0.05282639596966583]], "aabb": [[-0.052826397120952606, -0.10565267503261566, -0.052826397120952606], [0.052826397120952606, 0.10565267503261566, 0.052826397120952606]], "obb": [[[-0.4468118692754593, -0.894627941193472, -1.762100272464435e-05, -0.0], [-3.814661206244422e-18, -1.969645917577472e-05, 0.9999999998060247, 0.0], [-0.8946279413670076, 0.44681186918878885, 8.800611742432264e-06, -0.0], [0.0, 0.0, 0.0, 1.0]], [0.14052996697628017, 0.21130938957000242, 0.14052628025212766]], "radius": 0.11736510829799265, "volume": 0.0018459975471803642, "num_verts": 272, "num_faces": 540, "num_hulls": 0}