{"bbox": [[-0.017133058692851356, -0.05680139566639743, -0.017133058692851356], [0.017133058692851356, -0.05680139566639743, -0.017133058692851356], [0.017133058692851356, 0.05680139566639743, -0.017133058692851356], [-0.017133058692851356, 0.05680139566639743, -0.017133058692851356], [-0.017133058692851356, -0.05680139566639743, 0.017133058692851356], [0.017133058692851356, -0.05680139566639743, 0.017133058692851356], [0.017133058692851356, 0.05680139566639743, 0.017133058692851356], [-0.017133058692851356, 0.05680139566639743, 0.017133058692851356]], "aabb": [[-0.017133058980107307, -0.05680139735341072, -0.017133058980107307], [0.017133058980107307, 0.05680139735341072, 0.017133058980107307]], "obb": [[[-0.9949648579250472, 0.10022440568140521, 6.09240264261005e-17, 3.4519777936290158e-18], [6.123233995736767e-17, -7.664930453963359e-34, 1.0, -2.1244235522607677e-34], [0.10022440568140521, 0.994964857925047, -6.136974880708935e-18, -3.477232588027138e-19], [0.0, 0.0, 0.0, 1.0]], [0.03713569720369474, 0.11360279133279486, 0.03713569720369472]], "radius": 0.05879566440194974, "volume": 8.278501949016964e-05, "num_verts": 548, "num_faces": 1092, "num_hulls": 0}