{"bbox": [[-0.041624400000000006, -0.08703280000000001, -0.0245962], [0.041624400000000006, -0.08703280000000001, -0.0245962], [0.041624400000000006, 0.0870244, -0.0245962], [-0.041624400000000006, 0.0870244, -0.0245962], [-0.041624400000000006, -0.08703280000000001, 0.0245962], [0.041624400000000006, -0.08703280000000001, 0.0245962], [0.041624400000000006, 0.0870244, 0.0245962], [-0.041624400000000006, 0.0870244, 0.0245962]], "aabb": [[-0.04162440076470375, -0.08703280240297318, -0.0245961993932724], [0.04162440076470375, 0.08702439814805984, 0.0245961993932724]], "obb": [[[-6.119332199128158e-17, 1.0, -2.1855892399938564e-18, -1.4009511233873756e-20], [-0.03569338100610803, 3.854315904130688e-34, 0.9993627882567735, -0.00021514247441485528], [0.9993627882567734, 6.123233995736765e-17, 0.03569338100610803, 0.0002287926811816717], [0.0, 0.0, 0.0, 1.0]], [0.08324880000000001, 0.1763589439750723, 0.054219970540350944]], "radius": 0.09730984320802291, "volume": 0.0005221393264861612, "num_verts": 195, "num_faces": 378, "num_hulls": 0}