{"bbox": [[-0.011681440000000001, -0.04964608, -0.06716816], [0.011681440000000001, -0.04964608, -0.06716816], [0.011681440000000001, 0.04964608, -0.06716816], [-0.011681440000000001, 0.04964608, -0.06716816], [-0.011681440000000001, -0.04964608, 0.06716816], [0.011681440000000001, -0.04964608, 0.06716816], [0.011681440000000001, 0.04964608, 0.06716816], [-0.011681440000000001, 0.04964608, 0.06716816]], "aabb": [[-0.01168144028633833, -0.049646079540252686, -0.06716816127300262], [0.01168144028633833, 0.049646079540252686, 0.06716816127300262]], "obb": [[[-0.9996800212875477, 0.0182311239345424, 0.017535140678392683, -0.0003901357108506877], [0.018228319923445542, 0.9998337992486969, -0.0003197384636904213, -5.945647741857786e-05], [-0.017538055516395906, -1.225840288734326e-16, -0.9998461964765899, 2.7643690573150455e-05], [0.0, 0.0, 0.0, 1.0]], [0.02626546817799496, 0.09994451400923533, 0.1349357338727498]], "radius": 0.07859028620742836, "volume": 0.00013669193985305826, "num_verts": 518, "num_faces": 1008, "num_hulls": 0}