{"bbox": [[-0.04208325100334289, -0.137897853287741, -0.04058025096750858], [0.04208325100334289, -0.137897853287741, -0.04058025096750858], [0.04208325100334289, 0.1382736032966996, -0.04058025096750858], [-0.04208325100334289, 0.1382736032966996, -0.04058025096750858], [-0.04208325100334289, -0.137897853287741, 0.04058025096750858], [0.04208325100334289, -0.137897853287741, 0.04058025096750858], [0.04208325100334289, 0.1382736032966996, 0.04058025096750858], [-0.04208325100334289, 0.1382736032966996, 0.04058025096750858]], "aabb": [[-0.0420832522213459, -0.13789784908294678, -0.040580250322818756], [0.0420832522213459, 0.13827359676361084, 0.040580250322818756]], "obb": [[[6.087117471563538e-17, 1.0, -6.64074885786508e-18, 2.8472198834135123e-20], [-0.1084516590822534, -0.0, -0.9941017239912154, 0.0005058342715602867], [-0.9941017239912154, 6.123233995736766e-17, 0.1084516590822534, -0.00046498629407203086], [0.0, 0.0, 0.0, 1.0]], [0.08416650200668578, 0.28619402267640137, 0.10519011586123962]], "radius": 0.14662099877962068, "volume": 0.0005324331234351046, "num_verts": 432, "num_faces": 844, "num_hulls": 0}