{"bbox": [[-0.04294715672339198, -0.10975379162645021, -0.04294715672339198], [0.04294715672339198, -0.10975379162645021, -0.04294715672339198], [0.04294715672339198, 0.10975031162671572, -0.04294715672339198], [-0.04294715672339198, 0.10975031162671572, -0.04294715672339198], [-0.04294715672339198, -0.10975379162645021, 0.04294715672339198], [0.04294715672339198, -0.10975379162645021, 0.04294715672339198], [0.04294715672339198, 0.10975031162671572, 0.04294715672339198], [-0.04294715672339198, 0.10975031162671572, 0.04294715672339198]], "aabb": [[-0.042947158217430115, -0.1097537949681282, -0.042947158217430115], [0.042947158217430115, 0.10975030809640884, 0.042947158217430115]], "obb": [[[-0.9805532028684607, 0.19625344925479266, -6.123233995736766e-17, 8.050031894172096e-07], [7.205862498690275e-17, 4.802450914175181e-17, -1.0, -1.7399998672450836e-06], [-0.19625344925479266, -0.9805532028684606, -6.123233995736766e-17, -0.00119372599627742], [0.0, 0.0, 0.0, 1.0]], [0.0998487836838868, 0.21950410325316594, 0.10058393865575042]], "radius": 0.11739683242866447, "volume": 0.0010782694070579858, "num_verts": 432, "num_faces": 856, "num_hulls": 0}