{"bbox": [[-0.053398075926050115, -0.10679423185224671, -0.053398075926050115], [0.053398075926050115, -0.10679423185224671, -0.053398075926050115], [0.053398075926050115, 0.10679627185209108, -0.053398075926050115], [-0.053398075926050115, 0.10679627185209108, -0.053398075926050115], [-0.053398075926050115, -0.10679423185224671, 0.053398075926050115], [0.053398075926050115, -0.10679423185224671, 0.053398075926050115], [0.053398075926050115, 0.10679627185209108, 0.053398075926050115], [-0.053398075926050115, 0.10679627185209108, 0.053398075926050115]], "aabb": [[-0.05339807644486427, -0.10679423063993454, -0.05339807644486427], [0.05339807644486427, 0.1067962720990181, 0.05339807644486427]], "obb": [[[-0.4468729073884986, 0.8945974539658328, -6.123233995736766e-17, 3.100866149881344e-18], [8.214136920918125e-17, -2.741522164328162e-17, -1.0, 1.0199999221915945e-06], [-0.8945974539658329, -0.44687290738849855, -6.123233995736766e-17, 6.2075792767564375e-18], [0.0, 0.0, 0.0, 1.0]], [0.14205406489651215, 0.2135905037043378, 0.1420497358583237]], "radius": 0.1181869909671818, "volume": 0.0011525608001784129, "num_verts": 1205, "num_faces": 2398, "num_hulls": 0}