{"bbox": [[-0.14194215338416466, -0.040114050956393504, -0.1419354033840037], [0.14194215338416466, -0.040114050956393504, -0.1419354033840037], [0.14194215338416466, 0.040114050956393504, -0.1419354033840037], [-0.14194215338416466, 0.040114050956393504, -0.1419354033840037], [-0.14194215338416466, -0.040114050956393504, 0.14194215338416466], [0.14194215338416466, -0.040114050956393504, 0.14194215338416466], [0.14194215338416466, 0.040114050956393504, 0.14194215338416466], [-0.14194215338416466, 0.040114050956393504, 0.14194215338416466]], "aabb": [[-0.14194215834140778, -0.04011405259370804, -0.14193540811538696], [0.14194215834140778, 0.04011405259370804, 0.14194215834140778]], "obb": [[[-6.123233995736766e-17, -0.9191331447525334, 0.39394702970998313, 6.53057910228687e-07], [-1.0, 8.040297163396845e-17, 3.2158374737174643e-17, 6.938954871432117e-18], [-6.123233995736766e-17, -0.3939470297099831, -0.9191331447525335, -1.648733151976572e-06], [0.0, 0.0, 0.0, 1.0]], [0.3724112277414564, 0.08022810191278708, 0.37241281036543844]], "radius": 0.1483877391465985, "volume": 0.0015253261786648102, "num_verts": 1973, "num_faces": 3882, "num_hulls": 0}