{"bbox": [[-0.08632499341392567, -0.11679263108942939, -0.010155887225167295], [0.08632499341392567, -0.11679263108942939, -0.010155887225167295], [0.08632499341392567, 0.11647523111364509, -0.010155887225167295], [-0.08632499341392567, 0.11647523111364509, -0.010155887225167295], [-0.08632499341392567, -0.11679263108942939, 0.010155887225167295], [0.08632499341392567, -0.11679263108942939, 0.010155887225167295], [0.08632499341392567, 0.11647523111364509, 0.010155887225167295], [-0.08632499341392567, 0.11647523111364509, 0.010155887225167295]], "aabb": [[-0.08632498979568481, -0.11679263412952423, -0.010155887342989445], [0.08632498979568481, 0.11647523194551468, 0.010155887342989445]], "obb": [[[0.00026572903847587925, 0.9190516702856514, 0.3941369771199254, 0.001317088713458774], [0.00011170842897444557, 0.3941369612948465, -0.9190517086989672, -0.0011753373411030627], [-0.9999999584546517, 0.0002882471493769944, 2.0678175187341664e-06, 6.176382364450742e-06], [0.0, 0.0, 0.0, 1.0]], [0.18122365966019569, 0.2385810571945877, 0.020358770364402586]], "radius": 0.11753249507269109, "volume": 0.00042320193330851863, "num_verts": 401, "num_faces": 798, "num_hulls": 0}