{"bbox": [[-0.04283265102120998, -0.14200350338562734, -0.04283265102120998], [0.04283265102120998, -0.14200350338562734, -0.04283265102120998], [0.04283265102120998, 0.14200350338562734, -0.04283265102120998], [-0.04283265102120998, 0.14200350338562734, -0.04283265102120998], [-0.04283265102120998, -0.14200350338562734, 0.04283265102120998], [0.04283265102120998, -0.14200350338562734, 0.04283265102120998], [0.04283265102120998, 0.14200350338562734, 0.04283265102120998], [-0.04283265102120998, 0.14200350338562734, 0.04283265102120998]], "aabb": [[-0.04283265024423599, -0.14200350642204285, -0.04283265024423599], [0.04283265024423599, 0.14200350642204285, 0.04283265024423599]], "obb": [[[0.10022440568140731, 0.994964857925047, 6.123233995736766e-17, 6.954465176054422e-19], [-6.706100130680955e-17, -5.478705154539142e-17, 1.0, -4.653291731577355e-34], [0.9949648579250467, -0.10022440568140732, 6.123233995736765e-17, 6.9039555872580284e-18], [0.0, 0.0, 0.0, 1.0]], [0.09283925230576938, 0.2840070067712547, 0.09283925230576937]], "radius": 0.1469891757237524, "volume": 0.0012935163181157182, "num_verts": 548, "num_faces": 1092, "num_hulls": 0}