{"bbox": [[-0.0447856, -0.0710392, -0.04787424], [0.0447856, -0.0710392, -0.04787424], [0.0447856, 0.0710392, -0.04787424], [-0.0447856, 0.0710392, -0.04787424], [-0.0447856, -0.0710392, 0.04787424], [0.0447856, -0.0710392, 0.04787424], [0.0447856, 0.0710392, 0.04787424], [-0.0447856, 0.0710392, 0.04787424]], "aabb": [[-0.044785600155591965, -0.07103919982910156, -0.04787423834204674], [0.044785600155591965, 0.07103919982910156, 0.04787423834204674]], "obb": [[[-0.8943963066165456, -0.4472753589352786, -6.123233995736766e-17, -0.000307793581960624], [2.7378261870479746e-17, 8.215369553623699e-17, -1.0, -1.3249488320370912e-19], [0.4472753589352786, -0.8943963066165456, -6.123233995736766e-17, 0.0024715992326340623], [0.0, 0.0, 0.0, 1.0]], [0.12045721448964283, 0.1420784, 0.1204574865316065]], "radius": 0.07875967503228601, "volume": 0.0007466865524652854, "num_verts": 1741, "num_faces": 3458, "num_hulls": 0}