{"bbox": [[-0.0702897546373173, -0.095097952744602, -0.0702897546373173], [0.0702897546373173, -0.095097952744602, -0.0702897546373173], [0.0702897546373173, 0.09509699274467524, -0.0702897546373173], [-0.0702897546373173, 0.09509699274467524, -0.0702897546373173], [-0.0702897546373173, -0.095097952744602, 0.0702897546373173], [0.0702897546373173, -0.095097952744602, 0.0702897546373173], [0.0702897546373173, 0.09509699274467524, 0.0702897546373173], [-0.0702897546373173, 0.09509699274467524, 0.0702897546373173]], "aabb": [[-0.07028975337743759, -0.09509795159101486, -0.07028975337743759], [0.07028975337743759, 0.09509699046611786, 0.07028975337743759]], "obb": [[[0.7071067811865476, 0.7071067811865475, 4.329780281177467e-17, 2.0782943763812112e-23], [6.123233995736766e-17, -0.0, -1.0, -4.799999633736673e-07], [-0.7071067811865475, 0.7071067811865476, -4.329780281177466e-17, -2.0782943763812106e-23], [0.0, 0.0, 0.0, 1.0]], [0.19708102496391106, 0.19019494548927723, 0.19708102496391106]], "radius": 0.11758440498283121, "volume": 0.002788889522891401, "num_verts": 736, "num_faces": 1460, "num_hulls": 0}