{"bbox": [[-0.05894304, -0.02947152, -0.051254799999999996], [0.05861152, -0.02947152, -0.051254799999999996], [0.05861152, 0.02947152, -0.051254799999999996], [-0.05894304, 0.02947152, -0.051254799999999996], [-0.05894304, -0.02947152, 0.051254799999999996], [0.05861152, -0.02947152, 0.051254799999999996], [0.05861152, 0.02947152, 0.051254799999999996], [-0.05894304, 0.02947152, 0.051254799999999996]], "aabb": [[-0.058943040668964386, -0.029471520334482193, -0.05125480145215988], [0.05861151963472366, 0.029471520334482193, 0.05125480145215988]], "obb": [[[-0.113441819489549, -0.03590911963850802, -0.9928955074516592, -0.00013037856337625274], [-0.9376039513188876, 0.3344674466469776, 0.09502819373564972, 0.00022495509081027116], [0.32867884638672673, 0.9417229222336252, -0.07161112816910456, -8.492836758982682e-05], [0.0, 0.0, 0.0, 1.0]], [0.12255552455596208, 0.08661567936370948, 0.12251796566518373]], "radius": 0.07789074252533995, "volume": 0.0003143442298296649, "num_verts": 529, "num_faces": 1050, "num_hulls": 0}