{"bbox": [[-0.034294497383537494, -0.0363118172296282, -0.046397456460154994], [0.034294497383537494, -0.0363118172296282, -0.046397456460154994], [0.034294497383537494, 0.0363118172296282, -0.046397456460154994], [-0.034294497383537494, 0.0363118172296282, -0.046397456460154994], [-0.034294497383537494, -0.0363118172296282, 0.04639847646007717], [0.034294497383537494, -0.0363118172296282, 0.04639847646007717], [0.034294497383537494, 0.0363118172296282, 0.04639847646007717], [-0.034294497383537494, 0.0363118172296282, 0.04639847646007717]], "aabb": [[-0.0342944972217083, -0.03631181642413139, -0.04639745503664017], [0.0342944972217083, 0.03631181642413139, 0.046398475766181946]], "obb": [[[-0.8548161672498876, 6.123233995736765e-17, -0.5189309397291821, -0.00438093597061194], [2.0567038438205628e-17, 1.0, 8.411774986999273e-17, -4.8458651616903175e-21], [0.5189309397291821, 6.123233995736766e-17, -0.8548161672498877, 0.004460074954440816], [0.0, 0.0, 0.0, 1.0]], [0.10457334597374361, 0.07262363445925642, 0.11028904306691463]], "radius": 0.05869186850820532, "volume": 0.00018168907845731632, "num_verts": 1751, "num_faces": 3430, "num_hulls": 0}