{"bbox": [[-0.03588675085560682, -0.14354700342242727, -0.03588675085560682], [0.03588675085560682, -0.14354700342242727, -0.03588675085560682], [0.03588675085560682, 0.14354070342227704, -0.03588675085560682], [-0.03588675085560682, 0.14354070342227704, -0.03588675085560682], [-0.03588675085560682, -0.14354700342242727, 0.03588675085560682], [0.03588675085560682, -0.14354700342242727, 0.03588675085560682], [0.03588675085560682, 0.14354070342227704, 0.03588675085560682], [-0.03588675085560682, 0.14354070342227704, 0.03588675085560682]], "aabb": [[-0.035886749625205994, -0.14354699850082397, -0.035886749625205994], [0.035886749625205994, 0.14354071021080017, 0.035886749625205994]], "obb": [[[0.9284759518967654, 0.37139252382000865, 5.685275512878328e-17, 1.7908618292609957e-22], [6.123233995736766e-17, -0.0, -1.0, -3.1500000751139012e-06], [-0.37139252382000865, 0.9284759518967651, -2.2741233276171536e-17, -7.163488652812309e-23], [0.0, 0.0, 0.0, 1.0]], [0.09187684093032891, 0.2870877068447043, 0.09187684093032888]], "radius": 0.1469399388028534, "volume": 0.0008655835200870626, "num_verts": 902, "num_faces": 1796, "num_hulls": 0}