{"bbox": [[-0.12108300288684376, -0.07633980182008271, -0.07370745175732259], [0.12109080288702971, -0.07633980182008271, -0.07370745175732259], [0.12109080288702971, 0.07633980182008271, -0.07370745175732259], [-0.12108300288684376, 0.07633980182008271, -0.07370745175732259], [-0.12108300288684376, -0.07633980182008271, 0.07370745175732259], [0.12109080288702971, -0.07633980182008271, 0.07370745175732259], [0.12109080288702971, 0.07633980182008271, 0.07370745175732259], [-0.12108300288684376, 0.07633980182008271, 0.07370745175732259]], "aabb": [[-0.12108300626277924, -0.07633980363607407, -0.0737074539065361], [0.12109079957008362, 0.07633980363607407, 0.0737074539065361]], "obb": [[[-6.112657895529668e-17, -3.5973326057686425e-18, -1.0, 3.9000000929823116e-06], [-0.058748899817861695, 0.998272791760945, 0.0, 0.0003180197558596188], [0.9982727917609451, 0.058748899817861695, -6.123233995736766e-17, -0.00013609374233215094], [0.0, 0.0, 0.0, 1.0]], [0.24217380577387349, 0.16212415644446374, 0.15224577924641752]], "radius": 0.1466154271298407, "volume": 0.002448527865819842, "num_verts": 1135, "num_faces": 2218, "num_hulls": 0}