{"bbox": [[-0.0817928, -0.0497869, -0.037340200000000004], [0.0817928, -0.0497869, -0.037340200000000004], [0.0817928, 0.0497869, -0.037340200000000004], [-0.0817928, 0.0497869, -0.037340200000000004], [-0.0817928, -0.0497869, 0.037340200000000004], [0.0817928, -0.0497869, 0.037340200000000004], [0.0817928, 0.0497869, 0.037340200000000004], [-0.0817928, 0.0497869, 0.037340200000000004]], "aabb": [[-0.08179280161857605, -0.049786899238824844, -0.0373402014374733], [0.08179280161857605, 0.049786899238824844, 0.0373402014374733]], "obb": [[[0.010135633729863862, -5.4727915857114806e-17, 0.9999486331451701, 0.00011769217743886748], [0.010064982283323701, 0.9999493415786183, -0.00010202021437884214, 8.330004509965969e-05], [-0.9998979773259522, 0.010065499316365877, 0.010135120274659402, -0.0002753643560389542], [0.0, 0.0, 0.0, 1.0]], [0.1646672671570364, 0.10059517486419409, 0.07681075769439001]], "radius": 0.09876406627280998, "volume": 0.0007092709079992598, "num_verts": 454, "num_faces": 888, "num_hulls": 0}