{"bbox": [[-0.025135519999999998, -0.07459576, -0.025135519999999998], [0.025135519999999998, -0.07459576, -0.025135519999999998], [0.025135519999999998, 0.07459248, -0.025135519999999998], [-0.025135519999999998, 0.07459248, -0.025135519999999998], [-0.025135519999999998, -0.07459576, 0.025135519999999998], [0.025135519999999998, -0.07459576, 0.025135519999999998], [0.025135519999999998, 0.07459248, 0.025135519999999998], [-0.025135519999999998, 0.07459248, 0.025135519999999998]], "aabb": [[-0.025135520845651627, -0.07459575682878494, -0.025135520845651627], [0.025135520845651627, 0.0745924785733223, 0.025135520845651627]], "obb": [[[0.8946322725759943, 0.44680319701800675, 6.123233995736766e-17, -1.0042103752991149e-22], [-8.213923270505101e-17, 2.742162219736039e-17, 1.0, -1.6399999999971993e-06], [0.44680319701800675, -0.8946322725759944, 6.123233995736767e-17, -1.004210375299115e-22], [0.0, 0.0, 0.0, 1.0]], [0.06712065399480047, 0.14918824, 0.06712065399480047]], "radius": 0.07834342303710758, "volume": 0.00018759428919700079, "num_verts": 1470, "num_faces": 2928, "num_hulls": 0}