{"bbox": [[-0.04279895673469873, -0.03872285704568046, -0.04687505642371701], [0.042797216734831486, -0.03872285704568046, -0.04687505642371701], [0.042797216734831486, 0.03872285704568046, -0.04687505642371701], [-0.04279895673469873, 0.03872285704568046, -0.04687505642371701], [-0.04279895673469873, -0.03872285704568046, 0.04687505642371701], [0.042797216734831486, -0.03872285704568046, 0.04687505642371701], [0.042797216734831486, 0.03872285704568046, 0.04687505642371701], [-0.04279895673469873, 0.03872285704568046, 0.04687505642371701]], "aabb": [[-0.042798954993486404, -0.03872285783290863, -0.04687505587935448], [0.04279721528291702, 0.03872285783290863, 0.04687505587935448]], "obb": [[[-4.545297141505563e-05, -0.501066834685432, 0.8654085885362761, -6.89027801984824e-05], [-0.999999998707785, 4.248002996377184e-05, -2.792627381467005e-05, 6.74011876031028e-07], [-2.276965314705112e-05, -0.8654085886873141, -0.5010668359687894, 0.003955768049910922], [0.0, 0.0, 0.0, 1.0]], [0.12062109877977076, 0.07745448046443436, 0.12051902560740746]], "radius": 0.05894868655567355, "volume": 0.00015905613032536633, "num_verts": 2569, "num_faces": 4938, "num_hulls": 0}