{"bbox": [[-0.05661210134973768, -0.13020780310439595, -0.10473240249701504], [0.05661210134973768, -0.13020780310439595, -0.10473240249701504], [0.05661210134973768, 0.13020780310439595, -0.10473240249701504], [-0.05661210134973768, 0.13020780310439595, -0.10473240249701504], [-0.05661210134973768, -0.13020780310439595, 0.10473240249701504], [0.05661210134973768, -0.13020780310439595, 0.10473240249701504], [0.05661210134973768, 0.13020780310439595, 0.10473240249701504], [-0.05661210134973768, 0.13020780310439595, 0.10473240249701504]], "aabb": [[-0.05661210045218468, -0.13020780682563782, -0.10473240166902542], [0.05661210045218468, 0.13020780682563782, 0.10473240166902542]], "obb": [[[0.8944115439094401, 0.4472448705007754, 0.0001262231203754071, -1.3239692893232744e-06], [0.00015029976847730933, -1.8349520779001798e-05, -0.9999999885366373, 4.6872545162847743e-07], [-0.4472448630577114, 0.8944115526277822, -8.363282369887608e-05, 8.567665931233852e-07], [0.0, 0.0, 0.0, 1.0]], [0.17554602782661535, 0.26043918953215256, 0.2389297268829066]], "radius": 0.14679639601896755, "volume": 0.001095227079357044, "num_verts": 3383, "num_faces": 6550, "num_hulls": 0}