{"bbox": [[-0.0574194, -0.08254050000000002, -0.0574194], [0.0574194, -0.08254050000000002, -0.0574194], [0.0574194, 0.08254050000000002, -0.0574194], [-0.0574194, 0.08254050000000002, -0.0574194], [-0.0574194, -0.08254050000000002, 0.0574194], [0.0574194, -0.08254050000000002, 0.0574194], [0.0574194, 0.08254050000000002, 0.0574194], [-0.0574194, 0.08254050000000002, 0.0574194]], "aabb": [[-0.05741940066218376, -0.08254049718379974, -0.05741940066218376], [0.05741940066218376, 0.08254049718379974, 0.05741940066218376]], "obb": [[[0.4475056475955013, -0.8942811030789479, 6.360842123433022e-05, -1.957204236209556e-07], [6.576974388292788e-09, -7.112470298351315e-05, -0.9999999974706384, 5.992272179915439e-07], [0.8942811053411175, 0.447505646464016, -3.182282460476384e-05, 5.56351797891407e-07], [0.0, 0.0, 0.0, 1.0]], [0.1529099649615809, 0.1650953259338546, 0.15290435236886857]], "radius": 0.09800985910356162, "volume": 0.00044979984758792847, "num_verts": 4274, "num_faces": 8300, "num_hulls": 0}