{"bbox": [[-0.0820908, -0.0124921, -0.0566605], [0.0820908, -0.0124921, -0.0566605], [0.0820908, 0.0124921, -0.0566605], [-0.0820908, 0.0124921, -0.0566605], [-0.0820908, -0.0124921, 0.0566605], [0.0820908, -0.0124921, 0.0566605], [0.0820908, 0.0124921, 0.0566605], [-0.0820908, 0.0124921, 0.0566605]], "aabb": [[-0.08209080249071121, -0.012492099776864052, -0.056660499423742294], [0.08209080249071121, 0.012492099776864052, 0.056660499423742294]], "obb": [[[7.604084562054421e-18, 6.0758352138844e-17, -1.0, -4.0133691742691116e-21], [0.9922591914851914, -0.12418412504484855, 0.0, -0.00010355173121709441], [-0.12418412504484853, -0.9922591914851911, -6.123233995736766e-17, 6.554329259772492e-05], [0.0, 0.0, 0.0, 1.0]], [0.1641816, 0.03767066558065002, 0.11615751143269391]], "radius": 0.09844388051147163, "volume": 0.00032994939464548037, "num_verts": 290, "num_faces": 576, "num_hulls": 0}