{"bbox": [[-0.03883439703717064, -0.111648951481861, -0.03883439703717064], [0.03883439703717064, -0.111648951481861, -0.03883439703717064], [0.03883439703717064, 0.11164499148216311, -0.03883439703717064], [-0.03883439703717064, 0.11164499148216311, -0.03883439703717064], [-0.03883439703717064, -0.111648951481861, 0.03883439703717064], [0.03883439703717064, -0.111648951481861, 0.03883439703717064], [0.03883439703717064, 0.11164499148216311, 0.03883439703717064], [-0.03883439703717064, 0.11164499148216311, 0.03883439703717064]], "aabb": [[-0.03883439674973488, -0.11164895445108414, -0.03883439674973488], [0.03883439674973488, 0.11164499074220657, 0.03883439674973488]], "obb": [[[-0.8944227654210515, 0.4472224465482013, 6.123233995736766e-17, -1.2124002386661491e-22], [2.738312195426558e-17, -8.215207572147589e-17, 1.0, -1.979999848952807e-06], [0.44722244654820126, 0.8944227654210515, 6.123233995736767e-17, -1.2124002386661491e-22], [0.0, 0.0, 0.0, 1.0]], [0.10193380039041863, 0.2232939429640241, 0.10193380039041863]], "radius": 0.1174582506684126, "volume": 0.0007880616348459923, "num_verts": 538, "num_faces": 1068, "num_hulls": 0}