{"bbox": [[-0.10762547178882814, -0.03743495714393943, -0.05615243571590914], [0.10762547178882814, -0.03743495714393943, -0.05615243571590914], [0.10762547178882814, 0.03743495714393943, -0.05615243571590914], [-0.10762547178882814, 0.03743495714393943, -0.05615243571590914], [-0.10762547178882814, -0.03743495714393943, 0.05615243571590914], [0.10762547178882814, -0.03743495714393943, 0.05615243571590914], [0.10762547178882814, 0.03743495714393943, 0.05615243571590914], [-0.10762547178882814, 0.03743495714393943, 0.05615243571590914]], "aabb": [[-0.10762546956539154, -0.037434957921504974, -0.05615243688225746], [0.10762546956539154, 0.037434957921504974, 0.05615243688225746]], "obb": [[[-2.959875947998893e-17, 0.0016475368801637468, 0.9999986428101931, 0.0], [0.705738044384947, -0.7084719121247688, 0.0011672351879454066, -0.0], [0.7084728736569313, 0.7057370865644671, -0.0011627294558588185, 0.0], [0.0, 0.0, 0.0, 1.0]], [0.21551031990532088, 0.1252270263829465, 0.12522565439083266]], "radius": 0.11830803186083351, "volume": 0.0010974895766927269, "num_verts": 287, "num_faces": 570, "num_hulls": 0}