{"bbox": [[-0.10790625257268553, -0.145990803480692, -0.012694860302669055], [0.10790625257268553, -0.145990803480692, -0.012694860302669055], [0.10790625257268553, 0.14559405347123272, -0.012694860302669055], [-0.10790625257268553, 0.14559405347123272, -0.012694860302669055], [-0.10790625257268553, -0.145990803480692, 0.012694860302669055], [0.10790625257268553, -0.145990803480692, 0.012694860302669055], [0.10790625257268553, 0.14559405347123272, 0.012694860302669055], [-0.10790625257268553, 0.14559405347123272, 0.012694860302669055]], "aabb": [[-0.10790625214576721, -0.14599080383777618, -0.012694859877228737], [0.10790625214576721, 0.14559406042099, 0.012694859877228737]], "obb": [[[0.00026572903847526706, 0.9190516702856513, 0.39413697711992546, 0.001646361056683134], [0.00011170842897418303, 0.39413696129484654, -0.9190517086989672, -0.0014691718234955127], [-0.9999999584546517, 0.0002882471493763282, 2.067817518734154e-06, 7.720478728640076e-06], [0.0, 0.0, 0.0, 1.0]], [0.22652959725896604, 0.29822635135636755, 0.02544846550380544]], "radius": 0.14691563355237772, "volume": 0.000826566524299865, "num_verts": 401, "num_faces": 798, "num_hulls": 0}