{"bbox": [[-0.05586587573777193, -0.10707611183074098, -0.01862195857925731], [0.05586587573777193, -0.10707611183074098, -0.01862195857925731], [0.05586587573777193, 0.10707611183074098, -0.01862195857925731], [-0.05586587573777193, 0.10707611183074098, -0.01862195857925731], [-0.05586587573777193, -0.10707611183074098, 0.01862195857925731], [0.05586587573777193, -0.10707611183074098, 0.01862195857925731], [0.05586587573777193, 0.10707611183074098, 0.01862195857925731], [-0.05586587573777193, 0.10707611183074098, 0.01862195857925731]], "aabb": [[-0.055865876376628876, -0.10707610845565796, -0.018621958792209625], [0.055865876376628876, 0.10707610845565796, 0.018621958792209625]], "obb": [[[0.10077822325908645, 0.9948407311634618, 0.011647718012134852, -0.00020230456978318848], [0.08793768716028921, 0.0027545577647435132, -0.9961221690076071, -0.0001318560173403929], [-0.9910149912557533, 0.10141169572425646, -0.08720639355397052, 0.0013242708394006532], [0.0, 0.0, 0.0, 1.0]], [0.11408704531496466, 0.2168393771431159, 0.04608226294925688]], "radius": 0.1182779757365871, "volume": 0.00035089992747665093, "num_verts": 242, "num_faces": 480, "num_hulls": 0}