{"bbox": [[-0.026177699999999998, -0.0963251, -0.027219700000000003], [0.026177699999999998, -0.0963251, -0.027219700000000003], [0.026177699999999998, 0.0960723, -0.027219700000000003], [-0.026177699999999998, 0.0960723, -0.027219700000000003], [-0.026177699999999998, -0.0963251, 0.0272248], [0.026177699999999998, -0.0963251, 0.0272248], [0.026177699999999998, 0.0960723, 0.0272248], [-0.026177699999999998, 0.0960723, 0.0272248]], "aabb": [[-0.026177700608968735, -0.0963250994682312, -0.027219699695706367], [0.026177700608968735, 0.09607230126857758, 0.027224799618124962]], "obb": [[[-0.9188706933348084, 0.394432217036146, -0.00999375276654826, -0.0014636660181413593], [-0.04931974807876843, -0.08969147785610868, 0.9947477073356007, -0.0012806258491895723], [0.39146418914104397, 0.9145374049014822, 0.10186816802223905, -0.0028739350942008557], [0.0, 0.0, 0.0, 1.0]], [0.06177824513123949, 0.19781069560202355, 0.08356954628532166]], "radius": 0.09797218414886391, "volume": 0.0001662758428627568, "num_verts": 1480, "num_faces": 2920, "num_hulls": 0}