{"bbox": [[-0.019542298509040948, -0.05618411571349215, -0.019542298509040948], [0.019542298509040948, -0.05618411571349215, -0.019542298509040948], [0.019542298509040948, 0.05608235572125582, -0.019542298509040948], [-0.019542298509040948, 0.05608235572125582, -0.019542298509040948], [-0.019542298509040948, -0.05618411571349215, 0.019542298509040948], [0.019542298509040948, -0.05618411571349215, 0.019542298509040948], [0.019542298509040948, 0.05608235572125582, 0.019542298509040948], [-0.019542298509040948, 0.05608235572125582, 0.019542298509040948]], "aabb": [[-0.019542299211025238, -0.05618411675095558, -0.019542299211025238], [0.019542299211025238, 0.056082356721162796, 0.019542299211025238]], "obb": [[[0.896075846757832, -0.44389934394387637, -0.0012038701883263102, 6.166737302391921e-05], [1.4361394791409697e-15, 0.0027120241952728833, -0.99999632245562, -7.006325987199164e-05], [0.44390097640941745, 0.8960725513991378, 0.002430179377207515, -0.00012448416749785715], [0.0, 0.0, 0.0, 1.0]], [0.052113876378783335, 0.11242654742260892, 0.052252988611163204]], "radius": 0.05878232830839182, "volume": 6.829436675571883e-05, "num_verts": 1201, "num_faces": 2394, "num_hulls": 0}