{"bbox": [[-0.029528157747180348, -0.05223995601440765, -0.029528157747180348], [0.029528157747180348, -0.05223995601440765, -0.029528157747180348], [0.029528157747180348, 0.05224205601424743, -0.029528157747180348], [-0.029528157747180348, 0.05224205601424743, -0.029528157747180348], [-0.029528157747180348, -0.05223995601440765, 0.029528157747180348], [0.029528157747180348, -0.05223995601440765, 0.029528157747180348], [0.029528157747180348, 0.05224205601424743, 0.029528157747180348], [-0.029528157747180348, 0.05224205601424743, 0.029528157747180348]], "aabb": [[-0.02952815778553486, -0.052239954471588135, -0.02952815778553486], [0.02952815778553486, 0.05224205553531647, 0.02952815778553486]], "obb": [[[0.44721005218614096, -0.8944289626480513, 1.7723265822331649e-16, -9.000005247684598e-09], [-5.476743589562785e-17, 1.7076829657453003e-16, 1.0, 1.0499999198859689e-06], [-0.8944289626480513, -0.447210052186141, 2.7383717947813915e-17, -4.499958060443343e-09], [0.0, 0.0, 0.0, 1.0]], [0.07767953589532556, 0.1044820120286551, 0.07767952689523115]], "radius": 0.05925811040334304, "volume": 0.00018898713150971027, "num_verts": 1134, "num_faces": 2256, "num_hulls": 0}