{"bbox": [[-0.052247, -0.0828746, -0.030622800000000002], [0.052247, -0.0828746, -0.030622800000000002], [0.052247, 0.0828746, -0.030622800000000002], [-0.052247, 0.0828746, -0.030622800000000002], [-0.052247, -0.0828746, 0.0306276], [0.052247, -0.0828746, 0.0306276], [0.052247, 0.0828746, 0.0306276], [-0.052247, 0.0828746, 0.0306276]], "aabb": [[-0.052246998995542526, -0.0828746035695076, -0.030622800812125206], [0.052246998995542526, 0.0828746035695076, 0.030627600848674774]], "obb": [[[0.15065017466958022, 0.9884301435129365, 0.017617498886645926, 6.103086278937758e-05], [0.173757593661705, -0.008931147949128308, -0.9847479541695959, 0.0001463971014335526], [-0.9731972171748738, 0.15141362551404275, -0.17309272223803757, 0.004549340829704043], [0.0, 0.0, 0.0, 1.0]], [0.10946822049399549, 0.17182180005755926, 0.07400745341259397]], "radius": 0.09820244336277995, "volume": 0.00044671988344229864, "num_verts": 407, "num_faces": 806, "num_hulls": 0}