{"bbox": [[-0.043535199999999996, -0.07417104000000001, -0.043535199999999996], [0.043535199999999996, -0.07417104000000001, -0.043535199999999996], [0.043535199999999996, 0.07417104000000001, -0.043535199999999996], [-0.043535199999999996, 0.07417104000000001, -0.043535199999999996], [-0.043535199999999996, -0.07417104000000001, 0.043535199999999996], [0.043535199999999996, -0.07417104000000001, 0.043535199999999996], [0.043535199999999996, 0.07417104000000001, 0.043535199999999996], [-0.043535199999999996, 0.07417104000000001, 0.043535199999999996]], "aabb": [[-0.043535199016332626, -0.0741710364818573, -0.043535199016332626], [0.043535199016332626, 0.0741710364818573, 0.043535199016332626]], "obb": [[[0.8944162833132488, 0.4472354102082193, -6.123233995736766e-17, 4.333992243486182e-07], [-2.7381931244399653e-17, -8.215247260208459e-17, -1.0, -2.774330764148528e-23], [-0.4472354102082193, 0.8944162833132488, -6.123233995736766e-17, 1.9683373193812022e-08], [0.0, 0.0, 0.0, 1.0]], [0.11609599560195692, 0.14834208000000002, 0.11609635744888903]], "radius": 0.07888483099786422, "volume": 0.0002322938065812672, "num_verts": 3979, "num_faces": 7762, "num_hulls": 0}