{"bbox": [[-0.029676320000000003, -0.07185032, -0.0312444], [0.029676320000000003, -0.07185032, -0.0312444], [0.029676320000000003, 0.07186208, -0.0312444], [-0.029676320000000003, 0.07186208, -0.0312444], [-0.029676320000000003, -0.07185032, 0.0312444], [0.029676320000000003, -0.07185032, 0.0312444], [0.029676320000000003, 0.07186208, 0.0312444], [-0.029676320000000003, 0.07186208, 0.0312444]], "aabb": [[-0.029676320031285286, -0.07185032218694687, -0.031244400888681412], [0.029676320031285286, 0.07186207920312881, 0.031244400888681412]], "obb": [[[-0.44751971131496465, 0.8942740676015213, -6.123233995736766e-17, -0.00015596817894868335], [8.21611728232953e-17, -2.7355814621573388e-17, -1.0, 5.879999999999946e-06], [-0.8942740676015214, -0.4475197113149647, -6.123233995736766e-17, -0.002654989618741506], [0.0, 0.0, 0.0, 1.0]], [0.07967962193404579, 0.1437124, 0.07967642973703999]], "radius": 0.0784379599070552, "volume": 0.0003084514038294349, "num_verts": 843, "num_faces": 1674, "num_hulls": 0}