{"bbox": [[-0.0326198, -0.093782, -0.0326198], [0.0326198, -0.093782, -0.0326198], [0.0326198, 0.0937784, -0.0326198], [-0.0326198, 0.0937784, -0.0326198], [-0.0326198, -0.093782, 0.0326198], [0.0326198, -0.093782, 0.0326198], [0.0326198, 0.0937784, 0.0326198], [-0.0326198, 0.0937784, 0.0326198]], "aabb": [[-0.03261980041861534, -0.09378200024366379, -0.03261980041861534], [0.03261980041861534, 0.09377840161323547, 0.03261980041861534]], "obb": [[[-0.8944228003974494, 0.447222376597129, 6.123233995736766e-17, 6.206194698981571e-18], [2.7383128379220107e-17, -8.215207357989473e-17, 1.0, -1.799999999996249e-06], [0.447222376597129, 0.8944228003974494, 6.123233995736766e-17, -3.103338840872644e-18], [0.0, 0.0, 0.0, 1.0]], [0.08562152013953464, 0.18756040000000002, 0.08562152013953464]], "radius": 0.09811266352148432, "volume": 0.00048318054549402635, "num_verts": 578, "num_faces": 1148, "num_hulls": 0}