{"bbox": [[-0.015031138853215114, -0.05761937560399051, -0.015031138853215114], [0.015031138853215114, -0.05761937560399051, -0.015031138853215114], [0.015031138853215114, 0.05761937560399051, -0.015031138853215114], [-0.015031138853215114, 0.05761937560399051, -0.015031138853215114], [-0.015031138853215114, -0.05761937560399051, 0.015031138853215114], [0.015031138853215114, -0.05761937560399051, 0.015031138853215114], [0.015031138853215114, 0.05761937560399051, 0.015031138853215114], [-0.015031138853215114, 0.05761937560399051, 0.015031138853215114]], "aabb": [[-0.015031138435006142, -0.0576193742454052, -0.015031138435006142], [0.015031138435006142, 0.0576193742454052, 0.015031138435006142]], "obb": [[[0.9863742514579926, 0.16451697803170637, -1.8119401047140956e-16, 1.7110865701032301e-18], [-1.8369701987210297e-16, -0.0, -1.0, -3.1866353283911507e-34], [-0.16451697803170637, 0.9863742514579925, 3.022127858278869e-17, -2.853914639883617e-19], [0.0, 0.0, 0.0, 1.0]], [0.034126982492344846, 0.11523875120798102, 0.034126982492344825]], "radius": 0.058834821892517555, "volume": 6.901463827082548e-05, "num_verts": 626, "num_faces": 1248, "num_hulls": 0}