{"bbox": [[-0.029989077712014943, -0.053057635952023625, -0.01614797876800699], [0.029989077712014943, -0.053057635952023625, -0.01614797876800699], [0.029989077712014943, 0.053057635952023625, -0.01614797876800699], [-0.029989077712014943, 0.053057635952023625, -0.01614797876800699], [-0.029989077712014943, -0.053057635952023625, 0.01614797876800699], [0.029989077712014943, -0.053057635952023625, 0.01614797876800699], [0.029989077712014943, 0.053057635952023625, 0.01614797876800699], [-0.029989077712014943, 0.053057635952023625, 0.01614797876800699]], "aabb": [[-0.029989078640937805, -0.05305763706564903, -0.016147978603839874], [0.029989078640937805, 0.05305763706564903, 0.016147978603839874]], "obb": [[[-5.90752938038699e-17, 1.0, -1.6109286720432234e-17, -2.6388429502464563e-20], [-0.2630846172406305, 0.0, 0.9647727629713386, 3.981399550350573e-05], [0.9647727629713387, 6.123233995736766e-17, 0.2630846172406305, 0.00043095575835967097], [0.0, 0.0, 0.0, 1.0]], [0.059978155424029886, 0.10784573676583231, 0.035370711653590854]], "radius": 0.05904861586150708, "volume": 3.894054734028105e-05, "num_verts": 293, "num_faces": 582, "num_hulls": 0}