{"bbox": [[-0.02996411771391924, -0.1148625512366828, -0.02996411771391924], [0.02996411771391924, -0.1148625512366828, -0.02996411771391924], [0.02996411771391924, 0.1148625512366828, -0.02996411771391924], [-0.02996411771391924, 0.1148625512366828, -0.02996411771391924], [-0.02996411771391924, -0.1148625512366828, 0.02996411771391924], [0.02996411771391924, -0.1148625512366828, 0.02996411771391924], [0.02996411771391924, 0.1148625512366828, 0.02996411771391924], [-0.02996411771391924, 0.1148625512366828, 0.02996411771391924]], "aabb": [[-0.02996411733329296, -0.11486255377531052, -0.02996411733329296], [0.02996411733329296, 0.11486255377531052, 0.02996411733329296]], "obb": [[[0.9863739733154947, 0.16451864564785337, 6.123233995736767e-17, 3.4221721752058187e-18], [-7.047184809878893e-17, 5.0324124819518806e-17, 1.0, -2.4449833858488134e-34], [0.16451864564785335, -0.9863739733154947, 6.123233995736766e-17, 5.707887136824815e-19], [0.0, 0.0, 0.0, 1.0]], [0.06803116362791074, 0.2297251024733656, 0.06803116362791074]], "radius": 0.11761136584526041, "volume": 0.0005429223634144383, "num_verts": 974, "num_faces": 1940, "num_hulls": 0}