{"bbox": [[-0.02437184, -0.07474024, -0.02437184], [0.02437184, -0.07474024, -0.02437184], [0.02437184, 0.07474024, -0.02437184], [-0.02437184, 0.07474024, -0.02437184], [-0.02437184, -0.07474024, 0.02437184], [0.02437184, -0.07474024, 0.02437184], [0.02437184, 0.07474024, 0.02437184], [-0.02437184, 0.07474024, 0.02437184]], "aabb": [[-0.024371840059757233, -0.07474023848772049, -0.024371840059757233], [0.024371840059757233, 0.07474023848772049, 0.024371840059757233]], "obb": [[[-0.7071067811865476, 0.7071067811865475, 6.123233995736766e-17, 4.906538933386797e-18], [1.232595164407831e-32, -8.659560562354932e-17, 1.0, -6.0087771996640085e-34], [0.7071067811865475, 0.7071067811865476, 6.123233995736766e-17, 4.9065389333867974e-18], [0.0, 0.0, 0.0, 1.0]], [0.06769536000000001, 0.14948048, 0.06769536000000001]], "radius": 0.07836443608106933, "volume": 0.000198922630339335, "num_verts": 573, "num_faces": 1142, "num_hulls": 0}