{"bbox": [[-0.03546359729434225, -0.04438979661332729, -0.03546359729434225], [0.03546359729434225, -0.04438979661332729, -0.03546359729434225], [0.03546359729434225, 0.044381936613926955, -0.03546359729434225], [-0.03546359729434225, 0.044381936613926955, -0.03546359729434225], [-0.03546359729434225, -0.04438979661332729, 0.03546359729434225], [0.03546359729434225, -0.04438979661332729, 0.03546359729434225], [0.03546359729434225, 0.044381936613926955, 0.03546359729434225], [-0.03546359729434225, 0.044381936613926955, 0.03546359729434225]], "aabb": [[-0.035463597625494, -0.04438979551196098, -0.035463597625494], [0.035463597625494, 0.04438193514943123, 0.035463597625494]], "obb": [[[0.38243377735354955, -0.9239829034885308, -6.123233995736765e-17, 1.3265930600857064e-18], [-7.999495032729815e-17, 3.316032019511256e-17, -1.0, -3.929999700169606e-06], [0.9239829034885307, 0.3824337773535496, -6.123233995736765e-17, 3.20546902508786e-18], [0.0, 0.0, 0.0, 1.0]], [0.07275410810017433, 0.08877173322725423, 0.07251092240162925]], "radius": 0.05842282755708172, "volume": 8.302481963439684e-05, "num_verts": 1104, "num_faces": 2196, "num_hulls": 0}