{"bbox": [[-0.09359020000000001, -0.0300104, -0.0935917], [0.09359020000000001, -0.0300104, -0.0935917], [0.09359020000000001, 0.030519000000000004, -0.0935917], [-0.09359020000000001, 0.030519000000000004, -0.0935917], [-0.09359020000000001, -0.0300104, 0.0935917], [0.09359020000000001, -0.0300104, 0.0935917], [0.09359020000000001, 0.030519000000000004, 0.0935917], [-0.09359020000000001, 0.030519000000000004, 0.0935917]], "aabb": [[-0.09359019994735718, -0.030010400339961052, -0.09359169751405716], [0.09359019994735718, 0.030518999323248863, 0.09359169751405716]], "obb": [[[-4.791494832212813e-18, 0.9216382472150357, 0.38805017880474746, -1.1397948740513868e-08], [1.0, 2.520792361397163e-17, -4.752244093817921e-17, 0.00025430000000000244], [-5.358043843534165e-17, 0.38805017880474746, -0.921638247215036, 5.835755074404678e-08], [0.0, 0.0, 0.0, 1.0]], [0.24041782417811758, 0.060529400000000025, 0.24041835478193044]], "radius": 0.09880436721592827, "volume": 0.0004089346508477357, "num_verts": 3332, "num_faces": 6480, "num_hulls": 0}