{"bbox": [[-0.0916614, -0.0617718, -0.0916614], [0.0916614, -0.0617718, -0.0916614], [0.0916614, 0.0617718, -0.0916614], [-0.0916614, 0.0617718, -0.0916614], [-0.0916614, -0.0617718, 0.0916614], [0.0916614, -0.0617718, 0.0916614], [0.0916614, 0.0617718, 0.0916614], [-0.0916614, 0.0617718, 0.0916614]], "aabb": [[-0.09166140109300613, -0.06177179887890816, -0.09166140109300613], [0.09166140109300613, 0.06177179887890816, 0.09166140109300613]], "obb": [[[0.013255564187591913, 0.39244851359616245, 0.9196784515221782, 0.0003430109341319823], [-0.9999103439811703, 0.006946397290317621, 0.01144777551069115, -0.000836893593617445], [-0.0018957894204638726, -0.9197477435366979, 0.392505406639992, -5.4146951678597675e-05], [0.0, 0.0, 0.0, 1.0]], [0.2419941875065184, 0.12661922457598895, 0.2406113250976757]], "radius": 0.0992073681732864, "volume": 0.0006808816555725573, "num_verts": 4710, "num_faces": 9208, "num_hulls": 0}