{"bbox": [[-0.04882872, -0.0701908, -0.04882872], [0.04882872, -0.0701908, -0.04882872], [0.04882872, 0.07019128000000001, -0.04882872], [-0.04882872, 0.07019128000000001, -0.04882872], [-0.04882872, -0.0701908, 0.04882872], [0.04882872, -0.0701908, 0.04882872], [0.04882872, 0.07019128000000001, 0.04882872], [-0.04882872, 0.07019128000000001, 0.04882872]], "aabb": [[-0.048828721046447754, -0.07019080221652985, -0.048828721046447754], [0.048828721046447754, 0.07019127905368805, 0.048828721046447754]], "obb": [[[0.4471573307169671, -0.8944553211793628, -6.123233995736766e-17, -1.3889975731814242e-07], [-8.215008199202162e-17, 2.7389102614240804e-17, -1.0, 2.400000000124525e-07], [0.8944553211793627, 0.4471573307169671, -6.123233995736766e-17, 2.094421023034687e-07], [0.0, 0.0, 0.0, 1.0]], [0.1300045149295389, 0.14038208000000002, 0.1300041788933121]], "radius": 0.07858999754659877, "volume": 0.0002204735145663511, "num_verts": 4032, "num_faces": 7840, "num_hulls": 0}