{"bbox": [[-0.09143770000000001, -0.03578, -0.09143770000000001], [0.09143770000000001, -0.03578, -0.09143770000000001], [0.09143770000000001, 0.03578, -0.09143770000000001], [-0.09143770000000001, 0.03578, -0.09143770000000001], [-0.09143770000000001, -0.03578, 0.09143770000000001], [0.09143770000000001, -0.03578, 0.09143770000000001], [0.09143770000000001, 0.03578, 0.09143770000000001], [-0.09143770000000001, 0.03578, 0.09143770000000001]], "aabb": [[-0.0914376974105835, -0.03578000143170357, -0.0914376974105835], [0.0914376974105835, 0.03578000143170357, 0.0914376974105835]], "obb": [[[4.50524278472071e-05, -0.919195916865575, 0.39380053883652033, 8.21189461232138e-07], [-0.9999999989296019, -3.726166035704705e-05, 2.742927111036201e-05, 1.0956448724460601e-06], [-1.0539212080695098e-05, -0.3938005396507522, -0.9191959175603976, -8.617444446518749e-08], [0.0, 0.0, 0.0, 1.0]], [0.2393606310087404, 0.07157594629606029, 0.2395646243667184]], "radius": 0.09820973881871391, "volume": 0.0010440989715305535, "num_verts": 2054, "num_faces": 4048, "num_hulls": 0}