{"bbox": [[-0.08767815209041004, -0.12603735300496466, -0.016439700391953], [0.08767815209041004, -0.12603735300496466, -0.016439700391953], [0.08767815209041004, 0.12603735300496466, -0.016439700391953], [-0.08767815209041004, 0.12603735300496466, -0.016439700391953], [-0.08767815209041004, -0.12603735300496466, 0.016439700391953], [0.08767815209041004, -0.12603735300496466, 0.016439700391953], [0.08767815209041004, 0.12603735300496466, 0.016439700391953], [-0.08767815209041004, 0.12603735300496466, 0.016439700391953]], "aabb": [[-0.08767814934253693, -0.1260373592376709, -0.01643970049917698], [0.08767814934253693, 0.1260373592376709, 0.01643970049917698]], "obb": [[[0.03700458987514973, -0.9993150949839894, -3.557122599961825e-05, -0.0], [0.000961264796751835, 4.5678813883832195e-17, 0.9999995379848885, 0.0], [-0.9993146332853144, -0.03700460697183735, 0.0009606064216708269, -0.0], [0.0, 0.0, 0.0, 1.0]], [0.17713695551230577, 0.2521212774695074, 0.03373575214725853]], "radius": 0.14611939884434688, "volume": 0.00113128022141067, "num_verts": 181, "num_faces": 358, "num_hulls": 0}