{"bbox": [[-0.053113195947784735, -0.0288658777977083, -0.053113195947784735], [0.053113195947784735, -0.0288658777977083, -0.053113195947784735], [0.053113195947784735, 0.0288658777977083, -0.053113195947784735], [-0.053113195947784735, 0.0288658777977083, -0.053113195947784735], [-0.053113195947784735, -0.0288658777977083, 0.053113195947784735], [0.053113195947784735, -0.0288658777977083, 0.053113195947784735], [0.053113195947784735, 0.0288658777977083, 0.053113195947784735], [-0.053113195947784735, 0.0288658777977083, 0.053113195947784735]], "aabb": [[-0.053113196045160294, -0.02886587753891945, -0.053113196045160294], [0.053113196045160294, 0.02886587753891945, 0.053113196045160294]], "obb": [[[-0.00033898285792359907, 0.39399248284420707, -0.9191135993732652, -8.004710388119076e-06], [-0.9999997127575533, -0.0007566421744229464, 4.446831344424347e-05, 1.6254543917616453e-05], [-0.0006779199311496964, 0.9191133504388223, 0.3939926261615691, -1.5319021023608893e-05], [0.0, 0.0, 0.0, 1.0]], [0.13937488319622063, 0.05786018639301715, 0.1393928709419093]], "radius": 0.05960423375303779, "volume": 0.00016521581190159573, "num_verts": 3311, "num_faces": 6510, "num_hulls": 0}