{"bbox": [[-0.014354698904823387, -0.05741879561929355, -0.014354698904823387], [0.014354698904823387, -0.05741879561929355, -0.014354698904823387], [0.014354698904823387, 0.057416275619485806, -0.014354698904823387], [-0.014354698904823387, 0.057416275619485806, -0.014354698904823387], [-0.014354698904823387, -0.05741879561929355, 0.014354698904823387], [0.014354698904823387, -0.05741879561929355, 0.014354698904823387], [0.014354698904823387, 0.057416275619485806, 0.014354698904823387], [-0.014354698904823387, 0.057416275619485806, 0.014354698904823387]], "aabb": [[-0.014354699291288853, -0.05741879716515541, -0.014354699291288853], [0.014354699291288853, 0.05741627514362335, 0.014354699291288853]], "obb": [[[-0.9284759518967651, -0.3713925238200089, -6.123233995736766e-17, 1.610571877892771e-18], [3.41115218526117e-17, 7.959398840495483e-17, -1.0, -1.2599999038714893e-06], [0.3713925238200089, -0.9284759518967651, -6.123233995736767e-17, -6.443404826153051e-19], [0.0, 0.0, 0.0, 1.0]], [0.03675073269206735, 0.11483507123877935, 0.036750732692067356]], "radius": 0.058775969635562295, "volume": 5.539732864380195e-05, "num_verts": 902, "num_faces": 1796, "num_hulls": 0}