{"bbox": [[-0.03782064, -0.07248952, -0.015758559999999998], [0.03782064, -0.07248952, -0.015758559999999998], [0.03782064, 0.07248952, -0.015758559999999998], [-0.03782064, 0.07248952, -0.015758559999999998], [-0.03782064, -0.07248952, 0.015758559999999998], [0.03782064, -0.07248952, 0.015758559999999998], [0.03782064, 0.07248952, 0.015758559999999998], [-0.03782064, 0.07248952, 0.015758559999999998]], "aabb": [[-0.037820640951395035, -0.07248952239751816, -0.015758559107780457], [0.037820640951395035, 0.07248952239751816, 0.015758559107780457]], "obb": [[[-6.070892733573871e-17, 1.0, 7.989092464018792e-18, -2.8131637803247744e-23], [0.13047178124470027, 0.0, 0.9914520231956941, 7.625033404274149e-08], [0.9914520231956941, 6.123233995736766e-17, -0.13047178124470027, 4.5942451036223806e-07], [0.0, 0.0, 0.0, 1.0]], [0.07564128, 0.14673794030890855, 0.03260838643773768]], "radius": 0.07899693902683572, "volume": 0.00014111324529752963, "num_verts": 429, "num_faces": 838, "num_hulls": 0}