{"bbox": [[-0.03446609737044545, -0.03446609737044545, -0.04804367633455839], [0.03446609737044545, -0.03446609737044545, -0.04804367633455839], [0.03446609737044545, 0.03446609737044545, -0.04804367633455839], [-0.03446609737044545, 0.03446609737044545, -0.04804367633455839], [-0.03446609737044545, -0.03446609737044545, 0.04804367633455839], [0.03446609737044545, -0.03446609737044545, 0.04804367633455839], [0.03446609737044545, 0.03446609737044545, 0.04804367633455839], [-0.03446609737044545, 0.03446609737044545, 0.04804367633455839]], "aabb": [[-0.03446609899401665, -0.03446609899401665, -0.04804367572069168], [0.03446609899401665, 0.03446609899401665, 0.04804367572069168]], "obb": [[[0.9338620349126361, -2.549045862584511e-06, -0.35763347122764216, -0.00418989489399609], [-8.759008754480204e-06, -0.9999999998376998, -1.574421951552076e-05, -5.091070354091332e-07], [-0.35763347112946536, 1.7835443580253517e-05, -0.933862034783397, 0.0036821664405096636], [0.0, 0.0, 0.0, 1.0]], [0.09682300048986194, 0.06893476176978368, 0.10989465256993564]], "radius": 0.058795683548414135, "volume": 0.0002387091307233839, "num_verts": 1618, "num_faces": 3148, "num_hulls": 0}