{"bbox": [[-0.0679604, -0.0317097, -0.0694707], [0.0679604, -0.0317097, -0.0694707], [0.0679604, 0.031714900000000004, -0.0694707], [-0.0679604, 0.031714900000000004, -0.0694707], [-0.0679604, -0.0317097, 0.0694707], [0.0679604, -0.0317097, 0.0694707], [0.0679604, 0.031714900000000004, 0.0694707], [-0.0679604, 0.031714900000000004, 0.0694707]], "aabb": [[-0.06796039640903473, -0.0317097008228302, -0.06947070360183716], [0.06796039640903473, 0.03171490132808685, 0.06947070360183716]], "obb": [[[0.10006346112165442, 0.08873718277286037, -0.9910161533203639, 0.002222460339213725], [-0.9744923195443064, -0.19234652040767408, -0.11561805756981662, -0.0015163599394976772], [-0.20087812946538594, 0.9773067729636361, 0.06722684450345301, -0.0011864186725289165], [0.0, 0.0, 0.0, 1.0]], [0.1583495653430441, 0.0917368699471348, 0.14636530300622022]], "radius": 0.09793677840295749, "volume": 0.0005737085172937113, "num_verts": 1266, "num_faces": 2516, "num_hulls": 0}