{"bbox": [[-0.01672072, -0.07691528, -0.01672072], [0.01672072, -0.07691528, -0.01672072], [0.01672072, 0.07691528, -0.01672072], [-0.01672072, 0.07691528, -0.01672072], [-0.01672072, -0.07691528, 0.01672072], [0.01672072, -0.07691528, 0.01672072], [0.01672072, 0.07691528, 0.01672072], [-0.01672072, 0.07691528, 0.01672072]], "aabb": [[-0.016720719635486603, -0.07691527903079987, -0.016720719635486603], [0.016720719635486603, 0.07691527903079987, 0.016720719635486603]], "obb": [[[-0.7071067811865476, 0.7071067811865475, 6.123233995736766e-17, 2.4532694666933983e-18], [1.232595164407831e-32, -8.659560562354932e-17, 1.0, -3.0043885998320043e-34], [0.7071067811865475, 0.7071067811865476, 6.123233995736766e-17, 2.4532694666933987e-18], [0.0, 0.0, 0.0, 1.0]], [0.046253760000000005, 0.15383056, 0.046253760000000005]], "radius": 0.07837338933462411, "volume": 7.320177910013013e-05, "num_verts": 713, "num_faces": 1418, "num_hulls": 0}