{"bbox": [[-0.051659800000000006, -0.08801310000000001, -0.015306600000000002], [0.051659800000000006, -0.08801310000000001, -0.015306600000000002], [0.051659800000000006, 0.08801310000000001, -0.015306600000000002], [-0.051659800000000006, 0.08801310000000001, -0.015306600000000002], [-0.051659800000000006, -0.08801310000000001, 0.015306600000000002], [0.051659800000000006, -0.08801310000000001, 0.015306600000000002], [0.051659800000000006, 0.08801310000000001, 0.015306600000000002], [-0.051659800000000006, 0.08801310000000001, 0.015306600000000002]], "aabb": [[-0.05165980011224747, -0.08801309764385223, -0.015306600369513035], [0.05165980011224747, 0.08801309764385223, 0.015306600369513035]], "obb": [[[6.088382720379648e-17, 1.0, 6.523729123200624e-18, -2.2725703714143085e-20], [0.10654058178640073, -0.0, -0.9943083548037879, -3.976769868795626e-05], [-0.9943083548037878, 6.123233995736766e-17, -0.10654058178640075, 0.0003711389068254717], [0.0, 0.0, 0.0, 1.0]], [0.10331960000000001, 0.1787398325412431, 0.03644426545153644]], "radius": 0.09868147642414965, "volume": 0.0002898302994904827, "num_verts": 278, "num_faces": 552, "num_hulls": 0}