{"bbox": [[-0.05254409599120362, -0.026272077995599517, -0.05254409599120362], [0.05254409599120362, -0.026272077995599517, -0.05254409599120362], [0.05254409599120362, 0.026272077995599517, -0.05254409599120362], [-0.05254409599120362, 0.026272077995599517, -0.05254409599120362], [-0.05254409599120362, -0.026272077995599517, 0.05254409599120362], [0.05254409599120362, -0.026272077995599517, 0.05254409599120362], [0.05254409599120362, 0.026272077995599517, 0.05254409599120362], [-0.05254409599120362, 0.026272077995599517, 0.05254409599120362]], "aabb": [[-0.05254409462213516, -0.02627207711338997, -0.05254409462213516], [0.05254409462213516, 0.02627207711338997, 0.05254409462213516]], "obb": [[[0.00012006338276874742, -0.39394093536059704, -0.9191357489685635, 2.683670769423383e-06], [-0.9999999854993791, -0.00015830431536857325, -6.277726769368933e-05, 2.8222805466125946e-06], [-0.00012077261991661467, 0.9191357431777754, -0.39394094865476054, -3.807421735065948e-06], [0.0, 0.0, 0.0, 1.0]], [0.137864294343996, 0.052579328435148766, 0.13786354565024386]], "radius": 0.058903411447355246, "volume": 9.620307332680092e-05, "num_verts": 3261, "num_faces": 6390, "num_hulls": 0}