{"bbox": [[-0.10566405251922732, -0.050535001204848315, -0.10107000240969663], [0.10566405251922732, -0.050535001204848315, -0.10107000240969663], [0.10566405251922732, 0.050535001204848315, -0.10107000240969663], [-0.10566405251922732, 0.050535001204848315, -0.10107000240969663], [-0.10566405251922732, -0.050535001204848315, 0.1010613024094892], [0.10566405251922732, -0.050535001204848315, 0.1010613024094892], [0.10566405251922732, 0.050535001204848315, 0.1010613024094892], [-0.10566405251922732, 0.050535001204848315, 0.1010613024094892]], "aabb": [[-0.10566405206918716, -0.05053500086069107, -0.10107000172138214], [0.10566405206918716, 0.05053500086069107, 0.10106129944324493]], "obb": [[[-1.005412613123509e-17, -6.04012748573394e-17, -1.0, 2.299525333374575e-20], [-0.9864276769333511, 0.16419634033641642, -0.0, 0.0022304209076715415], [0.16419634033641642, 0.9864276769333512, -6.123233995736766e-17, -0.0003755409861807656], [0.0, 0.0, 0.0, 1.0]], [0.21132810503845464, 0.12473897453897018, 0.21850460434075994]], "radius": 0.14648833780235504, "volume": 0.0024178511728132506, "num_verts": 1403, "num_faces": 2790, "num_hulls": 0}