{"bbox": [[-0.052125040000000004, -0.06147912, -0.052125040000000004], [0.052125040000000004, -0.06147912, -0.052125040000000004], [0.052125040000000004, 0.06148088000000001, -0.052125040000000004], [-0.052125040000000004, 0.06148088000000001, -0.052125040000000004], [-0.052125040000000004, -0.06147912, 0.052125040000000004], [0.052125040000000004, -0.06147912, 0.052125040000000004], [0.052125040000000004, 0.06148088000000001, 0.052125040000000004], [-0.052125040000000004, 0.06148088000000001, 0.052125040000000004]], "aabb": [[-0.05212504044175148, -0.0614791214466095, -0.05212504044175148], [0.05212504044175148, 0.06148087978363037, 0.05212504044175148]], "obb": [[[-0.7068527004496054, 0.7073607503030649, -0.00016969910207110002, 8.137311358949315e-06], [4.620246830791093e-08, 0.00023995076833502663, 0.9999999712118129, 3.831074539976807e-06], [0.7073607706588613, 0.7068526800927573, -0.00016964253038521937, 7.494791880293212e-06], [0.0, 0.0, 0.0, 1.0]], [0.1461562251235721, 0.12300157375155882, 0.1461562180400253]], "radius": 0.07846660078695394, "volume": 0.0002662083612390968, "num_verts": 3050, "num_faces": 5960, "num_hulls": 0}