{"bbox": [[-0.039681716972525254, -0.11408495129600897, -0.05394227588453095], [0.039681716972525254, -0.11408495129600897, -0.05394227588453095], [0.039681716972525254, 0.11408495129600897, -0.05394227588453095], [-0.039681716972525254, 0.11408495129600897, -0.05394227588453095], [-0.039681716972525254, -0.11408495129600897, 0.05394227588453095], [0.039681716972525254, -0.11408495129600897, 0.05394227588453095], [0.039681716972525254, 0.11408495129600897, 0.05394227588453095], [-0.039681716972525254, 0.11408495129600897, 0.05394227588453095]], "aabb": [[-0.03968171775341034, -0.11408495157957077, -0.053942274302244186], [0.03968171775341034, 0.11408495157957077, 0.053942274302244186]], "obb": [[[-0.9988920426618907, 0.0315629372852638, -0.0349065623727467, 0.0026291992321332623], [0.03329712550222195, -0.0501543262653727, -0.9981862777007886, 0.0001846247156553665], [-0.03325640600012622, -0.9982426180777862, 0.04904780232754284, 0.0031498872090835323], [0.0, 0.0, 0.0, 1.0]], [0.09155788115705478, 0.23811736492666852, 0.11937276839711228]], "radius": 0.1185517180854563, "volume": 0.0009910820290975721, "num_verts": 1027, "num_faces": 2022, "num_hulls": 0}