{"bbox": [[-0.12168540290120608, -0.04497525107229355, -0.08465940201843743], [0.12168660290123469, -0.04497525107229355, -0.08465940201843743], [0.12168660290123469, 0.04497525107229355, -0.08465940201843743], [-0.12168540290120608, 0.04497525107229355, -0.08465940201843743], [-0.12168540290120608, -0.04497525107229355, 0.08465940201843743], [0.12168660290123469, -0.04497525107229355, 0.08465940201843743], [0.12168660290123469, 0.04497525107229355, 0.08465940201843743], [-0.12168540290120608, 0.04497525107229355, 0.08465940201843743]], "aabb": [[-0.12168540060520172, -0.04497525095939636, -0.0846594050526619], [0.12168660014867783, 0.04497525095939636, 0.0846594050526619]], "obb": [[[0.019109174881126356, 0.009759800237811042, -0.9997697663635765, 0.0007529375562999844], [0.9932313734967102, -0.11477074174309473, 0.01786380534987802, 0.0011472443999892739], [-0.11456997048616628, -0.9933440608062536, -0.011886913970459968, -7.302460084379289e-05], [0.0, 0.0, 0.0, 1.0]], [0.24668811043155386, 0.11078420687305719, 0.18001715828843362]], "radius": 0.14733142730439772, "volume": 0.002154411726561501, "num_verts": 1106, "num_faces": 2196, "num_hulls": 0}