{"bbox": [[-0.022120318312353643, -0.04890719626867704, -0.10712999182663027], [0.022120318312353643, -0.04890719626867704, -0.10712999182663027], [0.022120318312353643, 0.04861607629088773, -0.10712999182663027], [-0.022120318312353643, 0.04861607629088773, -0.10712999182663027], [-0.022120318312353643, -0.04890719626867704, 0.10712351182712465], [0.022120318312353643, -0.04890719626867704, 0.10712351182712465], [0.022120318312353643, 0.04861607629088773, 0.10712351182712465], [-0.022120318312353643, 0.04861607629088773, 0.10712351182712465]], "aabb": [[-0.022120317444205284, -0.04890719801187515, -0.10712999105453491], [0.022120317444205284, 0.04861607775092125, 0.10712350904941559]], "obb": [[[0.9939142672797096, 6.123233995736766e-17, 0.11015638564258558, -0.002429776488322722], [-5.4114563048407465e-17, 1.0, -6.760482955669085e-17, -0.00014555998889465003], [-0.11015638564258558, 6.123233995736767e-17, 0.9939142672797096, 0.00020147620760343823], [0.0, 0.0, 0.0, 1.0]], [0.06731698028965033, 0.09752327255956478, 0.217899695532763]], "radius": 0.11742899855562625, "volume": 0.00015763578950569074, "num_verts": 932, "num_faces": 1820, "num_hulls": 0}