{"bbox": [[-0.03539672, -0.07079352, -0.03539672], [0.03539672, -0.07079352, -0.03539672], [0.03539672, 0.07079352, -0.03539672], [-0.03539672, 0.07079352, -0.03539672], [-0.03539672, -0.07079352, 0.03539672], [0.03539672, -0.07079352, 0.03539672], [0.03539672, 0.07079352, 0.03539672], [-0.03539672, 0.07079352, 0.03539672]], "aabb": [[-0.035396721214056015, -0.070793516933918, -0.035396721214056015], [0.035396721214056015, 0.070793516933918, 0.035396721214056015]], "obb": [[[-0.446813904515589, -0.8946269248863093, 2.0454306261166739e-16, 6.200788556448414e-18], [2.384159416700577e-16, 1.0956019999930584e-16, 1.0, -3.3086858484973296e-33], [-0.8946269248863093, 0.446813904515589, 1.6434029999895872e-16, 1.2415442630729764e-17], [0.0, 0.0, 0.0, 1.0]], [0.0941633606935607, 0.14158704000000003, 0.09416091649271145]], "radius": 0.07855107729063937, "volume": 0.0004725725960254166, "num_verts": 728, "num_faces": 1448, "num_hulls": 0}