{"bbox": [[-0.07597635181141738, -0.13978200333266266, -0.0182343004347396], [0.07597635181141738, -0.13978200333266266, -0.0182343004347396], [0.07597635181141738, 0.13979655333300955, -0.0182343004347396], [-0.07597635181141738, 0.13979655333300955, -0.0182343004347396], [-0.07597635181141738, -0.13978200333266266, 0.0182343004347396], [0.07597635181141738, -0.13978200333266266, 0.0182343004347396], [0.07597635181141738, 0.13979655333300955, 0.0182343004347396], [-0.07597635181141738, 0.13979655333300955, 0.0182343004347396]], "aabb": [[-0.07597634941339493, -0.13978199660778046, -0.01823430135846138], [0.07597634941339493, 0.13979655504226685, 0.01823430135846138]], "obb": [[[0.0026556994309890588, -0.9999964729997448, -3.533557582888511e-05, -1.2577624508574642e-05], [0.013304385263605015, -1.7789266371393258e-17, 0.9999114927496121, -5.599396013618774e-05], [-0.999907966061522, -0.0026559345004489045, 0.013304338339034797, 0.00017715137111346885], [0.0, 0.0, 0.0, 1.0]], [0.15204508678605488, 0.280111669919934, 0.038629269807743616]], "radius": 0.14740869475905233, "volume": 0.0012331369730804072, "num_verts": 394, "num_faces": 780, "num_hulls": 0}