{"bbox": [[-0.09686639260968075, -0.06107183534058874, -0.058965955501254615], [0.09687263260920466, -0.06107183534058874, -0.058965955501254615], [0.09687263260920466, 0.06107183534058874, -0.058965955501254615], [-0.09686639260968075, 0.06107183534058874, -0.058965955501254615], [-0.09686639260968075, -0.06107183534058874, 0.058965955501254615], [0.09687263260920466, -0.06107183534058874, 0.058965955501254615], [0.09687263260920466, 0.06107183534058874, 0.058965955501254615], [-0.09686639260968075, 0.06107183534058874, 0.058965955501254615]], "aabb": [[-0.09686639159917831, -0.061071835458278656, -0.058965954929590225], [0.09687263518571854, 0.061071835458278656, 0.058965954929590225]], "obb": [[[-6.112657895529667e-17, -3.597332605768669e-18, -1.0, 3.119999761963539e-06], [-0.058748899817862126, 0.9982727917609449, 0.0, 0.00025441577921156384], [0.9982727917609449, 0.058748899817862126, -6.123233995736766e-17, -0.00010887498296345597], [0.0, 0.0, 0.0, 1.0]], [0.19373902521888542, 0.1296993121680259, 0.12179661120093223]], "radius": 0.1172923299587106, "volume": 0.0012536458906951976, "num_verts": 1135, "num_faces": 2218, "num_hulls": 0}