{"bbox": [[-0.03289307749045734, -0.11207999144897526, -0.03776603711868003], [0.03289307749045734, -0.11207999144897526, -0.03776603711868003], [0.03289307749045734, 0.11207999144897526, -0.03776603711868003], [-0.03289307749045734, 0.11207999144897526, -0.03776603711868003], [-0.03289307749045734, -0.11207999144897526, 0.03776603711868003], [0.03289307749045734, -0.11207999144897526, 0.03776603711868003], [0.03289307749045734, 0.11207999144897526, 0.03776603711868003], [-0.03289307749045734, 0.11207999144897526, 0.03776603711868003]], "aabb": [[-0.03289307653903961, -0.11207999289035797, -0.03776603564620018], [0.03289307653903961, 0.11207999289035797, 0.03776603564620018]], "obb": [[[-0.6943947070898818, -0.7195942255274487, 0.00037596955804330826, -1.1064064398333787e-05], [0.0012454841814683168, -0.0006793946176424027, 0.9999989935955472, -1.0655981057469882e-05], [-0.7195932458929217, 0.6943944765120939, 0.00136801125148662, -0.004280030441221697], [0.0, 0.0, 0.0, 1.0]], [0.09564558865985118, 0.2243563079096345, 0.09586724711138742]], "radius": 0.1175216828665071, "volume": 0.0006351473067536954, "num_verts": 1162, "num_faces": 2312, "num_hulls": 0}