{"bbox": [[-0.03540653729869558, -0.037489257139796665, -0.04790297634529294], [0.03540653729869558, -0.037489257139796665, -0.04790297634529294], [0.03540653729869558, 0.037489257139796665, -0.04790297634529294], [-0.03540653729869558, 0.037489257139796665, -0.04790297634529294], [-0.03540653729869558, -0.037489257139796665, 0.04790297634529294], [0.03540653729869558, -0.037489257139796665, 0.04790297634529294], [0.03540653729869558, 0.037489257139796665, 0.04790297634529294], [-0.03540653729869558, 0.037489257139796665, 0.04790297634529294]], "aabb": [[-0.03540653735399246, -0.037489257752895355, -0.04790297523140907], [0.03540653735399246, 0.037489257752895355, 0.04790297523140907]], "obb": [[[-0.865432274938396, 6.123233995736765e-17, -0.5010259249729024, -0.004685842355653623], [2.23134535037106e-17, 1.0, 8.36714330345013e-17, 4.0031116984161126e-23], [0.5010259249729024, 6.123233995736765e-17, -0.865432274938396, 0.004685188597900579], [0.0, 0.0, 0.0, 1.0]], [0.10735128042194307, 0.07497851427959334, 0.114438131334922]], "radius": 0.05985419434393044, "volume": 0.00016989858561381762, "num_verts": 1383, "num_faces": 2682, "num_hulls": 0}