{"bbox": [[-0.04799608, -0.06690360000000001, -0.01018096], [0.04799608, -0.06690360000000001, -0.01018096], [0.04799608, 0.06690360000000001, -0.01018096], [-0.04799608, 0.06690360000000001, -0.01018096], [-0.04799608, -0.06690360000000001, 0.01018096], [0.04799608, -0.06690360000000001, 0.01018096], [0.04799608, 0.06690360000000001, 0.01018096], [-0.04799608, 0.06690360000000001, 0.01018096]], "aabb": [[-0.04799608141183853, -0.06690359860658646, -0.010180960409343243], [0.04799608141183853, 0.06690359860658646, 0.010180960409343243]], "obb": [[[0.049986116521915765, 0.9987499127184231, -6.130888572676956e-17, 5.511510369758995e-08], [-6.121533760037077e-18, -6.107924841856385e-17, -1.0, -5.415159172896338e-24], [-0.998749912718423, 0.049986116521915765, 3.0607668800185387e-18, -6.652298780982001e-07], [0.0, 0.0, 0.0, 1.0]], [0.09741501545082305, 0.13380720000000002, 0.023543514541318276]], "radius": 0.07820014163727981, "volume": 0.0001492143768031142, "num_verts": 439, "num_faces": 866, "num_hulls": 0}