{"bbox": [[-0.01573517879950113, -0.05790557558215518, -0.01573517879950113], [0.01573517879950113, -0.05790557558215518, -0.01573517879950113], [0.01573517879950113, 0.05790557558215518, -0.01573517879950113], [-0.01573517879950113, 0.05790557558215518, -0.01573517879950113], [-0.01573517879950113, -0.05790557558215518, 0.01573517879950113], [0.01573517879950113, -0.05790557558215518, 0.01573517879950113], [0.01573517879950113, 0.05790557558215518, 0.01573517879950113], [-0.01573517879950113, 0.05790557558215518, 0.01573517879950113]], "aabb": [[-0.01573517918586731, -0.05790557712316513, -0.01573517918586731], [0.01573517918586731, 0.05790557712316513, 0.01573517918586731]], "obb": [[[0.7071067811865476, 0.7071067811865475, 4.329780281177467e-17, -1.2266347333466993e-18], [6.123233995736766e-17, -0.0, -1.0, -1.0622117761303836e-34], [-0.7071067811865475, 0.7071067811865476, -4.329780281177466e-17, 1.2266347333466992e-18], [0.0, 0.0, 0.0, 1.0]], [0.04363223667112453, 0.11581115116431036, 0.04363223667112453]], "radius": 0.0588587804345353, "volume": 6.872112142270714e-05, "num_verts": 630, "num_faces": 1256, "num_hulls": 0}