{"bbox": [[-0.028709397809646774, -0.1148375912385871, -0.028709397809646774], [0.028709397809646774, -0.1148375912385871, -0.028709397809646774], [0.028709397809646774, 0.11483255123897161, -0.028709397809646774], [-0.028709397809646774, 0.11483255123897161, -0.028709397809646774], [-0.028709397809646774, -0.1148375912385871, 0.028709397809646774], [0.028709397809646774, -0.1148375912385871, 0.028709397809646774], [0.028709397809646774, 0.11483255123897161, 0.028709397809646774], [-0.028709397809646774, 0.11483255123897161, 0.028709397809646774]], "aabb": [[-0.028709398582577705, -0.11483759433031082, -0.028709398582577705], [0.028709398582577705, 0.1148325502872467, 0.028709398582577705]], "obb": [[[-0.9284759518967651, -0.3713925238200089, -6.123233995736766e-17, 3.221143755785542e-18], [3.41115218526117e-17, 7.959398840495483e-17, -1.0, -2.5199998077429786e-06], [0.3713925238200089, -0.9284759518967651, -6.123233995736767e-17, -1.2886809652306102e-18], [0.0, 0.0, 0.0, 1.0]], [0.0735014653841347, 0.2296701424775587, 0.07350146538413471]], "radius": 0.11755193927112459, "volume": 0.0004431786291504156, "num_verts": 902, "num_faces": 1796, "num_hulls": 0}