{"bbox": [[-0.03958535697987694, -0.04166873682092767, -0.04791905634406614], [0.039585296979881515, -0.04166873682092767, -0.04791905634406614], [0.039585296979881515, 0.041668796820923094, -0.04791905634406614], [-0.03958535697987694, 0.041668796820923094, -0.04791905634406614], [-0.03958535697987694, -0.04166873682092767, 0.04791905634406614], [0.039585296979881515, -0.04166873682092767, 0.04791905634406614], [0.039585296979881515, 0.041668796820923094, 0.04791905634406614], [-0.03958535697987694, 0.041668796820923094, 0.04791905634406614]], "aabb": [[-0.039585355669260025, -0.041668735444545746, -0.04791905730962753], [0.03958529606461525, 0.04166879504919052, 0.04791905730962753]], "obb": [[[-0.39390844360733296, 0.9191496820615108, 4.590436927279164e-06, -0.0027474750287471874], [8.132817549713272e-06, -1.5088417599858979e-06, 0.9999999999657904, 1.6601058685300744e-07], [0.9191496820369932, 0.39390844363119065, -6.8809311557574364e-06, 0.00016212109612334067], [0.0, 0.0, 0.0, 1.0]], [0.10276842673985763, 0.08333828595597878, 0.10090234209725243]], "radius": 0.0599388408069297, "volume": 0.00018153276948277652, "num_verts": 2787, "num_faces": 5366, "num_hulls": 0}