{"bbox": [[-0.045491396529281886, -0.10463027201734375, -0.05686427566160006], [0.045491396529281886, -0.10463027201734375, -0.05686427566160006], [0.045491396529281886, 0.10463027201734375, -0.05686427566160006], [-0.045491396529281886, 0.10463027201734375, -0.05686427566160006], [-0.045491396529281886, -0.10463027201734375, 0.05686427566160006], [0.045491396529281886, -0.10463027201734375, 0.05686427566160006], [0.045491396529281886, 0.10463027201734375, 0.05686427566160006], [-0.045491396529281886, 0.10463027201734375, 0.05686427566160006]], "aabb": [[-0.04549139738082886, -0.10463026911020279, -0.05686427652835846], [0.04549139738082886, 0.10463026911020279, 0.05686427652835846]], "obb": [[[-1.0, 6.042778071319967e-17, -9.893572394847966e-18, -2.5629265909102125e-20], [-0.0, -0.16157429883842844, -0.9868605504096665, -0.002558378926138119], [-6.123233995736766e-17, -0.9868605504096666, 0.16157429883842844, 0.00041855767600823714], [0.0, 0.0, 0.0, 1.0]], [0.09098279305856377, 0.23171551929943077, 0.13514151665859897]], "radius": 0.11742773367371233, "volume": 0.0011808210555113597, "num_verts": 985, "num_faces": 1958, "num_hulls": 0}