{"bbox": [[-0.03305783747788715, -0.04905359625750761, -0.03305783747788715], [0.03305783747788715, -0.04905359625750761, -0.03305783747788715], [0.03305783747788715, 0.049052756257571696, -0.03305783747788715], [-0.03305783747788715, 0.049052756257571696, -0.03305783747788715], [-0.03305783747788715, -0.04905359625750761, 0.03305783747788715], [0.03305783747788715, -0.04905359625750761, 0.03305783747788715], [0.03305783747788715, 0.049052756257571696, 0.03305783747788715], [-0.03305783747788715, 0.049052756257571696, 0.03305783747788715]], "aabb": [[-0.033057838678359985, -0.04905359447002411, -0.033057838678359985], [0.033057838678359985, 0.049052756279706955, 0.033057838678359985]], "obb": [[[-0.9283217410034584, -0.37177781695564893, -2.27648256764363e-17, 9.561226054653652e-24], [-3.0814879110195774e-33, -6.123233995736766e-17, 1.0, -4.199999679571631e-07], [-0.37177781695564893, 0.9283217410034583, 5.684331243493918e-17, -2.3874189401253466e-23], [0.0, 0.0, 0.0, 1.0]], [0.08546389459072593, 0.0981063525150793, 0.08546389459072593]], "radius": 0.05875160134410489, "volume": 0.00032169707855867423, "num_verts": 675, "num_faces": 1338, "num_hulls": 0}