{"bbox": [[-0.07634976, -0.01825752, -0.07634976], [0.07634976, -0.01825752, -0.07634976], [0.07634976, 0.018257600000000002, -0.07634976], [-0.07634976, 0.018257600000000002, -0.07634976], [-0.07634976, -0.01825752, 0.07634976], [0.07634976, -0.01825752, 0.07634976], [0.07634976, 0.018257600000000002, 0.07634976], [-0.07634976, 0.018257600000000002, 0.07634976]], "aabb": [[-0.07634975761175156, -0.018257519230246544, -0.07634975761175156], [0.07634975761175156, 0.01825759932398796, 0.07634975761175156]], "obb": [[[1.1256833128138865e-16, 0.9191901808730738, -0.3938139299041181, 9.633562421628989e-07], [1.0, -1.224646799147353e-16, -1.1329893721153105e-32, 3.9999999999762335e-08], [-4.8228296871671834e-17, -0.3938139299041181, -0.919190180873074, -9.853737249748163e-08], [0.0, 0.0, 0.0, 1.0]], [0.20030590253192027, 0.03651512000000002, 0.20030601843288617]], "radius": 0.07903306667825563, "volume": 0.00021312437521768974, "num_verts": 2004, "num_faces": 3948, "num_hulls": 0}