{"bbox": [[-0.015485098818580718, -0.056985055652385284, -0.016104478771325776], [0.015485098818580718, -0.056985055652385284, -0.016104478771325776], [0.015485098818580718, 0.056985055652385284, -0.016104478771325776], [-0.015485098818580718, 0.056985055652385284, -0.016104478771325776], [-0.015485098818580718, -0.056985055652385284, 0.016104478771325776], [0.015485098818580718, -0.056985055652385284, 0.016104478771325776], [0.015485098818580718, 0.056985055652385284, 0.016104478771325776], [-0.015485098818580718, 0.056985055652385284, 0.016104478771325776]], "aabb": [[-0.015485098585486412, -0.05698505416512489, -0.016104478389024734], [0.015485098585486412, 0.05698505416512489, 0.016104478389024734]], "obb": [[[-0.8944369353477383, -0.44719410627349065, -6.123233995736766e-17, 1.5516007495284712e-18], [2.7385724953369198e-17, 8.215120803790836e-17, -1.0, -4.75066599832534e-35], [0.44719410627349065, -0.8944369353477382, -6.123233995736765e-17, -7.757581144710914e-19], [0.0, 0.0, 0.0, 1.0]], [0.04186908054908089, 0.11397011130477057, 0.0421170539167469]], "radius": 0.058819867868365225, "volume": 6.667547544189112e-05, "num_verts": 654, "num_faces": 1304, "num_hulls": 0}