{"bbox": [[-0.030685120000000003, -0.07430488, -0.030685120000000003], [0.030685120000000003, -0.07430488, -0.030685120000000003], [0.030685120000000003, 0.07430488, -0.030685120000000003], [-0.030685120000000003, 0.07430488, -0.030685120000000003], [-0.030685120000000003, -0.07430488, 0.030685120000000003], [0.030685120000000003, -0.07430488, 0.030685120000000003], [0.030685120000000003, 0.07430488, 0.030685120000000003], [-0.030685120000000003, 0.07430488, 0.030685120000000003]], "aabb": [[-0.030685119330883026, -0.07430487871170044, -0.030685119330883026], [0.030685119330883026, 0.07430487871170044, 0.030685119330883026]], "obb": [[[-0.8305702914797484, 0.5518982846116852, 0.07457395224825536, 0.0007037292675688322], [-0.062111860597046986, 0.04127215922505233, -0.9972154860641078, -0.0006117071048763942], [-0.5534393441782204, -0.8328894838545995, 5.186915219083747e-17, -8.427379198688189e-05], [0.0, 0.0, 0.0, 1.0]], [0.0965610011576363, 0.15644748958415852, 0.08570346167905332]], "radius": 0.07848777426554024, "volume": 0.0002636167869432573, "num_verts": 2851, "num_faces": 5566, "num_hulls": 0}