{"bbox": [[-0.06693104, -0.04074064, -0.06693104], [0.06693104, -0.04074064, -0.06693104], [0.06693104, 0.040733040000000005, -0.06693104], [-0.06693104, 0.040733040000000005, -0.06693104], [-0.06693104, -0.04074064, 0.06693104], [0.06693104, -0.04074064, 0.06693104], [0.06693104, 0.040733040000000005, 0.06693104], [-0.06693104, 0.040733040000000005, 0.06693104]], "aabb": [[-0.06693103909492493, -0.040740638971328735, -0.06693103909492493], [0.06693103909492493, 0.04073303937911987, 0.06693103909492493]], "obb": [[[6.123233995736766e-17, -0.9191454035846397, 0.39391842692266876, -2.3268289183746503e-22], [1.0, 3.2160876789746216e-17, -8.040197085534689e-17, -3.7999999999913103e-06], [6.123233995736765e-17, 0.39391842692266876, 0.9191454035846396, -2.3268289183746503e-22], [0.0, 0.0, 0.0, 1.0]], [0.17556899786056623, 0.08147368000000003, 0.1755689978605662]], "radius": 0.0783954667008546, "volume": 0.0010911035130342648, "num_verts": 750, "num_faces": 1480, "num_hulls": 0}