{"bbox": [[-0.03237797752975635, -0.05516249579143557, -0.009593459268077144], [0.032374797529998965, -0.05516249579143557, -0.009593459268077144], [0.032374797529998965, 0.05516249579143557, -0.009593459268077144], [-0.03237797752975635, 0.05516249579143557, -0.009593459268077144], [-0.03237797752975635, -0.05516249579143557, 0.009593459268077144], [0.032374797529998965, -0.05516249579143557, 0.009593459268077144], [0.032374797529998965, 0.05516249579143557, 0.009593459268077144], [-0.03237797752975635, 0.05516249579143557, 0.009593459268077144]], "aabb": [[-0.032377976924180984, -0.055162496864795685, -0.009593458846211433], [0.032374799251556396, 0.055162496864795685, 0.009593458846211433]], "obb": [[[0.08308433276393093, 0.996542519739711, -6.123233995736767e-17, 3.971409557963478e-05], [5.593318224174168e-17, -6.610807845960583e-17, -1.0, -8.806881872660738e-21], [-0.9965425197397111, 0.08308433276393093, -6.123233995736766e-17, 0.0001041132002381052], [0.0, 0.0, 0.0, 1.0]], [0.06619214396862123, 0.11032499158287114, 0.022075366543408824]], "radius": 0.05924644212909825, "volume": 0.00010358437589324065, "num_verts": 586, "num_faces": 1164, "num_hulls": 0}