{"bbox": [[-0.03933795093788984, -0.1447639534514416, -0.03933795093788984], [0.03933795093788984, -0.1447639534514416, -0.03933795093788984], [0.03933795093788984, 0.1447639534514416, -0.03933795093788984], [-0.03933795093788984, 0.1447639534514416, -0.03933795093788984], [-0.03933795093788984, -0.1447639534514416, 0.03933795093788984], [0.03933795093788984, -0.1447639534514416, 0.03933795093788984], [0.03933795093788984, 0.1447639534514416, 0.03933795093788984], [-0.03933795093788984, 0.1447639534514416, 0.03933795093788984]], "aabb": [[-0.03933795168995857, -0.14476394653320312, -0.03933795168995857], [0.03933795168995857, 0.14476394653320312, 0.03933795168995857]], "obb": [[[0.7071067811865476, 0.7071067811865475, -1.29893408435324e-16, 9.813077866773595e-18], [-1.8369701987210297e-16, -0.0, -1.0, -2.5493082627129206e-33], [-0.7071067811865475, 0.7071067811865476, 1.2989340843532396e-16, -9.813077866773593e-18], [0.0, 0.0, 0.0, 1.0]], [0.10908060260068426, 0.2895279069028832, 0.10908060260068426]], "radius": 0.14714696582101675, "volume": 0.001073767844797559, "num_verts": 630, "num_faces": 1256, "num_hulls": 0}