{"bbox": [[-0.0250005, -0.0958351, -0.0250005], [0.0250005, -0.0958351, -0.0250005], [0.0250005, 0.0958351, -0.0250005], [-0.0250005, 0.0958351, -0.0250005], [-0.0250005, -0.0958351, 0.0250005], [0.0250005, -0.0958351, 0.0250005], [0.0250005, 0.0958351, 0.0250005], [-0.0250005, 0.0958351, 0.0250005]], "aabb": [[-0.025000499561429024, -0.09583509713411331, -0.025000499561429024], [0.025000499561429024, 0.09583509713411331, 0.025000499561429024]], "obb": [[[-0.7070671805140484, -0.7071463796413824, -6.123233995736767e-17, -1.666666645447991e-08], [-4.8495478892367076e-21, 8.659560548775656e-17, -1.0, -3.5719093598125936e-23], [0.7071463796413824, -0.7070671805140484, -6.123233995736766e-17, 6.00003733484663e-07], [0.0, 0.0, 0.0, 1.0]], [0.06944399977101078, 0.1916702, 0.0694439997373994]], "radius": 0.09836069677396558, "volume": 0.00020194498434845704, "num_verts": 1223, "num_faces": 2366, "num_hulls": 0}