{"bbox": [[-0.06520730000000001, -0.0333989, -0.0731594], [0.06520730000000001, -0.0333989, -0.0731594], [0.06520730000000001, 0.0333989, -0.0731594], [-0.06520730000000001, 0.0333989, -0.0731594], [-0.06520730000000001, -0.0333989, 0.0731594], [0.06520730000000001, -0.0333989, 0.0731594], [0.06520730000000001, 0.0333989, 0.0731594], [-0.06520730000000001, 0.0333989, 0.0731594]], "aabb": [[-0.06520730257034302, -0.03339890018105507, -0.07315939664840698], [0.06520730257034302, 0.03339890018105507, 0.07315939664840698]], "obb": [[[0.22080000579526662, -0.9752893501375611, -0.0076184610692586535, -0.0004700744142074822], [-0.9750574824715086, -0.2209149567120931, 0.021435666008263604, 0.0012475735523907387], [-0.022589008768293263, 0.0026954422916485366, -0.9997412021486952, -0.00042531768800477667], [0.0, 0.0, 0.0, 1.0]], [0.140863637623205, 0.0977158882476271, 0.14811462589047597]], "radius": 0.09724766660283629, "volume": 0.0005782062099908453, "num_verts": 1120, "num_faces": 2220, "num_hulls": 0}