{"bbox": [[-0.0520287012404609, -0.14078370335654505, -0.0520287012404609], [0.0520287012404609, -0.14078370335654505, -0.0520287012404609], [0.0520287012404609, 0.14077815335641272, -0.0520287012404609], [-0.0520287012404609, 0.14077815335641272, -0.0520287012404609], [-0.0520287012404609, -0.14078370335654505, 0.0520287012404609], [0.0520287012404609, -0.14078370335654505, 0.0520287012404609], [0.0520287012404609, 0.14077815335641272, 0.0520287012404609], [-0.0520287012404609, 0.14077815335641272, 0.0520287012404609]], "aabb": [[-0.05202870070934296, -0.14078369736671448, -0.05202870070934296], [0.05202870070934296, 0.14077815413475037, 0.05202870070934296]], "obb": [[[0.44721359549995804, 0.8944271909999159, -6.123233995736767e-17, 6.206165463370748e-18], [2.7383934913210125e-17, -8.21518047396304e-17, -1.0, -2.7750000661797003e-06], [-0.8944271909999159, 0.44721359549995804, -6.123233995736766e-17, 3.102997771811658e-18], [0.0, 0.0, 0.0, 1.0]], [0.13954872332710086, 0.28156185671295775, 0.13954866332709945]], "radius": 0.14734953314912755, "volume": 0.0014729662411335832, "num_verts": 707, "num_faces": 1402, "num_hulls": 0}