{"bbox": [[-0.014294458909419334, -0.05717663563776889, -0.014294458909419334], [0.014294458909419334, -0.05717663563776889, -0.014294458909419334], [0.014294458909419334, 0.05717771563768649, -0.014294458909419334], [-0.014294458909419334, 0.05717771563768649, -0.014294458909419334], [-0.014294458909419334, -0.05717663563776889, 0.014294458909419334], [0.014294458909419334, -0.05717663563776889, 0.014294458909419334], [0.014294458909419334, 0.05717771563768649, 0.014294458909419334], [-0.014294458909419334, 0.05717771563768649, 0.014294458909419334]], "aabb": [[-0.014294458553195, -0.057176634669303894, -0.014294458553195], [0.014294458553195, 0.05717771500349045, 0.014294458553195]], "obb": [[[0.9804100154297398, 0.19696751418712985, -6.123233995736766e-17, 3.41717236326263e-19], [-4.797201757313793e-17, -7.209358115166588e-17, -1.0, 5.399999587971105e-07], [-0.19696751418712988, 0.9804100154297398, -6.123233995736766e-17, 1.7007733353098072e-18], [0.0, 0.0, 0.0, 1.0]], [0.03328869456966065, 0.11435435127545537, 0.03328869456966066]], "radius": 0.058788492475956806, "volume": 5.1255760080186e-05, "num_verts": 662, "num_faces": 1316, "num_hulls": 0}