{"bbox": [[-0.017374678674417214, -0.057088195644516324, -0.017374678674417214], [0.017374678674417214, -0.057088195644516324, -0.017374678674417214], [0.017374678674417214, 0.057088195644516324, -0.017374678674417214], [-0.017374678674417214, 0.057088195644516324, -0.017374678674417214], [-0.017374678674417214, -0.057088195644516324, 0.017374678674417214], [0.017374678674417214, -0.057088195644516324, 0.017374678674417214], [0.017374678674417214, 0.057088195644516324, 0.017374678674417214], [-0.017374678674417214, 0.057088195644516324, 0.017374678674417214]], "aabb": [[-0.017374679446220398, -0.05708819627761841, -0.017374679446220398], [0.017374679446220398, 0.05708819627761841, 0.017374679446220398]], "obb": [[[0.8944185457666264, 0.4472308855487041, -1.8771026022730325e-07, 3.26148356691198e-09], [8.94763820854983e-08, -5.986607911574613e-07, -0.9999999999998169, -3.861653104738741e-09], [-0.4472308855487346, 0.8944185457664456, -5.754699158303463e-07, 9.998844349380619e-09], [0.0, 0.0, 0.0, 1.0]], [0.0461649988558248, 0.11417642435131782, 0.04616506008239448]], "radius": 0.05881829317569657, "volume": 8.084157482543056e-05, "num_verts": 813, "num_faces": 1618, "num_hulls": 0}