{"bbox": [[-0.06669135159004572, -0.12782505304758676, -0.06669135159004572], [0.06669135159004572, -0.12782505304758676, -0.06669135159004572], [0.06669135159004572, 0.12782505304758676, -0.06669135159004572], [-0.06669135159004572, 0.12782505304758676, -0.06669135159004572], [-0.06669135159004572, -0.12782505304758676, 0.06669135159004572], [0.06669135159004572, -0.12782505304758676, 0.06669135159004572], [0.06669135159004572, 0.12782505304758676, 0.06669135159004572], [-0.06669135159004572, 0.12782505304758676, 0.06669135159004572]], "aabb": [[-0.06669135391712189, -0.1278250515460968, -0.06669135391712189], [0.06669135391712189, 0.1278250515460968, 0.06669135391712189]], "obb": [[[-0.8944507903222088, -0.44716639374172107, -6.123233995736766e-17, 4.940659825536993e-08], [2.738827022904247e-17, 8.215035950724886e-17, -1.0, -3.5952094273226446e-23], [0.4471663937417211, -0.8944507903222088, -6.123233995736766e-17, 5.377356585693355e-07], [0.0, 0.0, 0.0, 1.0]], [0.16005763255553013, 0.2556501060951735, 0.16005814694766085]], "radius": 0.14586263005410016, "volume": 0.0010201062096981822, "num_verts": 1660, "num_faces": 3236, "num_hulls": 0}