{"bbox": [[-0.05107395121769789, -0.13819995329494364, -0.05107395121769789], [0.05107395121769789, -0.13819995329494364, -0.05107395121769789], [0.05107395121769789, 0.13819995329494364, -0.05107395121769789], [-0.05107395121769789, 0.13819995329494364, -0.05107395121769789], [-0.05107395121769789, -0.13819995329494364, 0.05107395121769789], [0.05107395121769789, -0.13819995329494364, 0.05107395121769789], [0.05107395121769789, 0.13819995329494364, 0.05107395121769789], [-0.05107395121769789, 0.13819995329494364, 0.05107395121769789]], "aabb": [[-0.05107394978404045, -0.13819995522499084, -0.05107394978404045], [0.05107394978404045, 0.13819995522499084, 0.05107394978404045]], "obb": [[[-0.4472138390207769, 0.8944270692394649, 6.123233995736765e-17, -3.1031693813242173e-18], [-2.738391254618325e-17, -8.215181219530263e-17, 1.0, -1.9001406383183962e-34], [0.8944270692394651, 0.4472138390207768, 6.123233995736766e-17, 6.206334538235333e-18], [0.0, 0.0, 0.0, 1.0]], [0.1369877648584001, 0.2763999065898873, 0.13698776485840014]], "radius": 0.14681144424995435, "volume": 0.001990242171663518, "num_verts": 258, "num_faces": 512, "num_hulls": 0}