{"bbox": [[-0.0230284, -0.07566472, -0.0230284], [0.0230284, -0.07566472, -0.0230284], [0.0230284, 0.07566472, -0.0230284], [-0.0230284, 0.07566472, -0.0230284], [-0.0230284, -0.07566472, 0.0230284], [0.0230284, -0.07566472, 0.0230284], [0.0230284, 0.07566472, 0.0230284], [-0.0230284, 0.07566472, 0.0230284]], "aabb": [[-0.023028399795293808, -0.07566472142934799, -0.023028399795293808], [0.023028399795293808, 0.07566472142934799, 0.023028399795293808]], "obb": [[[0.8944271909999153, 0.4472135954999589, -6.123233995736766e-17, -0.00016409599999999425], [-2.7383934913210048e-17, -8.215180473963043e-17, -1.0, 5.0239910288216746e-21], [-0.44721359549995887, 0.8944271909999155, -6.123233995736767e-17, 8.204800000000122e-05], [0.0, 0.0, 0.0, 1.0]], [0.06085846400000003, 0.15132944, 0.06102256000000004]], "radius": 0.07840774603407498, "volume": 0.00017389877268284554, "num_verts": 1323, "num_faces": 2638, "num_hulls": 0}