{"bbox": [[-0.0212344, -0.07513704, -0.0212344], [0.0212344, -0.07513704, -0.0212344], [0.0212344, 0.07513704, -0.0212344], [-0.0212344, 0.07513704, -0.0212344], [-0.0212344, -0.07513704, 0.0212344], [0.0212344, -0.07513704, 0.0212344], [0.0212344, 0.07513704, 0.0212344], [-0.0212344, 0.07513704, 0.0212344]], "aabb": [[-0.02123440057039261, -0.07513704150915146, -0.02123440057039261], [0.02123440057039261, 0.07513704150915146, 0.02123440057039261]], "obb": [[[-0.9283403163393155, -0.3717314313573976, -6.123233995736766e-17, 0.000652447094198623], [3.408246446850415e-17, 7.960643522393426e-17, -1.0, -1.1393813370445002e-19], [0.37173143135739767, -0.9283403163393156, -6.123233995736766e-17, 0.0012083038387851268], [0.0, 0.0, 0.0, 1.0]], [0.04636055982083611, 0.15027408, 0.04669588083231316]], "radius": 0.07826739907045845, "volume": 0.00016067713355336338, "num_verts": 1033, "num_faces": 2014, "num_hulls": 0}