{"bbox": [[-0.049219951173495084, -0.14150745337380058, -0.049219951173495084], [0.049219951173495084, -0.14150745337380058, -0.049219951173495084], [0.049219951173495084, 0.14150745337380058, -0.049219951173495084], [-0.049219951173495084, 0.14150745337380058, -0.049219951173495084], [-0.049219951173495084, -0.14150745337380058, 0.049219951173495084], [0.049219951173495084, -0.14150745337380058, 0.049219951173495084], [0.049219951173495084, 0.14150745337380058, 0.049219951173495084], [-0.049219951173495084, 0.14150745337380058, 0.049219951173495084]], "aabb": [[-0.049219951033592224, -0.14150744676589966, -0.049219951033592224], [0.049219951033592224, 0.14150744676589966, 0.049219951033592224]], "obb": [[[-0.89443155563491, -0.4472048661234746, 6.123233995736766e-17, 6.206365668857336e-18], [8.21515374762957e-17, -2.738473669017233e-17, 1.0, -5.700408025908744e-34], [-0.44720486612347465, 0.8944315556349101, 6.123233995736767e-17, 3.1031071193418265e-18], [0.0, 0.0, 0.0, 1.0]], [0.12919326284557497, 0.28301490674760116, 0.12919326284557497]], "radius": 0.14756312707177063, "volume": 0.001679255159850864, "num_verts": 441, "num_faces": 878, "num_hulls": 0}