{"bbox": [[-0.0860547, -0.029932100000000003, -0.05238110000000001], [0.0860547, -0.029932100000000003, -0.05238110000000001], [0.0860547, 0.029932100000000003, -0.05238110000000001], [-0.0860547, 0.029932100000000003, -0.05238110000000001], [-0.0860547, -0.029932100000000003, 0.05238110000000001], [0.0860547, -0.029932100000000003, 0.05238110000000001], [0.0860547, 0.029932100000000003, 0.05238110000000001], [-0.0860547, 0.029932100000000003, 0.05238110000000001]], "aabb": [[-0.08605469763278961, -0.02993210032582283, -0.05238109827041626], [0.08605469763278961, 0.02993210032582283, 0.05238109827041626]], "obb": [[[0.004412444960255981, 0.013198736110329958, -0.9999031571580135, 1.3067097305138963e-05], [-0.9999023066801158, -0.013203749298566282, -0.004586730888572361, 2.7596431413609075e-05], [-0.013263009660566694, 0.9998257119966212, 0.013139185864932125, -0.0002097527297326556], [0.0, 0.0, 0.0, 1.0]], [0.1733476643477371, 0.06225399363682699, 0.10647118328087798]], "radius": 0.0985797828203126, "volume": 0.0006785460297132241, "num_verts": 857, "num_faces": 1710, "num_hulls": 0}