{"bbox": [[-0.12787335304873831, -0.07227750172322993, -0.1278754530487884], [0.1278754530487884, -0.07227750172322993, -0.1278754530487884], [0.1278754530487884, 0.0722745017231584, -0.1278754530487884], [-0.12787335304873831, 0.0722745017231584, -0.1278754530487884], [-0.12787335304873831, -0.07227750172322993, 0.1278754530487884], [0.1278754530487884, -0.07227750172322993, 0.1278754530487884], [0.1278754530487884, 0.0722745017231584, 0.1278754530487884], [-0.12787335304873831, 0.0722745017231584, 0.1278754530487884]], "aabb": [[-0.12787334620952606, -0.0722775012254715, -0.1278754472732544], [0.1278754472732544, 0.07227449864149094, 0.1278754472732544]], "obb": [[[-6.123233995736767e-17, -0.9284504211102462, 0.37145634405701927, 1.2236395279327899e-06], [-1.0, 7.95963329576041e-17, 3.410605068036343e-17, -1.5000000357506815e-06], [-6.123233995736766e-17, -0.37145634405701927, -0.9284504211102462, 2.7929775604114625e-07], [0.0, 0.0, 0.0, 1.0]], [0.3317690344249962, 0.14455200344638838, 0.3322002089488378]], "radius": 0.14670451749490093, "volume": 0.003212570617187955, "num_verts": 1822, "num_faces": 3580, "num_hulls": 0}