{"bbox": [[-0.11438843127285528, -0.02984039772335833, -0.11438843127285528], [0.11438843127285528, -0.02984039772335833, -0.11438843127285528], [0.11438843127285528, 0.02984039772335833, -0.11438843127285528], [-0.11438843127285528, 0.02984039772335833, -0.11438843127285528], [-0.11438843127285528, -0.02984039772335833, 0.11438843127285528], [0.11438843127285528, -0.02984039772335833, 0.11438843127285528], [0.11438843127285528, 0.02984039772335833, 0.11438843127285528], [-0.11438843127285528, 0.02984039772335833, 0.11438843127285528]], "aabb": [[-0.11438842862844467, -0.02984039857983589, -0.11438842862844467], [0.11438842862844467, 0.02984039857983589, 0.11438842862844467]], "obb": [[[-3.948113018250213e-05, -0.3938454301653553, 0.9191766835484386, 0.00014917061666463787], [-0.9999999992206201, 1.5549462712317165e-05, -3.629013433215616e-05, 5.340773701125785e-07], [-6.123320421653357e-17, -0.9191766842648263, -0.39384543047231046, -6.409430052882675e-05], [0.0, 0.0, 0.0, 1.0]], [0.30041192443172865, 0.059700411758243505, 0.30023732949317256]], "radius": 0.11886951016874875, "volume": 0.0012439389878791608, "num_verts": 1670, "num_faces": 3224, "num_hulls": 0}