{"bbox": [[-0.02345024, -0.0770508, -0.02345024], [0.02345024, -0.0770508, -0.02345024], [0.02345024, 0.0770508, -0.02345024], [-0.02345024, 0.0770508, -0.02345024], [-0.02345024, -0.0770508, 0.02345024], [0.02345024, -0.0770508, 0.02345024], [0.02345024, 0.0770508, 0.02345024], [-0.02345024, 0.0770508, 0.02345024]], "aabb": [[-0.02345024049282074, -0.07705079764127731, -0.02345024049282074], [0.02345024049282074, 0.07705079764127731, 0.02345024049282074]], "obb": [[[-0.8944323179499248, -0.4472033414529954, -6.123233995736766e-17, 1.5515482699075662e-18], [2.7384876727645582e-17, 8.215149079548675e-17, -1.0, -2.850202393388469e-34], [0.4472033414529954, -0.894432317949925, -6.123233995736766e-17, 3.103185479240173e-18], [0.0, 0.0, 0.0, 1.0]], [0.06230728704495897, 0.1541016, 0.062307287044958984]], "radius": 0.07843055010325505, "volume": 0.0002030981595483085, "num_verts": 1204, "num_faces": 2404, "num_hulls": 0}