{"bbox": [[-0.04843319630484037, -0.03053591767029437, -0.029482977750627307], [0.04843631630460233, -0.03053591767029437, -0.029482977750627307], [0.04843631630460233, 0.03053591767029437, -0.029482977750627307], [-0.04843319630484037, 0.03053591767029437, -0.029482977750627307], [-0.04843319630484037, -0.03053591767029437, 0.029482977750627307], [0.04843631630460233, -0.03053591767029437, 0.029482977750627307], [0.04843631630460233, 0.03053591767029437, 0.029482977750627307], [-0.04843319630484037, 0.03053591767029437, 0.029482977750627307]], "aabb": [[-0.04843319579958916, -0.030535917729139328, -0.029482977464795113], [0.04843631759285927, 0.030535917729139328, 0.029482977464795113]], "obb": [[[-6.112657895529667e-17, -3.597332605768669e-18, -1.0, 1.5599998809817695e-06], [-0.058748899817862126, 0.9982727917609449, 0.0, 0.00012720788960578192], [0.9982727917609449, 0.058748899817862126, -6.123233995736766e-17, -5.443749148172798e-05], [0.0, 0.0, 0.0, 1.0]], [0.09686951260944271, 0.06484965608401295, 0.060898305600466114]], "radius": 0.0586461649793553, "volume": 0.0001567057363368997, "num_verts": 1135, "num_faces": 2218, "num_hulls": 0}