{"bbox": [[-0.058912501404583484, -0.13549860323053844, -0.058912501404583484], [0.058912501404583484, -0.13549860323053844, -0.058912501404583484], [0.058912501404583484, 0.13549860323053844, -0.058912501404583484], [-0.058912501404583484, 0.13549860323053844, -0.058912501404583484], [-0.058912501404583484, -0.13549860323053844, 0.058912501404583484], [0.058912501404583484, -0.13549860323053844, 0.058912501404583484], [0.058912501404583484, 0.13549860323053844, 0.058912501404583484], [-0.058912501404583484, 0.13549860323053844, 0.058912501404583484]], "aabb": [[-0.058912500739097595, -0.13549859821796417, -0.058912500739097595], [0.058912500739097595, 0.13549859821796417, 0.058912500739097595]], "obb": [[[-0.8941572151109884, 0.44775314031836955, -6.123233995736766e-17, -6.204462049068302e-18], [8.216831107596251e-17, 2.733436606605582e-17, -1.0, 5.701571928193491e-34], [-0.4477531403183695, -0.8941572151109884, -6.123233995736766e-17, -3.106911535810452e-18], [0.0, 0.0, 0.0, 1.0]], [0.1555512251785843, 0.2709972064610769, 0.1555512251785843]], "radius": 0.14693957193961718, "volume": 0.0024541154845665897, "num_verts": 450, "num_faces": 892, "num_hulls": 0}