{"bbox": [[-0.109068471678736, -0.045050036562954976, -0.109068471678736], [0.109068471678736, -0.045050036562954976, -0.109068471678736], [0.109068471678736, 0.045050036562954976, -0.109068471678736], [-0.109068471678736, 0.045050036562954976, -0.109068471678736], [-0.109068471678736, -0.045050036562954976, 0.109068471678736], [0.109068471678736, -0.045050036562954976, 0.109068471678736], [0.109068471678736, 0.045050036562954976, 0.109068471678736], [-0.109068471678736, 0.045050036562954976, 0.109068471678736]], "aabb": [[-0.10906846821308136, -0.045050036162137985, -0.10906846821308136], [0.10906846821308136, 0.045050036162137985, 0.10906846821308136]], "obb": [[[-2.1198278255769248e-07, 0.9284527154288119, 0.3714506093854481, 1.250687357773195e-06], [0.9999999908451787, 5.0458897907362616e-05, -0.00012555294518476573, 5.612425893563449e-06], [-0.00013531296126348847, 0.3714506059582691, -0.9284527069396897, 6.599106319374469e-06], [0.0, 0.0, 0.0, 1.0]], [0.28297841583661804, 0.09015609227492628, 0.28335636729446867]], "radius": 0.11837520436142554, "volume": 0.00135618891543875, "num_verts": 2448, "num_faces": 4800, "num_hulls": 0}