{"bbox": [[-0.06222251525279882, -0.10600859191218628, -0.02074079841760266], [0.06222251525279882, -0.10600859191218628, -0.02074079841760266], [0.06222251525279882, 0.10600859191218628, -0.02074079841760266], [-0.06222251525279882, 0.10600859191218628, -0.02074079841760266], [-0.06222251525279882, -0.10600859191218628, 0.02074079841760266], [0.06222251525279882, -0.10600859191218628, 0.02074079841760266], [0.06222251525279882, 0.10600859191218628, 0.02074079841760266], [-0.06222251525279882, 0.10600859191218628, 0.02074079841760266]], "aabb": [[-0.06222251430153847, -0.10600858926773071, -0.020740797743201256], [0.06222251430153847, 0.10600858926773071, 0.020740797743201256]], "obb": [[[0.03771431621054103, -0.9992884197378088, -0.0005334141767687271, 3.255294168726551e-05], [0.014142131856101477, 9.260012600097466e-17, 0.9998999950527876, 3.916947157417066e-06], [-0.999188485952143, -0.037718088205961016, 0.014132068594207374, 0.0002896148836383215], [0.0, 0.0, 0.0, 1.0]], [0.12704293503871997, 0.2129536943721635, 0.04374060893365133]], "radius": 0.11811220316782381, "volume": 0.0007190395033871491, "num_verts": 298, "num_faces": 588, "num_hulls": 0}