{"bbox": [[-0.0685868, -0.0760254, -0.0661091], [0.0685867, -0.0760254, -0.0661091], [0.0685867, 0.0760254, -0.0661091], [-0.0685868, 0.0760254, -0.0661091], [-0.0685868, -0.0760254, 0.0661091], [0.0685867, -0.0760254, 0.0661091], [0.0685867, 0.0760254, 0.0661091], [-0.0685868, 0.0760254, 0.0661091]], "aabb": [[-0.0685867965221405, -0.07602539658546448, -0.06610909849405289], [0.06858669966459274, 0.07602539658546448, 0.06610909849405289]], "obb": [[[-0.4470620959060763, 0.8945029031574212, 0.00019658843075376342, 0.000992887475678715], [-8.788723758189881e-05, 0.0001758489254344482, -0.9999999806764942, 8.451410474182955e-07], [-0.8945029204423537, -0.4470621045448835, -6.12442587252003e-17, 0.00033051575782836113], [0.0, 0.0, 0.0, 1.0]], [0.17653389208490433, 0.1521023874793379, 0.17650366338803297]], "radius": 0.09913107213068968, "volume": 0.0007476166901910247, "num_verts": 3260, "num_faces": 6268, "num_hulls": 0}