{"bbox": [[-0.01893647855526134, -0.05807183556947055, -0.01893647855526134], [0.01893647855526134, -0.05807183556947055, -0.01893647855526134], [0.01893647855526134, 0.05807183556947055, -0.01893647855526134], [-0.01893647855526134, 0.05807183556947055, -0.01893647855526134], [-0.01893647855526134, -0.05807183556947055, 0.01893647855526134], [0.01893647855526134, -0.05807183556947055, 0.01893647855526134], [0.01893647855526134, 0.05807183556947055, 0.01893647855526134], [-0.01893647855526134, 0.05807183556947055, 0.01893647855526134]], "aabb": [[-0.018936479464173317, -0.058071836829185486, -0.018936479464173317], [0.018936479464173317, 0.058071836829185486, 0.018936479464173317]], "obb": [[[-0.7071067811865476, 0.7071067811865475, 6.123233995736766e-17, 2.4532694666933983e-18], [1.232595164407831e-32, -8.659560562354932e-17, 1.0, -3.0043885998320043e-34], [0.7071067811865475, 0.7071067811865476, 6.123233995736766e-17, 2.4532694666933987e-18], [0.0, 0.0, 0.0, 1.0]], [0.052177916019140944, 0.1161436711389411, 0.052177916019140944]], "radius": 0.05922666909855417, "volume": 0.00010021870538500562, "num_verts": 859, "num_faces": 1706, "num_hulls": 0}