{"bbox": [[-0.03783024, -0.072508, -0.007881304], [0.03783024, -0.072508, -0.007881304], [0.03783024, 0.0725068, -0.007881304], [-0.03783024, 0.0725068, -0.007881304], [-0.03783024, -0.072508, 0.007881304], [0.03783024, -0.072508, 0.007881304], [0.03783024, 0.0725068, 0.007881304], [-0.03783024, 0.0725068, 0.007881304]], "aabb": [[-0.03783024102449417, -0.07250799983739853, -0.007881304249167442], [0.03783024102449417, 0.07250680029392242, 0.007881304249167442]], "obb": [[[0.0003437596516367097, 0.9999993475999059, 0.0010893250500315509, -2.241829960505683e-06], [0.016076948897855263, 0.0010836577238826663, -0.9998701702721574, -1.3418961875189376e-05], [-0.9998706984122686, 0.0003612280445772053, -0.01607656589145064, 8.938730450251246e-06], [0.0, 0.0, 0.0, 1.0]], [0.07596268253714661, 0.14553780844351175, 0.01725071323247459]], "radius": 0.07858964591667542, "volume": 0.00014918764722417842, "num_verts": 283, "num_faces": 550, "num_hulls": 0}