{"bbox": [[-0.04558016, -0.06552256, -0.045579520000000005], [0.045578560000000004, -0.06552256, -0.045579520000000005], [0.045578560000000004, 0.06552256, -0.045579520000000005], [-0.04558016, 0.06552256, -0.045579520000000005], [-0.04558016, -0.06552256, 0.04558088], [0.045578560000000004, -0.06552256, 0.04558088], [0.045578560000000004, 0.06552256, 0.04558088], [-0.04558016, 0.06552256, 0.04558088]], "aabb": [[-0.04558015987277031, -0.06552255898714066, -0.045579519122838974], [0.04557856172323227, 0.06552255898714066, 0.04558087885379791]], "obb": [[[-0.44722778189198154, -0.8944200976632726, 9.507987633554604e-17, -2.202310174801481e-07], [-6.462732798989086e-18, 1.09534870969639e-16, 1.0, 2.503668919207341e-23], [-0.8944200976632727, 0.44722778189198154, -5.47674354848195e-17, 7.48099897053807e-08], [0.0, 0.0, 0.0, 1.0]], [0.11965109470492101, 0.13104512, 0.11965095446289507]], "radius": 0.07865088941859463, "volume": 0.0007649423976212603, "num_verts": 1402, "num_faces": 2644, "num_hulls": 0}