{"bbox": [[-0.07091295169069652, -0.13591650324050195, -0.02954700070445539], [0.07091295169069652, -0.13591650324050195, -0.02954700070445539], [0.07091295169069652, 0.13591650324050195, -0.02954700070445539], [-0.07091295169069652, 0.13591650324050195, -0.02954700070445539], [-0.07091295169069652, -0.13591650324050195, 0.029544600704398172], [0.07091295169069652, -0.13591650324050195, 0.029544600704398172], [0.07091295169069652, 0.13591650324050195, 0.029544600704398172], [-0.07091295169069652, 0.13591650324050195, 0.029544600704398172]], "aabb": [[-0.07091294974088669, -0.13591650128364563, -0.02954700030386448], [0.07091294974088669, 0.13591650128364563, 0.02954460121691227]], "obb": [[[6.070901088072621e-17, 1.0, -7.988457581943512e-18, -2.722905203508551e-23], [-0.1304614128335678, -0.0, -0.9914533875888818, 2.890736603536925e-08], [-0.9914533875888818, 6.123233995736766e-17, 0.1304614128335678, 4.4468416614559295e-07], [0.0, 0.0, 0.0, 1.0]], [0.14182590338139303, 0.27513125179047626, 0.06113783473624968]], "radius": 0.1481191534233556, "volume": 0.0009393272662195118, "num_verts": 359, "num_faces": 702, "num_hulls": 0}