{"bbox": [[-0.0946281, -0.026742700000000005, -0.0946236], [0.0946281, -0.026742700000000005, -0.0946236], [0.0946281, 0.026742700000000005, -0.0946236], [-0.0946281, 0.026742700000000005, -0.0946236], [-0.0946281, -0.026742700000000005, 0.0946281], [0.0946281, -0.026742700000000005, 0.0946281], [0.0946281, 0.026742700000000005, 0.0946281], [-0.0946281, 0.026742700000000005, 0.0946281]], "aabb": [[-0.09462810307741165, -0.02674270048737526, -0.09462360292673111], [0.09462810307741165, 0.02674270048737526, 0.09462810307741165]], "obb": [[[-6.123233995736767e-17, -0.9191331447525336, 0.39394702970998285, 4.35371929785535e-07], [-1.0, 8.040297163396845e-17, 3.2158374737174674e-17, 3.4694875969692375e-18], [-6.123233995736765e-17, -0.39394702970998285, -0.9191331447525337, -1.099155408443865e-06], [0.0, 0.0, 0.0, 1.0]], [0.2482741459083205, 0.053485400000000044, 0.24827520099095007]], "radius": 0.0989251570725061, "volume": 0.00045194846505629125, "num_verts": 1973, "num_faces": 3882, "num_hulls": 0}