{"bbox": [[-0.06279515520910986, -0.10698431183774476, -0.06279515520910986], [0.06279515520910986, -0.10698431183774476, -0.06279515520910986], [0.06279515520910986, 0.10698431183774476, -0.06279515520910986], [-0.06279515520910986, 0.10698431183774476, -0.06279515520910986], [-0.06279515520910986, -0.10698431183774476, 0.06279515520910986], [0.06279515520910986, -0.10698431183774476, 0.06279515520910986], [0.06279515520910986, 0.10698431183774476, 0.06279515520910986], [-0.06279515520910986, 0.10698431183774476, 0.06279515520910986]], "aabb": [[-0.06279515475034714, -0.10698430985212326, -0.06279515475034714], [0.06279515475034714, 0.10698430985212326, 0.06279515475034714]], "obb": [[[0.7071067811865462, 0.7071067811865488, -6.123233995736766e-17, 4.906538933386806e-18], [1.5688375185789473e-31, -8.659560562354933e-17, -1.0, -6.008777199664009e-34], [-0.7071067811865488, 0.7071067811865462, -6.123233995736766e-17, 4.906538933386788e-18], [0.0, 0.0, 0.0, 1.0]], [0.1751822266346568, 0.21396862367548952, 0.17518222663465677]], "radius": 0.11756529285197491, "volume": 0.0025530487850769635, "num_verts": 476, "num_faces": 948, "num_hulls": 0}