{"bbox": [[-0.08308515198090438, -0.13179030314212567, -0.08308515198090438], [0.08308515198090438, -0.13179030314212567, -0.08308515198090438], [0.08308515198090438, 0.13178355314196474, -0.08308515198090438], [-0.08308515198090438, 0.13178355314196474, -0.08308515198090438], [-0.08308515198090438, -0.13179030314212567, 0.08308515198090438], [0.08308515198090438, -0.13179030314212567, 0.08308515198090438], [0.08308515198090438, 0.13178355314196474, 0.08308515198090438], [-0.08308515198090438, 0.13178355314196474, 0.08308515198090438]], "aabb": [[-0.08308514952659607, -0.13179031014442444, -0.08308514952659607], [0.08308514952659607, 0.13178355991840363, 0.08308514952659607]], "obb": [[[-0.9662587801432558, 0.2575732319090381, -6.123233995736765e-17, -2.0665915228307314e-22], [7.493809781269534e-17, 4.3394474412351106e-17, -1.0, -3.3750000804633196e-06], [-0.2575732319090381, -0.966258780143256, -6.123233995736766e-17, -2.0665915228307316e-22], [0.0, 0.0, 0.0, 1.0]], [0.1913178930730752, 0.2635738562840904, 0.2057179691203491]], "radius": 0.14716718629833053, "volume": 0.00265371475944908, "num_verts": 503, "num_faces": 998, "num_hulls": 0}