{"bbox": [[-0.049430996228714275, -0.11368883132623052, -0.049430996228714275], [0.049430996228714275, -0.11368883132623052, -0.049430996228714275], [0.049430996228714275, 0.11369123132604741, -0.049430996228714275], [-0.049430996228714275, 0.11369123132604741, -0.049430996228714275], [-0.049430996228714275, -0.11368883132623052, 0.049430996228714275], [0.049430996228714275, -0.11368883132623052, 0.049430996228714275], [0.049430996228714275, 0.11369123132604741, 0.049430996228714275], [-0.049430996228714275, 0.11369123132604741, 0.049430996228714275]], "aabb": [[-0.04943099617958069, -0.11368883401155472, -0.04943099617958069], [0.04943099617958069, 0.11369123309850693, 0.04943099617958069]], "obb": [[[0.447239655696013, -0.8944141604273222, -6.123233995736766e-17, -1.092013551048701e-06], [-8.215260257396371e-17, 2.7381541293975052e-17, -1.0, 1.1999999084549853e-06], [0.8944141604273222, 0.4472396556960129, -6.123233995736766e-17, -1.1639496796480798e-06], [0.0, 0.0, 0.0, 1.0]], [0.13049779667926634, 0.22738006265227795, 0.1304974608382491]], "radius": 0.11855483024078313, "volume": 0.0012041819216830286, "num_verts": 1658, "num_faces": 3284, "num_hulls": 0}