{"bbox": [[-0.06482970154566053, -0.13555290323183306, -0.06482970154566053], [0.06482970154566053, -0.13555290323183306, -0.06482970154566053], [0.06482970154566053, 0.13555050323177584, -0.06482970154566053], [-0.06482970154566053, 0.13555050323177584, -0.06482970154566053], [-0.06482970154566053, -0.13555290323183306, 0.06482970154566053], [0.06482970154566053, -0.13555290323183306, 0.06482970154566053], [0.06482970154566053, 0.13555050323177584, 0.06482970154566053], [-0.06482970154566053, 0.13555050323177584, 0.06482970154566053]], "aabb": [[-0.06482969969511032, -0.13555289804935455, -0.06482969969511032], [0.06482969969511032, 0.13555049896240234, 0.06482969969511032]], "obb": [[[-0.7071067811865475, 0.7071067811865476, -6.123233995736766e-17, 0.0031928250761228847], [8.659560562354932e-17, -1.232595164407831e-32, -1.0, -1.2000000286231406e-06], [-0.7071067811865476, -0.7071067811865475, -6.123233995736766e-17, 0.003192825076122885], [0.0, 0.0, 0.0, 1.0]], [0.169424254039389, 0.27110340646360886, 0.169424254039389]], "radius": 0.147975990307373, "volume": 0.0018367124802300752, "num_verts": 1045, "num_faces": 2074, "num_hulls": 0}