{"bbox": [[-0.035800160000000004, -0.07159936, -0.035800160000000004], [0.035800160000000004, -0.07159936, -0.035800160000000004], [0.035800160000000004, 0.07159712, -0.035800160000000004], [-0.035800160000000004, 0.07159712, -0.035800160000000004], [-0.035800160000000004, -0.07159936, 0.035800160000000004], [0.035800160000000004, -0.07159936, 0.035800160000000004], [0.035800160000000004, 0.07159712, 0.035800160000000004], [-0.035800160000000004, 0.07159712, 0.035800160000000004]], "aabb": [[-0.035800158977508545, -0.07159935683012009, -0.035800158977508545], [0.035800158977508545, 0.07159712165594101, 0.035800158977508545]], "obb": [[[-0.4472135954999579, -0.8944271331891221, -0.0003215821635620401, 2.51937370221045e-07], [-3.9315677501051616e-16, -0.0003595397890378922, 0.999999935365568, -6.7507448899187784e-06], [-0.8944271909999159, 0.4472135665945612, 0.0001607910817805805, -1.2596868511051954e-07], [0.0, 0.0, 0.0, 1.0]], [0.09529619601373854, 0.14323324913852511, 0.09527192200686922]], "radius": 0.07831371728953747, "volume": 0.000208680665023349, "num_verts": 2049, "num_faces": 4070, "num_hulls": 0}