{"bbox": [[-0.04603241648800533, -0.04812479632836942, -0.04603241648800533], [0.04603241648800533, -0.04812479632836942, -0.04603241648800533], [0.04603241648800533, 0.04812479632836942, -0.04603241648800533], [-0.04603241648800533, 0.04812479632836942, -0.04603241648800533], [-0.04603241648800533, -0.04812479632836942, 0.04603241648800533], [0.04603241648800533, -0.04812479632836942, 0.04603241648800533], [0.04603241648800533, 0.04812479632836942, 0.04603241648800533], [-0.04603241648800533, 0.04812479632836942, 0.04603241648800533]], "aabb": [[-0.04603241756558418, -0.04812479764223099, -0.04603241756558418], [0.04603241756558418, 0.04812479764223099, 0.04603241756558418]], "obb": [[[-0.7071516402799691, -0.7070619192108265, -7.159041826243575e-06, -3.3899675020135325e-07], [-5.062528170434076e-06, -5.0618858534607775e-06, 0.999999999974374, 1.1250455209409839e-07], [-0.7070619192289456, 0.7071516402980906, -6.123200390578062e-17, 1.5553678968071475e-07], [0.0, 0.0, 0.0, 1.0]], [0.12833580757143911, 0.09625073577221843, 0.1283351185313748]], "radius": 0.05994223647959046, "volume": 0.00021972511364836049, "num_verts": 2831, "num_faces": 5458, "num_hulls": 0}