{"bbox": [[-0.05153777606797973, -0.040333916922766354, -0.05153777606797973], [0.05153777606797973, -0.040333916922766354, -0.05153777606797973], [0.05153777606797973, 0.040333916922766354, -0.05153777606797973], [-0.05153777606797973, 0.040333916922766354, -0.05153777606797973], [-0.05153777606797973, -0.040333916922766354, 0.05153777606797973], [0.05153777606797973, -0.040333916922766354, 0.05153777606797973], [0.05153777606797973, 0.040333916922766354, 0.05153777606797973], [-0.05153777606797973, 0.040333916922766354, 0.05153777606797973]], "aabb": [[-0.05153777450323105, -0.04033391550183296, -0.05153777450323105], [0.05153777450323105, 0.04033391550183296, 0.05153777450323105]], "obb": [[[-0.0010338349181612987, 0.9999989275853852, 0.0010373106774001467, 1.3931604815553032e-05], [0.9999985077175909, 0.0010352691205835047, -0.001383033057905774, -2.669945939476574e-05], [-0.0013841054704336738, 0.0010358793015714358, -0.999998505601943, 1.628425368747552e-05], [0.0, 0.0, 0.0, 1.0]], [0.10329347857632956, 0.08086345356184937, 0.10332298835987716]], "radius": 0.060238161655595424, "volume": 0.00039783021815546695, "num_verts": 1520, "num_faces": 2984, "num_hulls": 0}