{"bbox": [[-0.07312992, -0.02861608, -0.07312992], [0.07312992, -0.02861608, -0.07312992], [0.07312992, 0.02861608, -0.07312992], [-0.07312992, 0.02861608, -0.07312992], [-0.07312992, -0.02861608, 0.07312992], [0.07312992, -0.02861608, 0.07312992], [0.07312992, 0.02861608, 0.07312992], [-0.07312992, 0.02861608, 0.07312992]], "aabb": [[-0.07312992215156555, -0.028616080060601234, -0.07312992215156555], [0.07312992215156555, 0.028616080060601234, 0.07312992215156555]], "obb": [[[-3.3385135727295636e-17, -0.3938499297664153, -0.919174756410874, 1.9513587672858683e-07], [-1.0, 4.8232705583285044e-17, 1.5653919910788804e-17, 3.4694189840846675e-18], [3.8168990148120175e-17, 0.9191747564108742, -0.39384992976641536, -5.62059177709814e-07], [0.0, 0.0, 0.0, 1.0]], [0.19186268552475663, 0.057232160000000004, 0.19186218327235963]], "radius": 0.07880177239350901, "volume": 0.0004477610182858651, "num_verts": 2697, "num_faces": 5282, "num_hulls": 0}