{"bbox": [[-0.042550300000000006, -0.08896880000000001, -0.042550300000000006], [0.042550300000000006, -0.08896880000000001, -0.042550300000000006], [0.042550300000000006, 0.0889666, -0.042550300000000006], [-0.042550300000000006, 0.0889666, -0.042550300000000006], [-0.042550300000000006, -0.08896880000000001, 0.042550300000000006], [0.042550300000000006, -0.08896880000000001, 0.042550300000000006], [0.042550300000000006, 0.0889666, 0.042550300000000006], [-0.042550300000000006, 0.0889666, 0.042550300000000006]], "aabb": [[-0.04255029931664467, -0.08896879851818085, -0.04255029931664467], [0.04255029931664467, 0.08896660059690475, 0.04255029931664467]], "obb": [[[-0.9862984233383528, 0.16497096750725282, 6.123233995736765e-17, 7.988468802319608e-18], [5.029180199176979e-17, -7.049491872276972e-17, 1.0, -1.1000000000038757e-06], [0.16497096750725282, 0.986298423338353, 6.123233995736766e-17, 5.699036720804101e-18], [0.0, 0.0, 0.0, 1.0]], [0.0966313215430557, 0.17793540000000002, 0.09663132154305572]], "radius": 0.09811028909023761, "volume": 0.0003542565066230473, "num_verts": 611, "num_faces": 1198, "num_hulls": 0}