{"bbox": [[-0.041019400000000004, -0.034258000000000004, -0.08294040000000001], [0.041018200000000005, -0.034258000000000004, -0.08294040000000001], [0.041018200000000005, 0.034258000000000004, -0.08294040000000001], [-0.041019400000000004, 0.034258000000000004, -0.08294040000000001], [-0.041019400000000004, -0.034258000000000004, 0.08294040000000001], [0.041018200000000005, -0.034258000000000004, 0.08294040000000001], [0.041018200000000005, 0.034258000000000004, 0.08294040000000001], [-0.041019400000000004, 0.034258000000000004, 0.08294040000000001]], "aabb": [[-0.04101939871907234, -0.034258000552654266, -0.08294039964675903], [0.04101819917559624, 0.034258000552654266, 0.08294039964675903]], "obb": [[[-0.012188157579095572, 0.9863885128107359, -0.16397911638331197, -0.0010029177865675597], [-0.9972808977519322, -7.171566403995487e-05, 0.07369400135671575, 0.0024003721008122323], [0.07267915653010308, 0.1644314345004877, 0.9837072956698982, -0.0038929777875263342], [0.0, 0.0, 0.0, 1.0]], [0.1015168706037192, 0.07509184818475452, 0.187736964909324]], "radius": 0.09764199125914014, "volume": 0.00023181935924203594, "num_verts": 1734, "num_faces": 3364, "num_hulls": 0}