{"bbox": [[-0.052779001258349445, -0.11561115275638467, -0.08545170203732734], [0.052779001258349445, -0.11561115275638467, -0.08545170203732734], [0.052779001258349445, 0.11559045275589115, -0.08545170203732734], [-0.052779001258349445, 0.11559045275589115, -0.08545170203732734], [-0.052779001258349445, -0.11561115275638467, 0.08545170203732734], [0.052779001258349445, -0.11561115275638467, 0.08545170203732734], [0.052779001258349445, 0.11559045275589115, 0.08545170203732734], [-0.052779001258349445, 0.11559045275589115, 0.08545170203732734]], "aabb": [[-0.052779000252485275, -0.11561115086078644, -0.08545169979333878], [0.052779000252485275, 0.11559045314788818, 0.08545169979333878]], "obb": [[[0.8944372423247344, -0.44719349228552524, 1.4984738386108506e-16, 6.229324848867024e-07], [-1.0953697058511714e-16, 1.1599774785006716e-16, 1.0, -1.0350000246753255e-05], [-0.44719349228552524, -0.8944372423247345, 5.476848529255857e-17, -1.614571662092722e-07], [0.0, 0.0, 0.0, 1.0]], [0.15582237074605887, 0.23120160551227584, 0.20005922972086318]], "radius": 0.14648436657607497, "volume": 0.0010143720723435304, "num_verts": 2046, "num_faces": 4012, "num_hulls": 0}