{"bbox": [[-0.05141768, -0.038269120000000004, -0.055011840000000006], [0.05142416, -0.038269120000000004, -0.055011840000000006], [0.05142416, 0.03797016, -0.055011840000000006], [-0.05141768, 0.03797016, -0.055011840000000006], [-0.05141768, -0.038269120000000004, 0.055011840000000006], [0.05142416, -0.038269120000000004, 0.055011840000000006], [0.05142416, 0.03797016, 0.055011840000000006], [-0.05141768, 0.03797016, 0.055011840000000006]], "aabb": [[-0.05141767859458923, -0.03826912119984627, -0.05501183867454529], [0.05142416059970856, 0.0379701592028141, 0.05501183867454529]], "obb": [[[-3.06003659994276e-18, 1.0, 6.115583073314968e-17, 3.2399999999946805e-06], [0.998750509546569, 3.856678772082139e-34, 0.04997419014320336, 0.000500065211389535], [0.04997419014320336, 6.123233995736765e-17, -0.9987505095465687, -0.0007229731646248368], [0.0, 0.0, 0.0, 1.0]], [0.10284183999999999, 0.08178793057310361, 0.11314973334885713]], "radius": 0.0784332632489456, "volume": 0.0003371768483948097, "num_verts": 1042, "num_faces": 2032, "num_hulls": 0}