{"bbox": [[-0.03757785089592578, -0.14404845343438277, -0.03757785089592578], [0.03757785089592578, -0.14404845343438277, -0.03757785089592578], [0.03757785089592578, 0.14404845343438277, -0.03757785089592578], [-0.03757785089592578, 0.14404845343438277, -0.03757785089592578], [-0.03757785089592578, -0.14404845343438277, 0.03757785089592578], [0.03757785089592578, -0.14404845343438277, 0.03757785089592578], [0.03757785089592578, 0.14404845343438277, 0.03757785089592578], [-0.03757785089592578, 0.14404845343438277, 0.03757785089592578]], "aabb": [[-0.037577852606773376, -0.14404845237731934, -0.037577852606773376], [0.037577852606773376, 0.14404845237731934, 0.037577852606773376]], "obb": [[[0.9863742514579926, 0.16451697803170637, -1.8119401047140956e-16, 6.8443462804129206e-18], [-1.8369701987210297e-16, -0.0, -1.0, -1.2746541313564603e-33], [-0.16451697803170637, 0.9863742514579925, 3.022127858278869e-17, -1.1415658559534467e-18], [0.0, 0.0, 0.0, 1.0]], [0.08531746477419432, 0.28809690686876555, 0.08531746477419427]], "radius": 0.1470870694599746, "volume": 0.0010783540469271368, "num_verts": 626, "num_faces": 1248, "num_hulls": 0}