{"bbox": [[-0.0766131018265987, -0.13554630323167569, -0.0766092018265057], [0.0766131018265987, -0.13554630323167569, -0.0766092018265057], [0.0766131018265987, 0.13554270323158987, -0.0766092018265057], [-0.0766131018265987, 0.13554270323158987, -0.0766092018265057], [-0.0766131018265987, -0.13554630323167569, 0.0766131018265987], [0.0766131018265987, -0.13554630323167569, 0.0766131018265987], [0.0766131018265987, 0.13554270323158987, 0.0766131018265987], [-0.0766131018265987, 0.13554270323158987, 0.0766131018265987]], "aabb": [[-0.07661309838294983, -0.13554629683494568, -0.07660920172929764], [0.07661309838294983, 0.13554270565509796, 0.07661309838294983]], "obb": [[[-0.44726818302907007, 0.8943998940858257, -4.369368497108794e-05, 2.516494752487478e-06], [5.1603861146862823e-05, -2.304664817736108e-05, -0.999999998402947, -1.7455207349497688e-06], [-0.8943998936644144, -0.4472681845695218, -3.5846455488975254e-05, 2.131617261217034e-06], [0.0, 0.0, 0.0, 1.0]], [0.2015700660858282, 0.2711036898360131, 0.20156726490724539]], "radius": 0.1468475376815905, "volume": 0.001757751661348927, "num_verts": 3197, "num_faces": 6270, "num_hulls": 0}