{"bbox": [[-0.058296355552341035, -0.10313963213107054, -0.058296355552341035], [0.058296355552341035, -0.10313963213107054, -0.058296355552341035], [0.058296355552341035, 0.10313963213107054, -0.058296355552341035], [-0.058296355552341035, 0.10313963213107054, -0.058296355552341035], [-0.058296355552341035, -0.10313963213107054, 0.058296355552341035], [0.058296355552341035, -0.10313963213107054, 0.058296355552341035], [0.058296355552341035, 0.10313963213107054, 0.058296355552341035], [-0.058296355552341035, 0.10313963213107054, 0.058296355552341035]], "aabb": [[-0.05829635635018349, -0.10313963145017624, -0.05829635635018349], [0.05829635635018349, 0.10313963145017624, 0.05829635635018349]], "obb": [[[-0.894427190999916, -0.44721359549995776, 6.123233995736766e-17, -6.206335383118183e-18], [8.215180473963039e-17, -2.7383934913210147e-17, 1.0, 5.700426571027983e-34], [-0.44721359549995776, 0.894427190999916, 6.123233995736766e-17, -3.10316769155909e-18], [0.0, 0.0, 0.0, 1.0]], [0.15335998829956143, 0.20627926426214108, 0.15335998829956143]], "radius": 0.11752926395702762, "volume": 0.001722054310562543, "num_verts": 525, "num_faces": 1042, "num_hulls": 0}