{"bbox": [[-0.037703277123468236, -0.11189363146319341, -0.037703277123468236], [0.037703277123468236, -0.11189363146319341, -0.037703277123468236], [0.037703277123468236, 0.11188871146356875, -0.037703277123468236], [-0.037703277123468236, 0.11188871146356875, -0.037703277123468236], [-0.037703277123468236, -0.11189363146319341, 0.037703277123468236], [0.037703277123468236, -0.11189363146319341, 0.037703277123468236], [0.037703277123468236, 0.11188871146356875, 0.037703277123468236], [-0.037703277123468236, 0.11188871146356875, 0.037703277123468236]], "aabb": [[-0.03770327568054199, -0.11189363151788712, -0.03770327568054199], [0.03770327568054199, 0.11188871413469315, 0.03770327568054199]], "obb": [[[-0.4468031970180064, 0.8946322725759944, 6.123233995736766e-17, -1.5063154480343532e-22], [-2.7421622197360417e-17, -8.2139232705051e-17, 1.0, -2.4599998123264744e-06], [0.8946322725759945, 0.44680319701800636, 6.123233995736766e-17, -1.5063154480343532e-22], [0.0, 0.0, 0.0, 1.0]], [0.10068097331085199, 0.22378234292676216, 0.100680973310852]], "radius": 0.11751512558996884, "volume": 0.000633130581127777, "num_verts": 1470, "num_faces": 2928, "num_hulls": 0}