{"bbox": [[-0.0690621, -0.0332102, -0.0664204], [0.0690621, -0.0332102, -0.0664204], [0.0690621, 0.0332102, -0.0664204], [-0.0690621, 0.0332102, -0.0664204], [-0.0690621, -0.0332102, 0.06641380000000001], [0.0690621, -0.0332102, 0.06641380000000001], [0.0690621, 0.0332102, 0.06641380000000001], [-0.0690621, 0.0332102, 0.06641380000000001]], "aabb": [[-0.06906209886074066, -0.03321019932627678, -0.06642039865255356], [0.06906209886074066, 0.03321019932627678, 0.06641379743814468]], "obb": [[[1.5769474138742227e-17, 5.916690918108013e-17, -1.0, 1.9820858906431294e-22], [0.9662689556249923, -0.2575350566338237, 0.0, -2.3640572370070965e-07], [-0.2575350566338237, -0.9662689556249923, -6.123233995736766e-17, -3.236991909868437e-06], [0.0, 0.0, 0.0, 1.0]], [0.1381242, 0.08713336485550785, 0.14681235579517637]], "radius": 0.09714279145932549, "volume": 0.0006340687638963435, "num_verts": 449, "num_faces": 890, "num_hulls": 0}