{"bbox": [[-0.07571327422353559, -0.09225503296149956, -0.062175235256406], [0.07571075422372786, -0.09225503296149956, -0.062175235256406], [0.07571075422372786, 0.09225995296112419, -0.062175235256406], [-0.07571327422353559, 0.09225995296112419, -0.062175235256406], [-0.07571327422353559, -0.09225503296149956, 0.06217283525658911], [0.07571075422372786, -0.09225503296149956, 0.06217283525658911], [0.07571075422372786, 0.09225995296112419, 0.06217283525658911], [-0.07571327422353559, 0.09225995296112419, 0.06217283525658911]], "aabb": [[-0.07571327686309814, -0.09225503355264664, -0.06217523664236069], [0.07571075111627579, 0.0922599509358406, 0.06217283383011818]], "obb": [[[-0.3846644118902751, 0.9230564931482661, 2.611386920061153e-05, 2.154076975972694e-06], [2.209275643508738e-05, 3.749734343882489e-05, -0.9999999990529297, 2.128709725308191e-06], [-0.9230564932532672, -0.3846644109490435, -3.481675584029379e-05, -4.1478718927126484e-06], [0.0, 0.0, 0.0, 1.0]], [0.15831944223384253, 0.18452579526516838, 0.15823895586351427]], "radius": 0.1181975159757644, "volume": 0.0007385455655240278, "num_verts": 3886, "num_faces": 7524, "num_hulls": 0}