{"bbox": [[-0.032166117545919984, -0.11381855131633367, -0.032166117545919984], [0.032166117545919984, -0.11381855131633367, -0.032166117545919984], [0.032166117545919984, 0.11379947131778935, -0.032166117545919984], [-0.032166117545919984, 0.11379947131778935, -0.032166117545919984], [-0.032166117545919984, -0.11381855131633367, 0.032166117545919984], [0.032166117545919984, -0.11381855131633367, 0.032166117545919984], [0.032166117545919984, 0.11379947131778935, 0.032166117545919984], [-0.032166117545919984, 0.11379947131778935, 0.032166117545919984]], "aabb": [[-0.03216611593961716, -0.11381854861974716, -0.03216611593961716], [0.03216611593961716, 0.11379946768283844, 0.03216611593961716]], "obb": [[[0.9633944816465142, 0.2680878078783968, 6.123233995736766e-17, 4.8240750834769755e-18], [-7.540654220366682e-17, 4.257525462279589e-17, 1.0, -9.539999272167865e-06], [0.26808780787839687, -0.9633944816465141, 6.123233995736766e-17, 8.544540795075496e-18], [0.0, 0.0, 0.0, 1.0]], [0.07827846631266662, 0.227618022634123, 0.0782784663126666]], "radius": 0.11753550573455492, "volume": 0.00044603432521768773, "num_verts": 552, "num_faces": 1096, "num_hulls": 0}