{"bbox": [[-0.049338900000000005, -0.0907836, -0.021709100000000002], [0.049338900000000005, -0.0907836, -0.021709100000000002], [0.049338900000000005, 0.0907836, -0.021709100000000002], [-0.049338900000000005, 0.0907836, -0.021709100000000002], [-0.049338900000000005, -0.0907836, 0.021709100000000002], [0.049338900000000005, -0.0907836, 0.021709100000000002], [0.049338900000000005, 0.0907836, 0.021709100000000002], [-0.049338900000000005, 0.0907836, 0.021709100000000002]], "aabb": [[-0.04933889955282211, -0.09078360348939896, -0.021709099411964417], [0.04933889955282211, 0.09078360348939896, 0.021709099411964417]], "obb": [[[-6.070883111246985e-17, 1.0, -7.989823628357384e-18, -6.269503639812824e-21], [-0.1304837220645203, 0.0, 0.991450451750459, -1.3475274608800704e-05], [0.991450451750459, 6.123233995736766e-17, 0.13048372206452033, 0.0001023887645675128], [0.0, 0.0, 0.0, 1.0]], [0.09867780000000001, 0.18501912268345322, 0.04652215513352787]], "radius": 0.0985257570813338, "volume": 0.00038576783344482164, "num_verts": 409, "num_faces": 814, "num_hulls": 0}