{"bbox": [[-0.016609378732804967, -0.05877161551608158, -0.016609378732804967], [0.016609378732804967, -0.05877161551608158, -0.016609378732804967], [0.016609378732804967, 0.05877161551608158, -0.016609378732804967], [-0.016609378732804967, 0.05877161551608158, -0.016609378732804967], [-0.016609378732804967, -0.05877161551608158, 0.016609378732804967], [0.016609378732804967, -0.05877161551608158, 0.016609378732804967], [0.016609378732804967, 0.05877161551608158, 0.016609378732804967], [-0.016609378732804967, 0.05877161551608158, 0.016609378732804967]], "aabb": [[-0.016609378159046173, -0.058771613985300064, -0.016609378159046173], [0.016609378159046173, 0.058771613985300064, 0.016609378159046173]], "obb": [[[-0.5546262669641496, -0.8320994744227702, -0.00041068085079993524, -2.006807984354701e-05], [-0.0005695017649356927, -0.00011395289449618385, 0.9999998313412244, 2.452519890200183e-07], [-0.8320993808801636, 0.554626407305032, -0.0004106808508016519, -2.0068079843629092e-05], [0.0, 0.0, 0.0, 1.0]], [0.04578060391628755, 0.11756673352672813, 0.045739191019793526]], "radius": 0.05878889073602454, "volume": 7.528657255171827e-05, "num_verts": 794, "num_faces": 1584, "num_hulls": 0}