{"bbox": [[-0.11440770272769218, -0.04974255118595484, -0.09699780231260782], [0.11440770272769218, -0.04974255118595484, -0.09699780231260782], [0.11440770272769218, 0.04974255118595484, -0.09699780231260782], [-0.11440770272769218, 0.04974255118595484, -0.09699780231260782], [-0.11440770272769218, -0.04974255118595484, 0.09699780231260782], [0.11440770272769218, -0.04974255118595484, 0.09699780231260782], [0.11440770272769218, 0.04974255118595484, 0.09699780231260782], [-0.11440770272769218, 0.04974255118595484, 0.09699780231260782]], "aabb": [[-0.11440770328044891, -0.049742549657821655, -0.09699780493974686], [0.11440770328044891, 0.049742549657821655, 0.09699780493974686]], "obb": [[[-0.19160328093433102, 0.05942648827629913, 0.979671718090477, 3.775567768609494e-05], [0.9814061723879325, 1.6994595281220826e-18, 0.19194250388819037, -0.0001931139087872046], [0.011406468957035043, 0.9982326845436121, -0.05832152239769907, -2.2476596610360974e-06], [0.0, 0.0, 0.0, 1.0]], [0.2553851561334584, 0.13704422495051297, 0.19636275773213976]], "radius": 0.14582162175095612, "volume": 0.002224025681083112, "num_verts": 1024, "num_faces": 2040, "num_hulls": 0}