{"bbox": [[-0.0462687, -0.0851343, -0.014806], [0.04596020000000001, -0.0851343, -0.014806], [0.04596020000000001, 0.0851343, -0.014806], [-0.0462687, 0.0851343, -0.014806], [-0.0462687, -0.0851343, 0.0144975], [0.04596020000000001, -0.0851343, 0.0144975], [0.04596020000000001, 0.0851343, 0.0144975], [-0.0462687, 0.0851343, 0.0144975]], "aabb": [[-0.04626870155334473, -0.08513429760932922, -0.014805999584496021], [0.0459601990878582, 0.08513429760932922, 0.014497499912977219]], "obb": [[[-0.0015941523138867876, -0.999998729322914, 5.5639642605950525e-06, -0.0001636118553894626], [-0.06378698678951704, 0.00010723894227121622, 0.9979635308046697, -0.0003619577020843554], [-0.9979622633119523, 0.001590550963292105, -0.06378707669206249, -0.004736603158830766], [0.0, 0.0, 0.0, 1.0]], [0.09229343600089585, 0.17288004473091872, 0.03865697805459651]], "radius": 0.09701108804590329, "volume": 0.0002717038194363099, "num_verts": 147, "num_faces": 286, "num_hulls": 0}