{"bbox": [[-0.10068915240061646, -0.1286626530675567, -0.10068885240060932], [0.10069245240069513, -0.1286626530675567, -0.10068885240060932], [0.10069245240069513, 0.1286626530675567, -0.10068885240060932], [-0.10068915240061646, 0.1286626530675567, -0.10068885240060932], [-0.10068915240061646, -0.1286626530675567, 0.10068840240059858], [0.10069245240069513, -0.1286626530675567, 0.10068840240059858], [0.10069245240069513, 0.1286626530675567, 0.10068840240059858], [-0.10068915240061646, 0.1286626530675567, 0.10068840240059858]], "aabb": [[-0.10068915039300919, -0.12866264581680298, -0.10068885236978531], [0.10069245100021362, 0.12866264581680298, 0.1006884053349495]], "obb": [[[-0.3714662211975737, 0.928446469382697, -5.685094984545905e-17, -8.380705637781527e-07], [5.721993142863177e-33, -6.123233995736767e-17, -1.0, 4.946998634569134e-23], [-0.9284464693826968, -0.3714662211975738, 2.274574593904857e-17, 8.022945311506115e-08], [0.0, 0.0, 0.0, 1.0]], [0.2592577473411032, 0.2573253061351134, 0.2592570801089935]], "radius": 0.14754794204936686, "volume": 0.00186674281405424, "num_verts": 4659, "num_faces": 9102, "num_hulls": 0}