{"bbox": [[-0.008761079331582693, -0.037234557159228736, -0.050376116156607344], [0.008761079331582693, -0.037234557159228736, -0.050376116156607344], [0.008761079331582693, 0.037234557159228736, -0.050376116156607344], [-0.008761079331582693, 0.037234557159228736, -0.050376116156607344], [-0.008761079331582693, -0.037234557159228736, 0.050376116156607344], [0.008761079331582693, -0.037234557159228736, 0.050376116156607344], [0.008761079331582693, 0.037234557159228736, 0.050376116156607344], [-0.008761079331582693, 0.037234557159228736, 0.050376116156607344]], "aabb": [[-0.008761079050600529, -0.037234555929899216, -0.05037611722946167], [0.008761079050600529, 0.037234555929899216, 0.05037611722946167]], "obb": [[[-0.9996800212875477, 0.018231123934542397, 0.017535140678392683, -0.000292601760814274], [0.01822831992344554, 0.9998337992486969, -0.00031973846369042126, -4.4592354661811105e-05], [-0.017538055516395906, -1.225840288734326e-16, -0.9998461964765899, 2.0732766348079912e-05], [0.0, 0.0, 0.0, 1.0]], [0.019699099630574188, 0.07495837978805599, 0.1012017926834783]], "radius": 0.05894271015859936, "volume": 5.766689892660224e-05, "num_verts": 518, "num_faces": 1008, "num_hulls": 0}