{"bbox": [[-0.07390140176194672, -0.13597845324197896, -0.02660445063429953], [0.07390140176194672, -0.13597845324197896, -0.02660445063429953], [0.07390140176194672, 0.13597845324197896, -0.02660445063429953], [-0.07390140176194672, 0.13597845324197896, -0.02660445063429953], [-0.07390140176194672, -0.13597845324197896, 0.02660445063429953], [0.07390140176194672, -0.13597845324197896, 0.02660445063429953], [0.07390140176194672, 0.13597845324197896, 0.02660445063429953], [-0.07390140176194672, 0.13597845324197896, 0.02660445063429953]], "aabb": [[-0.07390139997005463, -0.13597846031188965, -0.02660445123910904], [0.07390139997005463, 0.13597846031188965, 0.02660445123910904]], "obb": [[[6.070900968046051e-17, 1.0, 7.988466703466718e-18, -2.3068568314318628e-21], [0.13046156179934656, -0.0, -0.9914533679870554, -4.957355533555293e-06], [-0.9914533679870553, 6.123233995736766e-17, -0.13046156179934656, 3.7673831067667615e-05], [0.0, 0.0, 0.0, 1.0]], [0.14780280352389344, 0.27524610461493365, 0.05538294532938828]], "radius": 0.14790747183927533, "volume": 0.0007735948517136887, "num_verts": 219, "num_faces": 434, "num_hulls": 0}