{"bbox": [[-0.11360865270864136, -0.11360865270864136, -0.11360865270864136], [0.11360865270864136, -0.11360865270864136, -0.11360865270864136], [0.11360865270864136, 0.11360865270864136, -0.11360865270864136], [-0.11360865270864136, 0.11360865270864136, -0.11360865270864136], [-0.11360865270864136, -0.11360865270864136, 0.11360865270864136], [0.11360865270864136, -0.11360865270864136, 0.11360865270864136], [0.11360865270864136, 0.11360865270864136, 0.11360865270864136], [-0.11360865270864136, 0.11360865270864136, 0.11360865270864136]], "aabb": [[-0.11360865086317062, -0.11360865086317062, -0.11360865086317062], [0.11360865086317062, 0.11360865086317062, 0.11360865086317062]], "obb": [[[-0.4471683281024905, 0.8944498232668077, -6.123233995736766e-17, 1.2003770440189296e-07], [8.215041873762001e-17, -2.738809256854117e-17, -1.0, 7.592241682120714e-23], [-0.8944498232668077, -0.44716832810249046, -6.123233995736766e-17, -1.359944865782093e-06], [0.0, 0.0, 0.0, 1.0]], [0.30229379333091355, 0.22721730541728274, 0.302291379714295]], "radius": 0.14807884685684267, "volume": 0.0027764037013898683, "num_verts": 2662, "num_faces": 5128, "num_hulls": 0}