{"bbox": [[-0.056975200000000004, -0.08190320000000001, -0.05697440000000001], [0.0569732, -0.08190320000000001, -0.05697440000000001], [0.0569732, 0.08190320000000001, -0.05697440000000001], [-0.056975200000000004, 0.08190320000000001, -0.05697440000000001], [-0.056975200000000004, -0.08190320000000001, 0.0569761], [0.0569732, -0.08190320000000001, 0.0569761], [0.0569732, 0.08190320000000001, 0.0569761], [-0.056975200000000004, 0.08190320000000001, 0.0569761]], "aabb": [[-0.05697520077228546, -0.08190319687128067, -0.05697439983487129], [0.05697320029139519, 0.08190319687128067, 0.05697609856724739]], "obb": [[[0.44722778189198176, -0.8944200976632726, -1.4984948349392464e-16, -2.7528877185561573e-07], [-1.1600194711574625e-16, 1.0953487096963897e-16, -1.0, 3.6130441168399e-23], [0.8944200976632725, 0.44722778189198176, -5.476743548481947e-17, 9.351248712862286e-08], [0.0, 0.0, 0.0, 1.0]], [0.1495638683811513, 0.16380640000000005, 0.14956369307861883]], "radius": 0.09831361177324328, "volume": 0.0014940281203540237, "num_verts": 1402, "num_faces": 2644, "num_hulls": 0}