{"bbox": [[-0.033245000000000004, -0.0926831, -0.021155900000000002], [0.033245000000000004, -0.0926831, -0.021155900000000002], [0.033245000000000004, 0.0926831, -0.021155900000000002], [-0.033245000000000004, 0.0926831, -0.021155900000000002], [-0.033245000000000004, -0.0926831, 0.021155900000000002], [0.033245000000000004, -0.0926831, 0.021155900000000002], [0.033245000000000004, 0.0926831, 0.021155900000000002], [-0.033245000000000004, 0.0926831, 0.021155900000000002]], "aabb": [[-0.03324500098824501, -0.0926830992102623, -0.02115589939057827], [0.03324500098824501, 0.0926830992102623, 0.02115589939057827]], "obb": [[[0.38177215945883014, -0.9240802818685608, 0.018045800726551535, 0.0004908754605264795], [-0.04721579095264359, 8.335969686568726e-17, 0.9988847126093763, 1.1763903510589767e-05], [-0.923049666782269, -0.3821984205379725, -0.04363118141216592, -0.000815568581023038], [0.0, 0.0, 0.0, 1.0]], [0.0693583479728363, 0.18598361306734185, 0.046849071729012905]], "radius": 0.097926685063623, "volume": 0.00015536137056627205, "num_verts": 395, "num_faces": 786, "num_hulls": 0}