{"bbox": [[-0.0280555, -0.09193190000000001, -0.027053500000000005], [0.0280555, -0.09193190000000001, -0.027053500000000005], [0.0280555, 0.0921824, -0.027053500000000005], [-0.0280555, 0.0921824, -0.027053500000000005], [-0.0280555, -0.09193190000000001, 0.027053500000000005], [0.0280555, -0.09193190000000001, 0.027053500000000005], [0.0280555, 0.0921824, 0.027053500000000005], [-0.0280555, 0.0921824, 0.027053500000000005]], "aabb": [[-0.028055500239133835, -0.09193190187215805, -0.027053499594330788], [0.028055500239133835, 0.09218239784240723, 0.027053499594330788]], "obb": [[[6.087117471563538e-17, 1.0, -6.64074885786508e-18, 1.8981465436869977e-20], [-0.1084516590822534, -0.0, -0.9941017239912154, 0.00033722283966682016], [-0.9941017239912154, 6.123233995736766e-17, 0.1084516590822534, -0.0003099908553239287], [0.0, 0.0, 0.0, 1.0]], [0.056111, 0.19079601056866946, 0.07012674223554123]], "radius": 0.09774733018926911, "volume": 0.0001577579512155618, "num_verts": 432, "num_faces": 844, "num_hulls": 0}