{"bbox": [[-0.015230458838008205, -0.05838341554569888, -0.015230458838008205], [0.015230458838008205, -0.05838341554569888, -0.015230458838008205], [0.015230458838008205, 0.05838341554569888, -0.015230458838008205], [-0.015230458838008205, 0.05838341554569888, -0.015230458838008205], [-0.015230458838008205, -0.05838341554569888, 0.015230458838008205], [0.015230458838008205, -0.05838341554569888, 0.015230458838008205], [0.015230458838008205, 0.05838341554569888, 0.015230458838008205], [-0.015230458838008205, 0.05838341554569888, 0.015230458838008205]], "aabb": [[-0.015230459161102772, -0.05838341638445854, -0.015230459161102772], [0.015230459161102772, 0.05838341638445854, 0.015230459161102772]], "obb": [[[0.8944449354586876, 0.44717810482212134, 5.476895636115214e-17, -1.5516146275087455e-18], [6.123233995736767e-17, 2.7562212556886324e-33, -1.0, -1.0622117761303839e-34], [-0.4471781048221214, 0.8944449354586878, -2.7381761735959525e-17, 7.757303563777514e-19], [0.0, 0.0, 0.0, 1.0]], [0.040356275243732025, 0.11676683109139777, 0.040356275243732025]], "radius": 0.05877318578113561, "volume": 6.024603013243163e-05, "num_verts": 593, "num_faces": 1182, "num_hulls": 0}