{"bbox": [[-0.02946167775225237, -0.054209455864146744, -0.011784659100901863], [0.02946167775225237, -0.054209455864146744, -0.011784659100901863], [0.02946167775225237, 0.054209455864146744, -0.011784659100901863], [-0.02946167775225237, 0.054209455864146744, -0.011784659100901863], [-0.02946167775225237, -0.054209455864146744, 0.011784659100901863], [0.02946167775225237, -0.054209455864146744, 0.011784659100901863], [0.02946167775225237, 0.054209455864146744, 0.011784659100901863], [-0.02946167775225237, 0.054209455864146744, 0.011784659100901863]], "aabb": [[-0.029461678117513657, -0.05420945584774017, -0.011784658767282963], [0.029461678117513657, 0.05420945584774017, 0.011784658767282963]], "obb": [[[6.070531004671303e-17, 1.0, 8.016532217055357e-18, 4.8015881376617886e-21], [0.13091990641933296, -0.0, -0.991392948382806, 8.811548670255549e-05], [-0.991392948382806, 6.123233995736766e-17, -0.13091990641933296, -7.841588515161826e-05], [0.0, 0.0, 0.0, 1.0]], [0.05892335550450474, 0.10998594268300892, 0.025217399520086888]], "radius": 0.05921634199958266, "volume": 6.693792122781686e-05, "num_verts": 282, "num_faces": 556, "num_hulls": 0}