{"bbox": [[-0.09718140231698519, -0.10643220253754145, -0.0786706518756545], [0.09718140231698519, -0.10643220253754145, -0.0786706518756545], [0.09718140231698519, 0.10643670253764874, -0.0786706518756545], [-0.09718140231698519, 0.10643670253764874, -0.0786706518756545], [-0.09718140231698519, -0.10643220253754145, 0.0786706518756545], [0.09718140231698519, -0.10643220253754145, 0.0786706518756545], [0.09718140231698519, 0.10643670253764874, 0.0786706518756545], [-0.09718140231698519, 0.10643670253764874, 0.0786706518756545]], "aabb": [[-0.09718140214681625, -0.10643219947814941, -0.07867065072059631], [0.09718140214681625, 0.10643669962882996, 0.07867065072059631]], "obb": [[[0.011509443469745424, 0.9999337641619153, -6.863454358484833e-17, -0.00026890280383961055], [0.05765205244051523, -0.000663586991719547, -0.998336516662443, -7.446975323104455e-08], [-0.9982703910065713, 0.011490297702308945, -0.05765587132547298, 3.6949206753723464e-05], [0.0, 0.0, 0.0, 1.0]], [0.19614229018741886, 0.22945672703503456, 0.1600469129372234]], "radius": 0.1458502062384434, "volume": 0.0017418385766608032, "num_verts": 1149, "num_faces": 2274, "num_hulls": 0}