{"bbox": [[-0.0465578, -0.0892357, -0.0446179], [0.0465562, -0.0892357, -0.0446179], [0.0465562, 0.0892357, -0.0446179], [-0.0465578, 0.0892357, -0.0446179], [-0.0465578, -0.0892357, 0.0446179], [0.0465562, -0.0892357, 0.0446179], [0.0465562, 0.0892357, 0.0446179], [-0.0465578, 0.0892357, 0.0446179]], "aabb": [[-0.046557798981666565, -0.08923570066690445, -0.044617898762226105], [0.046556200832128525, 0.08923570066690445, 0.044617898762226105]], "obb": [[[0.7326187654464582, 0.6806390508050796, 0.000476481760257554, 1.6043120047323077e-05], [0.0005112765698617067, 0.0001497282342309834, -0.9999998580888524, 2.5558197075634283e-06], [-0.6806390255575834, 0.7326189050936485, -0.00023830108509476783, -5.21848584475899e-07], [0.0, 0.0, 0.0, 1.0]], [0.12751846842467912, 0.17855635524091054, 0.12747645934172316]], "radius": 0.09863866395004549, "volume": 0.00041926853949349646, "num_verts": 3210, "num_faces": 6252, "num_hulls": 0}