{"bbox": [[-0.039370880000000004, -0.06965328000000001, -0.039370880000000004], [0.039370880000000004, -0.06965328000000001, -0.039370880000000004], [0.039370880000000004, 0.06965608, -0.039370880000000004], [-0.039370880000000004, 0.06965608, -0.039370880000000004], [-0.039370880000000004, -0.06965328000000001, 0.039370880000000004], [0.039370880000000004, -0.06965328000000001, 0.039370880000000004], [0.039370880000000004, 0.06965608, 0.039370880000000004], [-0.039370880000000004, 0.06965608, 0.039370880000000004]], "aabb": [[-0.03937087953090668, -0.06965328007936478, -0.03937087953090668], [0.03937087953090668, 0.06965608149766922, 0.03937087953090668]], "obb": [[[-0.44721005218614124, -0.894428962648051, -6.123233995736765e-17, -1.2000007913383608e-08], [-2.7384260360767247e-17, 8.215169625639509e-17, -1.0, 1.3999999999847468e-06], [0.8944289626480513, -0.4472100521861412, -6.123233995736767e-17, -5.999944533649932e-09], [0.0, 0.0, 0.0, 1.0]], [0.10357272242907173, 0.13930936, 0.10357271042894496]], "radius": 0.07901081989917078, "volume": 0.0004479695994439946, "num_verts": 1134, "num_faces": 2256, "num_hulls": 0}