{"bbox": [[-0.10962215163649357, -0.0405124769091433, -0.10962215163649357], [0.10961615163695132, -0.0405124769091433, -0.10962215163649357], [0.10961615163695132, 0.0405124769091433, -0.10962215163649357], [-0.10962215163649357, 0.0405124769091433, -0.10962215163649357], [-0.10962215163649357, -0.0405124769091433, 0.10961579163697878], [0.10961615163695132, -0.0405124769091433, 0.10961579163697878], [0.10961615163695132, 0.0405124769091433, 0.10961579163697878], [-0.10962215163649357, 0.0405124769091433, 0.10961579163697878]], "aabb": [[-0.10962215065956116, -0.04051247611641884, -0.10962215065956116], [0.10961615294218063, 0.04051247611641884, 0.10961579531431198]], "obb": [[[-0.011443710893747815, -0.9862704467431049, -0.16474115260655642, -0.0011994534026469675], [-0.9997591452493679, 0.008199874947405466, 0.020357149631023932, -0.0012509416708800037], [-0.018726798210941, 0.1649344352523248, -0.9861267358188619, 0.00032767361239093067], [0.0, 0.0, 0.0, 1.0]], [0.24929031046705388, 0.08505881889193473, 0.25411123598626045]], "radius": 0.11846346548580967, "volume": 0.0006350221781377699, "num_verts": 2364, "num_faces": 4660, "num_hulls": 0}