{"bbox": [[-0.05995163542605321, -0.10213979220735227, -0.05995163542605321], [0.05995163542605321, -0.10213979220735227, -0.05995163542605321], [0.05995163542605321, 0.10213979220735227, -0.05995163542605321], [-0.05995163542605321, 0.10213979220735227, -0.05995163542605321], [-0.05995163542605321, -0.10213979220735227, 0.05995163542605321], [0.05995163542605321, -0.10213979220735227, 0.05995163542605321], [0.05995163542605321, 0.10213979220735227, 0.05995163542605321], [-0.05995163542605321, 0.10213979220735227, 0.05995163542605321]], "aabb": [[-0.05995163694024086, -0.10213979333639145, -0.05995163694024086], [0.05995163694024086, 0.10213979333639145, 0.05995163694024086]], "obb": [[[0.8944175621833461, -0.4472328526148323, -6.123233995736766e-17, -7.833359783171427e-07], [-8.215239430286539e-17, -2.7382166160035953e-17, -1.0, 6.469802517825916e-23], [0.44723285261483225, 0.894417562183346, -6.123233995736765e-17, -2.7326295654806825e-07], [0.0, 0.0, 0.0, 1.0]], [0.1572106487609394, 0.20427958441470453, 0.15721098174308656]], "radius": 0.1175165663307777, "volume": 0.0015059072871568572, "num_verts": 880, "num_faces": 1716, "num_hulls": 0}