{"bbox": [[-0.01602149877765665, -0.05669153567477908, -0.01602149877765665], [0.01602149877765665, -0.05669153567477908, -0.01602149877765665], [0.01602149877765665, 0.05669153567477908, -0.01602149877765665], [-0.01602149877765665, 0.05669153567477908, -0.01602149877765665], [-0.01602149877765665, -0.05669153567477908, 0.01602149877765665], [0.01602149877765665, -0.05669153567477908, 0.01602149877765665], [0.01602149877765665, 0.05669153567477908, 0.01602149877765665], [-0.01602149877765665, 0.05669153567477908, 0.01602149877765665]], "aabb": [[-0.016021499410271645, -0.05669153481721878, -0.016021499410271645], [0.016021499410271645, 0.05669153481721878, 0.016021499410271645]], "obb": [[[-0.19649333193301793, 0.9805051608767089, 6.123233995736766e-17, 3.401810641778486e-18], [-4.8006878840477666e-17, -7.207037184103456e-17, 1.0, -2.5004433191004094e-34], [0.9805051608767089, 0.19649333193301793, 6.123233995736766e-17, 6.817231915542188e-19], [0.0, 0.0, 0.0, 1.0]], [0.03754803403155793, 0.11338307134955816, 0.03754803403155793]], "radius": 0.05878545066527218, "volume": 8.184694741716892e-05, "num_verts": 721, "num_faces": 1438, "num_hulls": 0}