{"bbox": [[-0.05368395127992514, -0.1371922532709182, -0.05368395127992514], [0.05368395127992514, -0.1371922532709182, -0.05368395127992514], [0.05368395127992514, 0.13718790327081448, -0.05368395127992514], [-0.05368395127992514, 0.13718790327081448, -0.05368395127992514], [-0.05368395127992514, -0.1371922532709182, 0.05368395127992514], [0.05368395127992514, -0.1371922532709182, 0.05368395127992514], [0.05368395127992514, 0.13718790327081448, 0.05368395127992514], [-0.05368395127992514, 0.13718790327081448, 0.05368395127992514]], "aabb": [[-0.05368395149707794, -0.1371922492980957, -0.05368395149707794], [0.05368395149707794, 0.1371878981590271, 0.05368395149707794]], "obb": [[[-0.9805532028684606, 0.19625344925479224, -6.123233995736765e-17, 1.006254087541758e-06], [7.205862498690272e-17, 4.802450914175185e-17, -1.0, -2.175000051868234e-06], [-0.19625344925479224, -0.9805532028684608, -6.123233995736766e-17, -0.0014921576447651658], [0.0, 0.0, 0.0, 1.0]], [0.1248109921029064, 0.27438015654173264, 0.12572993590975517]], "radius": 0.14674605523036358, "volume": 0.00210599556831669, "num_verts": 432, "num_faces": 856, "num_hulls": 0}