{"bbox": [[-0.020165600000000002, -0.07730152, -0.020165600000000002], [0.020165600000000002, -0.07730152, -0.020165600000000002], [0.020165600000000002, 0.07730152, -0.020165600000000002], [-0.020165600000000002, 0.07730152, -0.020165600000000002], [-0.020165600000000002, -0.07730152, 0.020165600000000002], [0.020165600000000002, -0.07730152, 0.020165600000000002], [0.020165600000000002, 0.07730152, 0.020165600000000002], [-0.020165600000000002, 0.07730152, 0.020165600000000002]], "aabb": [[-0.02016559988260269, -0.0773015171289444, -0.02016559988260269], [0.02016559988260269, 0.0773015171289444, 0.02016559988260269]], "obb": [[[-0.37168509079140066, 0.9283588709563712, -2.940228692636454e-15, -8.066222339054105e-07], [-0.0026072570261810673, -0.0010438620180332292, -0.999996056273667, -2.4577972974121487e-06], [-0.9283552097630452, -0.37168362496712043, 0.002808458138064897, -3.622170321544033e-05], [0.0, 0.0, 0.0, 1.0]], [0.05213636109947238, 0.15475260032537133, 0.05244390893399167]], "radius": 0.07817504430246777, "volume": 0.00014622526842571383, "num_verts": 661, "num_faces": 1318, "num_hulls": 0}