{"bbox": [[-0.054534235839368, -0.022525018281477488, -0.054534235839368], [0.054534235839368, -0.022525018281477488, -0.054534235839368], [0.054534235839368, 0.022525018281477488, -0.054534235839368], [-0.054534235839368, 0.022525018281477488, -0.054534235839368], [-0.054534235839368, -0.022525018281477488, 0.054534235839368], [0.054534235839368, -0.022525018281477488, 0.054534235839368], [0.054534235839368, 0.022525018281477488, 0.054534235839368], [-0.054534235839368, 0.022525018281477488, 0.054534235839368]], "aabb": [[-0.05453423410654068, -0.022525018081068993, -0.05453423410654068], [0.05453423410654068, 0.022525018081068993, 0.05453423410654068]], "obb": [[[-2.1198278255769248e-07, 0.9284527154288119, 0.3714506093854481, 6.253436788865976e-07], [0.9999999908451787, 5.0458897907362616e-05, -0.00012555294518476573, 2.8062129467817247e-06], [-0.00013531296126348847, 0.3714506059582691, -0.9284527069396897, 3.2995531596872344e-06], [0.0, 0.0, 0.0, 1.0]], [0.14148920791830902, 0.04507804613746314, 0.14167818364723433]], "radius": 0.05918760218071277, "volume": 0.00016952361442984374, "num_verts": 2448, "num_faces": 4800, "num_hulls": 0}