{"bbox": [[-0.0466383, -0.07946170000000001, -0.0656413], [0.046640600000000004, -0.07946170000000001, -0.0656413], [0.046640600000000004, 0.07946170000000001, -0.0656413], [-0.0466383, 0.07946170000000001, -0.0656413], [-0.0466383, -0.07946170000000001, 0.0656423], [0.046640600000000004, -0.07946170000000001, 0.0656423], [0.046640600000000004, 0.07946170000000001, 0.0656423], [-0.0466383, 0.07946170000000001, 0.0656423]], "aabb": [[-0.04663829877972603, -0.07946170121431351, -0.06564129889011383], [0.04664060100913048, 0.07946170121431351, 0.06564229726791382]], "obb": [[[0.7793981414782407, 0.6264614651252396, 0.009196182545082634, -0.0025439850922553296], [0.1235921375530198, -0.13934172422342375, -0.9825013320222619, 0.0031701721609313158], [-0.6142178120140606, 0.7668962880361212, -0.18602839245953495, 0.005465313764182717], [0.0, 0.0, 0.0, 1.0]], [0.14750689409126744, 0.19368365219172995, 0.17666719421616997]], "radius": 0.0985349670087731, "volume": 0.0005538637815774128, "num_verts": 2082, "num_faces": 4080, "num_hulls": 0}