{"bbox": [[-0.07093170169114356, -0.13595250324136027, -0.014777445352321752], [0.07093170169114356, -0.13595250324136027, -0.014777445352321752], [0.07093170169114356, 0.1359502532413066, -0.014777445352321752], [-0.07093170169114356, 0.1359502532413066, -0.014777445352321752], [-0.07093170169114356, -0.13595250324136027, 0.014777445352321752], [0.07093170169114356, -0.13595250324136027, 0.014777445352321752], [0.07093170169114356, 0.1359502532413066, 0.014777445352321752], [-0.07093170169114356, 0.1359502532413066, 0.014777445352321752]], "aabb": [[-0.07093170285224915, -0.13595250248908997, -0.01477744523435831], [0.07093170285224915, 0.1359502524137497, 0.01477744523435831]], "obb": [[[0.0003437596516373383, 0.9999993475999058, 0.001089325050033904, -4.20343127617438e-06], [0.016076948897855044, 0.0010836577238850092, -0.9998701702721575, -2.5160554115848956e-05], [-0.9998706984122686, 0.00036122804457787146, -0.016076565891450414, 1.6760119993791977e-05], [0.0, 0.0, 0.0, 1.0]], [0.14243003315294775, 0.2728833973376324, 0.032345088082056946]], "radius": 0.14735558960699743, "volume": 0.0009834147371002432, "num_verts": 283, "num_faces": 550, "num_hulls": 0}