{"bbox": [[-0.0305155, -0.0935808, -0.0345842], [0.0305155, -0.0935808, -0.0345842], [0.0305155, 0.0935808, -0.0345842], [-0.0305155, 0.0935808, -0.0345842], [-0.0305155, -0.0935808, 0.0345832], [0.0305155, -0.0935808, 0.0345832], [0.0305155, 0.0935808, 0.0345832], [-0.0305155, 0.0935808, 0.0345832]], "aabb": [[-0.030515499413013458, -0.09358079731464386, -0.03458419814705849], [0.030515499413013458, 0.09358079731464386, 0.0345831997692585]], "obb": [[[0.9538328158460269, -0.3003380752006634, -6.123233995736766e-17, -0.0011462852001051776], [-7.679581836520567e-17, -4.0015012119548704e-17, -1.0, 2.0993838464386677e-19], [0.3003380752006634, 0.9538328158460269, -6.123233995736765e-17, -0.0022822688089370055], [0.0, 0.0, 0.0, 1.0]], [0.07793446393805033, 0.1871616, 0.08227691798768916]], "radius": 0.09861908977349415, "volume": 0.0003924831640754569, "num_verts": 986, "num_faces": 1936, "num_hulls": 0}