{"bbox": [[-0.14097015336099036, -0.04290390102290871, -0.14097015336099036], [0.14097015336099036, -0.04290390102290871, -0.14097015336099036], [0.14097015336099036, 0.04290390102290871, -0.14097015336099036], [-0.14097015336099036, 0.04290390102290871, -0.14097015336099036], [-0.14097015336099036, -0.04290390102290871, 0.14097015336099036], [0.14097015336099036, -0.04290390102290871, 0.14097015336099036], [0.14097015336099036, 0.04290390102290871, 0.14097015336099036], [-0.14097015336099036, 0.04290390102290871, 0.14097015336099036]], "aabb": [[-0.1409701555967331, -0.042903900146484375, -0.1409701555967331], [0.1409701555967331, 0.042903900146484375, 0.1409701555967331]], "obb": [[[-6.123233995736767e-17, 0.7071048581251773, 0.7071087042426877, 0.0007659708513349047], [-1.0, 2.355067749082673e-22, -8.659560562322909e-17, 6.93888956564496e-18], [-6.123233995736765e-17, -0.7071087042426876, 0.7071048581251772, -0.0007659000021354209], [0.0, 0.0, 0.0, 1.0]], [0.33353406628526117, 0.08580780204581746, 0.33353405794549124]], "radius": 0.14700333527422008, "volume": 0.001194101795701642, "num_verts": 1692, "num_faces": 3312, "num_hulls": 0}