{"bbox": [[-0.03332993745712757, -0.05678429566770205, -0.03332993745712757], [0.03332993745712757, -0.05678429566770205, -0.03332993745712757], [0.03332993745712757, 0.05678429566770205, -0.03332993745712757], [-0.03332993745712757, 0.05678429566770205, -0.03332993745712757], [-0.03332993745712757, -0.05678429566770205, 0.03332993745712757], [0.03332993745712757, -0.05678429566770205, 0.03332993745712757], [0.03332993745712757, 0.05678429566770205, 0.03332993745712757], [-0.03332993745712757, 0.05678429566770205, 0.03332993745712757]], "aabb": [[-0.03332993760704994, -0.05678429454565048, -0.03332993760704994], [0.03332993760704994, 0.05678429454565048, 0.03332993760704994]], "obb": [[[0.4469446637686699, 0.8945616058709758, -2.881408538781886e-05, 9.134135497869965e-07], [-6.446902192603063e-05, 3.188638595906266e-16, -0.9999999979218727, -3.9058969006973764e-07], [-0.8945616040119628, 0.4469446646974779, 5.767151178322362e-05, -4.4020188962550996e-07], [0.0, 0.0, 0.0, 1.0]], [0.08887504148152217, 0.11357407385893499, 0.08887804811321885]], "radius": 0.0589176483744325, "volume": 8.151222433452696e-05, "num_verts": 3623, "num_faces": 7062, "num_hulls": 0}