{"bbox": [[-0.04690232, -0.07191688, -0.04690232], [0.04690232, -0.07191688, -0.04690232], [0.04690232, 0.07191360000000001, -0.04690232], [-0.04690232, 0.07191360000000001, -0.04690232], [-0.04690232, -0.07191688, 0.04690232], [0.04690232, -0.07191688, 0.04690232], [0.04690232, 0.07191360000000001, 0.04690232], [-0.04690232, 0.07191360000000001, 0.04690232]], "aabb": [[-0.04690232127904892, -0.07191687822341919, -0.04690232127904892], [0.04690232127904892, 0.07191359996795654, 0.04690232127904892]], "obb": [[[0.31615496677691124, 0.9487075613603435, -2.967394316667607e-16, -6.004603461803192e-08], [-3.8717816809788205e-17, -2.9988018770678654e-16, -1.0, -1.6399999999971993e-06], [-0.9487075613603437, 0.3161549667769113, -5.807672521468233e-17, -9.990791307946025e-08], [0.0, 0.0, 0.0, 1.0]], [0.11756272849746793, 0.14383048000000004, 0.11756178426295405]], "radius": 0.07893307157571913, "volume": 0.0002328544499690571, "num_verts": 3113, "num_faces": 6050, "num_hulls": 0}