{"bbox": [[-0.020028, -0.076774, -0.020028], [0.020028, -0.076774, -0.020028], [0.020028, 0.076774, -0.020028], [-0.020028, 0.076774, -0.020028], [-0.020028, -0.076774, 0.020028], [0.020028, -0.076774, 0.020028], [0.020028, 0.076774, 0.020028], [-0.020028, 0.076774, 0.020028]], "aabb": [[-0.020028000697493553, -0.076774001121521, -0.020028000697493553], [0.020028000697493553, 0.076774001121521, 0.020028000697493553]], "obb": [[[-0.986374110285167, 0.16451782444205065, 6.123233995736767e-17, 3.4221726504148306e-18], [5.0324183490845236e-17, -7.047180620140958e-17, 1.0, -1.745970850218674e-34], [0.16451782444205063, 0.986374110285167, 6.123233995736767e-17, -5.7078586455251235e-19], [0.0, 0.0, 0.0, 1.0]], [0.04547197208649381, 0.153548, 0.045471972086493805]], "radius": 0.0784338144257239, "volume": 0.0001478722396350147, "num_verts": 587, "num_faces": 1170, "num_hulls": 0}