{"bbox": [[-0.07084499459495586, -0.10185863222880308, -0.034875477339212244], [0.07085819459394878, -0.10185863222880308, -0.034875477339212244], [0.07085819459394878, 0.10185863222880308, -0.034875477339212244], [-0.07084499459495586, 0.10185863222880308, -0.034875477339212244], [-0.07084499459495586, -0.10185863222880308, 0.034875477339212244], [0.07085819459394878, -0.10185863222880308, 0.034875477339212244], [0.07085819459394878, 0.10185863222880308, 0.034875477339212244], [-0.07084499459495586, 0.10185863222880308, 0.034875477339212244]], "aabb": [[-0.07084499299526215, -0.10185863077640533, -0.034875478595495224], [0.0708581954240799, 0.10185863077640533, 0.034875478595495224]], "obb": [[[-0.012128502520934935, 0.9979379974587251, 0.06302898265615108, 0.00015534612490991748], [0.18857110265461297, 0.06418530383249517, -0.9799597879584415, 0.00037734034221980093], [-0.981984642787362, 6.473192888989356e-17, -0.18896074018106754, -0.0009545322334067331], [0.0, 0.0, 0.0, 1.0]], [0.1486440470280171, 0.21297062753278923, 0.07708206646370065]], "radius": 0.11776072224244366, "volume": 0.0009106288482737613, "num_verts": 490, "num_faces": 972, "num_hulls": 0}