{"bbox": [[-0.04665089644081906, -0.052661155982272646, -0.04664633644116696], [0.04665089644081906, -0.052661155982272646, -0.04664633644116696], [0.04665089644081906, 0.05246885599694397, -0.04664633644116696], [-0.04665089644081906, 0.05246885599694397, -0.04664633644116696], [-0.04665089644081906, -0.052661155982272646, 0.04665089644081906], [0.04665089644081906, -0.052661155982272646, 0.04665089644081906], [0.04665089644081906, 0.05246885599694397, 0.04665089644081906], [-0.04665089644081906, 0.05246885599694397, 0.04665089644081906]], "aabb": [[-0.04665089771151543, -0.05266115441918373, -0.04664633795619011], [0.04665089771151543, 0.05246885493397713, 0.04665089771151543]], "obb": [[[-0.9484325224353322, 0.31697910086779124, 5.807474264038398e-17, -6.351057690565879e-07], [6.123233995736766e-17, 0.0, 1.0, -9.614999266433638e-05], [0.31697910086779124, 0.9484325224353319, -1.9409372063717327e-17, -1.5095875253306898e-06], [0.0, 0.0, 0.0, 1.0]], [0.11726507072488858, 0.10513001197921662, 0.11726668298540537]], "radius": 0.05879362297638179, "volume": 0.000434097473400759, "num_verts": 3200, "num_faces": 6320, "num_hulls": 0}