{"bbox": [[-0.03264968, -0.07151671999999999, -0.029534400000000002], [0.03225944, -0.07151671999999999, -0.029534400000000002], [0.03225944, 0.07151728, -0.029534400000000002], [-0.03264968, 0.07151728, -0.029534400000000002], [-0.03264968, -0.07151671999999999, 0.029534400000000002], [0.03225944, -0.07151671999999999, 0.029534400000000002], [0.03225944, 0.07151728, 0.029534400000000002], [-0.03264968, 0.07151728, 0.029534400000000002]], "aabb": [[-0.032649680972099304, -0.0715167224407196, -0.02953439950942993], [0.032259438186883926, 0.07151728123426437, 0.02953439950942993]], "obb": [[[-0.005591008926450201, -0.9999658519451357, 0.00608568507429726, -0.0003681202047186606], [-0.005595881152326129, 0.006116971436557475, 0.9999656337967686, -1.5807743980779316e-05], [-0.9999687128772148, 0.005556762014294914, -0.005629890105774158, 4.1283556782430936e-05], [0.0, 0.0, 0.0, 1.0]], [0.06592823241119074, 0.14422663856895948, 0.06029353243087311]], "radius": 0.07823141028001476, "volume": 0.00021377913782964927, "num_verts": 1422, "num_faces": 2808, "num_hulls": 0}