{"bbox": [[-0.01890875855737621, -0.020090578467210504, -0.05436275585245088], [0.01890875855737621, -0.020090578467210504, -0.05436275585245088], [0.01890875855737621, 0.020090578467210504, -0.05436275585245088], [-0.01890875855737621, 0.020090578467210504, -0.05436275585245088], [-0.01890875855737621, -0.020090578467210504, 0.05436275585245088], [0.01890875855737621, -0.020090578467210504, 0.05436275585245088], [0.01890875855737621, 0.020090578467210504, 0.05436275585245088], [-0.01890875855737621, 0.020090578467210504, 0.05436275585245088]], "aabb": [[-0.018908757716417313, -0.020090578123927116, -0.05436275526881218], [0.018908757716417313, 0.020090578123927116, 0.05436275526881218]], "obb": [[[0.9995713367430351, 0.029269780662648886, -0.0006501551370609152, 0.0002539571377998982], [-0.029277000559173084, 0.9993248360263632, -0.022197507498376165, -0.00019286956397117672], [1.224846325424647e-16, 0.02220702683482669, 0.9997533935722136, 0.00012515401225273812], [0.0, 0.0, 0.0, 1.0]], [0.039195818227887494, 0.04337622868781689, 0.10994053720971957]], "radius": 0.058566742033081036, "volume": 7.753716755571492e-05, "num_verts": 821, "num_faces": 1610, "num_hulls": 0}