{"bbox": [[-0.04052072, -0.0745504, -0.009724960000000001], [0.04052072, -0.0745504, -0.009724960000000001], [0.04052072, 0.07455816000000001, -0.009724960000000001], [-0.04052072, 0.07455816000000001, -0.009724960000000001], [-0.04052072, -0.0745504, 0.009724960000000001], [0.04052072, -0.0745504, 0.009724960000000001], [0.04052072, 0.07455816000000001, 0.009724960000000001], [-0.04052072, 0.07455816000000001, 0.009724960000000001]], "aabb": [[-0.040520720183849335, -0.07455039769411087, -0.00972495973110199], [0.040520720183849335, 0.07455816119909286, 0.00972495973110199]], "obb": [[[0.0026556994309906434, -0.9999964729997448, -3.533557582894209e-05, -6.708066244649846e-06], [0.013304385263613048, -1.5247942604051365e-17, 0.9999114927496121, -2.9863444693975862e-05], [-0.9999079660615218, -0.002655934500450489, 0.013304338339042827, 9.448072900797823e-05], [0.0, 0.0, 0.0, 1.0]], [0.08109071101920937, 0.14939288706216086, 0.020602276739600727]], "radius": 0.07861796866376276, "volume": 0.00018707143260987996, "num_verts": 394, "num_faces": 780, "num_hulls": 0}