{"bbox": [[-0.0845312335507787, -0.04042799691558861, -0.08085599383117723], [0.0845312335507787, -0.04042799691558861, -0.08085599383117723], [0.0845312335507787, 0.04042799691558861, -0.08085599383117723], [-0.0845312335507787, 0.04042799691558861, -0.08085599383117723], [-0.0845312335507787, -0.04042799691558861, 0.08084903383170823], [0.0845312335507787, -0.04042799691558861, 0.08084903383170823], [0.0845312335507787, 0.04042799691558861, 0.08084903383170823], [-0.0845312335507787, 0.04042799691558861, 0.08084903383170823]], "aabb": [[-0.08453123271465302, -0.04042799770832062, -0.08085599541664124], [0.08453123271465302, 0.04042799770832062, 0.08084903657436371]], "obb": [[[-1.0054126131235093e-17, -6.04012748573394e-17, -1.0, 1.8396200824878196e-20], [-0.9864276769333511, 0.16419634033641647, -0.0, 0.0017843365474612554], [0.16419634033641647, 0.9864276769333512, -6.123233995736766e-17, -0.0003004327588605359], [0.0, 0.0, 0.0, 1.0]], [0.1690624671015574, 0.09979116963850701, 0.17480366596850208]], "radius": 0.11719065850690305, "volume": 0.0012379394285941614, "num_verts": 1403, "num_faces": 2790, "num_hulls": 0}