{"bbox": [[-0.05868390139913324, -0.14210475338804135, -0.05868390139913324], [0.05868390139913324, -0.14210475338804135, -0.05868390139913324], [0.05868390139913324, 0.14210475338804135, -0.05868390139913324], [-0.05868390139913324, 0.14210475338804135, -0.05868390139913324], [-0.05868390139913324, -0.14210475338804135, 0.05868390139913324], [0.05868390139913324, -0.14210475338804135, 0.05868390139913324], [0.05868390139913324, 0.14210475338804135, 0.05868390139913324], [-0.05868390139913324, 0.14210475338804135, 0.05868390139913324]], "aabb": [[-0.05868390202522278, -0.14210475981235504, -0.05868390202522278], [0.05868390202522278, 0.14210475981235504, 0.05868390202522278]], "obb": [[[0.31516509443046026, 0.949036860850325, -5.789488861458547e-17, 4.373794304935733e-18], [-1.8369701987210294e-16, -0.0, -1.0, -2.5493082627129202e-33], [-0.9490368608503249, 0.31516509443046026, 1.7433524308698036e-16, -1.3170532176675144e-17], [0.0, 0.0, 0.0, 1.0]], [0.14819514592169714, 0.2842095067760827, 0.14819514592169716]], "radius": 0.14692451847650206, "volume": 0.0015774564359462258, "num_verts": 1022, "num_faces": 2036, "num_hulls": 0}