{"bbox": [[-0.052984960000000005, -0.05803112, -0.052984960000000005], [0.052984960000000005, -0.05803112, -0.052984960000000005], [0.052984960000000005, 0.05803112, -0.052984960000000005], [-0.052984960000000005, 0.05803112, -0.052984960000000005], [-0.052984960000000005, -0.05803112, 0.052984960000000005], [0.052984960000000005, -0.05803112, 0.052984960000000005], [0.052984960000000005, 0.05803112, 0.052984960000000005], [-0.052984960000000005, 0.05803112, 0.052984960000000005]], "aabb": [[-0.05298496037721634, -0.0580311194062233, -0.05298496037721634], [0.05298496037721634, 0.0580311194062233, 0.05298496037721634]], "obb": [[[0.9285846933436241, 0.3711205562723891, -1.7057824086607436e-16, -6.443350667903637e-18], [-1.8369701987210297e-16, -0.0, -1.0, 1.2746541313564603e-33], [-0.37112055627238916, 0.9285846933436241, 6.817374020051497e-17, 2.5751661655331406e-18], [0.0, 0.0, 0.0, 1.0]], [0.13760490653274454, 0.11606224000000001, 0.13760490653274451]], "radius": 0.078230030810844, "volume": 0.0008573767405764814, "num_verts": 870, "num_faces": 1728, "num_hulls": 0}