{"bbox": [[-0.04595216, -0.06405448, -0.04595216], [0.04595216, -0.06405448, -0.04595216], [0.04595216, 0.06405448, -0.04595216], [-0.04595216, 0.06405448, -0.04595216], [-0.04595216, -0.06405448, 0.04595216], [0.04595216, -0.06405448, 0.04595216], [0.04595216, 0.06405448, 0.04595216], [-0.04595216, 0.06405448, 0.04595216]], "aabb": [[-0.04595215991139412, -0.06405448168516159, -0.04595215991139412], [0.04595215991139412, 0.06405448168516159, 0.04595215991139412]], "obb": [[[-0.8944271909999163, -0.44721359549995704, -6.123233995736766e-17, 3.103167691559085e-18], [2.738393491321022e-17, 8.215180473963038e-17, -1.0, -5.700426571027982e-34], [0.44721359549995704, -0.8944271909999164, -6.123233995736767e-17, 6.206335383118186e-18], [0.0, 0.0, 0.0, 1.0]], [0.12197654399999998, 0.12810896, 0.12197654399999999]], "radius": 0.07825841527894109, "volume": 0.0006106319745359368, "num_verts": 1273, "num_faces": 2530, "num_hulls": 0}