{"bbox": [[-0.02782901787681443, -0.053338975930559085, -0.006957239469204753], [0.02782901787681443, -0.053338975930559085, -0.006957239469204753], [0.02782901787681443, 0.053338975930559085, -0.006957239469204753], [-0.02782901787681443, 0.053338975930559085, -0.006957239469204753], [-0.02782901787681443, -0.053338975930559085, 0.006957239469204753], [0.02782901787681443, -0.053338975930559085, 0.006957239469204753], [0.02782901787681443, 0.053338975930559085, 0.006957239469204753], [-0.02782901787681443, 0.053338975930559085, 0.006957239469204753]], "aabb": [[-0.027829017490148544, -0.053338974714279175, -0.006957239471375942], [0.027829017490148544, 0.053338974714279175, 0.006957239471375942]], "obb": [[[-0.00925609490603269, 0.9999571577627158, -8.570998655668639e-05, -3.927241200332928e-06], [0.009259446135180423, -1.6340982523297477e-16, -0.999957130409734, -1.4400916100004632e-06], [-0.9999142900090789, -0.009256491728040371, -0.009259049439791979, -0.00042409468417081963], [0.0, 0.0, 0.0, 1.0]], [0.055876554267679845, 0.10685497368872571, 0.015362634462276968]], "radius": 0.058753660320770375, "volume": 7.037486211691067e-05, "num_verts": 197, "num_faces": 378, "num_hulls": 0}