{"bbox": [[-0.04960215118260744, -0.14260620339999683, -0.06742785160760525], [0.04960215118260744, -0.14260620339999683, -0.06742785160760525], [0.04960215118260744, 0.14260620339999683, -0.06742785160760525], [-0.04960215118260744, 0.14260620339999683, -0.06742785160760525], [-0.04960215118260744, -0.14260620339999683, 0.06742785160760525], [0.04960215118260744, -0.14260620339999683, 0.06742785160760525], [0.04960215118260744, 0.14260620339999683, 0.06742785160760525], [-0.04960215118260744, 0.14260620339999683, 0.06742785160760525]], "aabb": [[-0.04960215091705322, -0.1426061987876892, -0.0674278512597084], [0.04960215091705322, 0.1426061987876892, 0.0674278512597084]], "obb": [[[-0.9988920426618907, 0.0315629372852638, -0.0349065623727467, 0.0032864993692628057], [0.03329712550222195, -0.0501543262653727, -0.9981862777007886, 0.00023078091767862976], [-0.03325640600012622, -0.9982426180777862, 0.04904780232754284, 0.003937359405625025], [0.0, 0.0, 0.0, 1.0]], [0.11444736290659623, 0.2976467359634284, 0.14921597543825074]], "radius": 0.14818966244591011, "volume": 0.0019357076695820197, "num_verts": 1027, "num_faces": 2022, "num_hulls": 0}