{"bbox": [[-0.06791039481884804, -0.09762119255209407, -0.06790739481907694], [0.06791039481884804, -0.09762119255209407, -0.06790739481907694], [0.06791039481884804, 0.09762119255209407, -0.06790739481907694], [-0.06791039481884804, 0.09762119255209407, -0.06790739481907694], [-0.06791039481884804, -0.09762119255209407, 0.06791039481884804], [0.06791039481884804, -0.09762119255209407, 0.06791039481884804], [0.06791039481884804, 0.09762119255209407, 0.06791039481884804], [-0.06791039481884804, 0.09762119255209407, 0.06791039481884804]], "aabb": [[-0.06791039556264877, -0.09762119501829147, -0.06790739297866821], [0.06791039556264877, 0.09762119501829147, 0.06791039556264877]], "obb": [[[0.28724184247282325, 0.9578580917509741, -6.123233995736766e-17, -1.624382526656518e-06], [4.106340215673455e-17, -7.624038245328766e-17, -1.0, 1.450719293223066e-22], [-0.9578580917509741, 0.28724184247282325, -6.123233995736766e-17, -7.448218745359128e-07], [0.0, 0.0, 0.0, 1.0]], [0.16703660148390523, 0.19524238510418818, 0.16703603851104626]], "radius": 0.11792990407061302, "volume": 0.0010319666981011815, "num_verts": 2632, "num_faces": 5088, "num_hulls": 0}