{"bbox": [[-0.02563733804402633, -0.05360333591039002, -0.02563733804402633], [0.02563733804402633, -0.05360333591039002, -0.02563733804402633], [0.02563733804402633, 0.05360531591023896, -0.02563733804402633], [-0.02563733804402633, 0.05360531591023896, -0.02563733804402633], [-0.02563733804402633, -0.05360333591039002, 0.02563733804402633], [0.02563733804402633, -0.05360333591039002, 0.02563733804402633], [0.02563733804402633, 0.05360531591023896, 0.02563733804402633], [-0.02563733804402633, 0.05360531591023896, 0.02563733804402633]], "aabb": [[-0.025637337937951088, -0.053603336215019226, -0.025637337937951088], [0.025637337937951088, 0.05360531434416771, 0.025637337937951088]], "obb": [[[0.4472171596187366, 0.89442540893165, -6.123233995736766e-17, 3.103222128779711e-18], [2.738360755366755e-17, -8.215191385875322e-17, -1.0, 9.899999244694646e-07], [-0.8944254089316501, 0.4472171596187366, -6.123233995736766e-17, 1.5516568313125116e-18], [0.0, 0.0, 0.0, 1.0]], [0.06711891538215808, 0.10720865182062898, 0.0671188999023142]], "radius": 0.058768323354902396, "volume": 0.00015595535448940774, "num_verts": 941, "num_faces": 1870, "num_hulls": 0}