{"bbox": [[-0.027151557928500523, -0.056771455668681664, -0.027151557928500523], [0.027151557928500523, -0.056771455668681664, -0.027151557928500523], [0.027151557928500523, 0.056766235669079915, -0.027151557928500523], [-0.027151557928500523, 0.056766235669079915, -0.027151557928500523], [-0.027151557928500523, -0.056771455668681664, 0.027151557928500523], [0.027151557928500523, -0.056771455668681664, 0.027151557928500523], [0.027151557928500523, 0.056766235669079915, 0.027151557928500523], [-0.027151557928500523, 0.056766235669079915, 0.027151557928500523]], "aabb": [[-0.02715155854821205, -0.05677145719528198, -0.02715155854821205], [0.02715155854821205, 0.05676623433828354, 0.02715155854821205]], "obb": [[[-0.8944271909999162, 0.4472135954999571, 6.123233995736766e-17, -1.5981639509581994e-22], [2.7383934913210214e-17, -8.215180473963038e-17, 1.0, -2.609999800874674e-06], [0.4472135954999571, 0.8944271909999164, 6.123233995736767e-17, -1.5981639509581997e-22], [0.0, 0.0, 0.0, 1.0]], [0.0710831465767863, 0.11353769133776158, 0.07108314657678631]], "radius": 0.05930337336239431, "volume": 0.00016003705434198054, "num_verts": 1227, "num_faces": 2446, "num_hulls": 0}