{"bbox": [[-0.03997176, -0.073548, -0.02558192], [0.03997176, -0.073548, -0.02558192], [0.03997176, 0.073548, -0.02558192], [-0.03997176, 0.073548, -0.02558192], [-0.03997176, -0.073548, 0.02558192], [0.03997176, -0.073548, 0.02558192], [0.03997176, 0.073548, 0.02558192], [-0.03997176, 0.073548, 0.02558192]], "aabb": [[-0.03997176140546799, -0.07354799658060074, -0.02558192051947117], [0.03997176140546799, 0.07354799658060074, 0.02558192051947117]], "obb": [[[-0.0724211486914527, -0.9972994385618235, 0.012206845066695443, 9.03484831588997e-06], [0.2687004533338741, -0.007722906051011892, 0.9631928275793471, -2.3695617637785703e-05], [-0.9604973938540287, 0.0730355157878621, 0.2685341129786305, 0.00012086517126449914], [0.0, 0.0, 0.0, 1.0]], [0.08146669458403244, 0.15134996737129472, 0.05883959219594367]], "radius": 0.07865724880412231, "volume": 0.00011958544552303281, "num_verts": 410, "num_faces": 816, "num_hulls": 0}