{"bbox": [[-0.054181400000000005, -0.0859429, -0.05417910000000001], [0.054181400000000005, -0.0859429, -0.05417910000000001], [0.054181400000000005, 0.0859429, -0.05417910000000001], [-0.054181400000000005, 0.0859429, -0.05417910000000001], [-0.054181400000000005, -0.0859429, 0.054181400000000005], [0.054181400000000005, -0.0859429, 0.054181400000000005], [0.054181400000000005, 0.0859429, 0.054181400000000005], [-0.054181400000000005, 0.0859429, 0.054181400000000005]], "aabb": [[-0.05418140068650246, -0.08594290167093277, -0.05417909845709801], [0.05418140068650246, 0.08594290167093277, 0.05418140068650246]], "obb": [[[0.894456458229171, -0.4471550562524453, -6.123233995736767e-17, 5.403540214557342e-08], [-8.21500123454572e-17, -2.7389311509246025e-17, -1.0, 1.545117165273516e-23], [0.4471550562524453, 0.8944564582291707, -6.123233995736765e-17, -3.063721846936986e-07], [0.0, 0.0, 0.0, 1.0]], [0.14423219980859633, 0.1718858, 0.14498057659345834]], "radius": 0.09793328860055706, "volume": 0.0015245060757265146, "num_verts": 880, "num_faces": 1712, "num_hulls": 0}