{"bbox": [[-0.006944159470202677, -0.03632339722874472, -0.04914341625065489], [0.006944159470202677, -0.03632339722874472, -0.04914341625065489], [0.006944159470202677, 0.03632339722874472, -0.04914341625065489], [-0.006944159470202677, 0.03632339722874472, -0.04914341625065489], [-0.006944159470202677, -0.03632339722874472, 0.049009856260844704], [0.006944159470202677, -0.03632339722874472, 0.049009856260844704], [0.006944159470202677, 0.03632339722874472, 0.049009856260844704], [-0.006944159470202677, 0.03632339722874472, 0.049009856260844704]], "aabb": [[-0.006944159511476755, -0.03632339835166931, -0.049143414944410324], [0.006944159511476755, 0.03632339835166931, 0.04900985583662987]], "obb": [[[-0.9998315195623599, -0.0032416053338554253, 0.018067221271742893, 0.00027642257542892187], [-0.003119288319016272, 0.9999720541845684, 0.006794180618570722, -3.923504418901152e-05], [-0.018088740420644206, 0.006736679059776669, -0.999813689956904, -0.00017616332459740948], [0.0, 0.0, 0.0, 1.0]], [0.015865661085490708, 0.07286358307601766, 0.09896887287680697]], "radius": 0.05842316740739535, "volume": 3.5452584672651885e-05, "num_verts": 1001, "num_faces": 1966, "num_hulls": 0}