{"bbox": [[-0.007781970000000001, -0.045719, -0.08948590000000001], [0.007781970000000001, -0.045719, -0.08948590000000001], [0.007781970000000001, 0.045719, -0.08948590000000001], [-0.007781970000000001, 0.045719, -0.08948590000000001], [-0.007781970000000001, -0.045719, 0.0894926], [0.007781970000000001, -0.045719, 0.0894926], [0.007781970000000001, 0.045719, 0.0894926], [-0.007781970000000001, 0.045719, 0.0894926]], "aabb": [[-0.007781969849020243, -0.045719001442193985, -0.08948589861392975], [0.007781969849020243, 0.045719001442193985, 0.08949259668588638]], "obb": [[[0.9999086957026017, -0.013507810443295534, -0.0003732497156674385, -0.00037365527342379313], [-0.013512966291311884, -0.999528358516094, -0.027576444008109484, -0.001384777247070108], [-5.762972559776989e-07, 0.027578969871090625, -0.9996196278687794, -3.805596429264753e-05], [0.0, 0.0, 0.0, 1.0]], [0.01683484365828705, 0.09639891035932747, 0.1793790657222747]], "radius": 0.09766172253104284, "volume": 9.461523848985303e-05, "num_verts": 670, "num_faces": 1316, "num_hulls": 0}