{"bbox": [[-0.0967766, -0.0189346, -0.0967766], [0.0967766, -0.0189346, -0.0967766], [0.0967766, 0.0189346, -0.0967766], [-0.0967766, 0.0189346, -0.0967766], [-0.0967766, -0.0189346, 0.0967766], [0.0967766, -0.0189346, 0.0967766], [0.0967766, 0.0189346, 0.0967766], [-0.0967766, 0.0189346, 0.0967766]], "aabb": [[-0.09677659720182419, -0.018934600055217743, -0.09677659720182419], [0.09677659720182419, 0.018934600055217743, 0.09677659720182419]], "obb": [[[-6.123233995736766e-17, 0.9191314630459018, -0.3939509533420372, 1.9986396750855875e-07], [-1.0, -8.040310891230807e-17, -3.215803150917067e-17, 3.4694561521990234e-18], [-6.123233995736766e-17, 0.3939509533420372, 0.9191314630459019, -3.5011537739718103e-07], [0.0, 0.0, 0.0, 1.0]], [0.2539103382804953, 0.03786920000000004, 0.2539119244690912]], "radius": 0.09890748972206302, "volume": 0.0003165548115338549, "num_verts": 1899, "num_faces": 3742, "num_hulls": 0}