{"bbox": [[-0.034480197369369706, -0.05116421609648009, -0.04421255662684962], [0.034480197369369706, -0.05116421609648009, -0.04421255662684962], [0.034480197369369706, 0.05116421609648009, -0.04421255662684962], [-0.034480197369369706, 0.05116421609648009, -0.04421255662684962], [-0.034480197369369706, -0.05116421609648009, 0.04421255662684962], [0.034480197369369706, -0.05116421609648009, 0.04421255662684962], [0.034480197369369706, 0.05116421609648009, 0.04421255662684962], [-0.034480197369369706, 0.05116421609648009, 0.04421255662684962]], "aabb": [[-0.034480199217796326, -0.05116421729326248, -0.04421255737543106], [0.034480199217796326, 0.05116421729326248, 0.04421255737543106]], "obb": [[[-0.711362435333875, -0.7026301363445244, -0.01656433205214344, -0.0003028957905163827], [0.09195934369448212, -0.11641609468239214, 0.9889341595911129, -0.0002418392511659474], [-0.6967832982377941, 0.7019673670473403, 0.1474274428235324, -0.00619738608794191], [0.0, 0.0, 0.0, 1.0]], [0.1016978893258469, 0.12110880173279683, 0.11469870569168526]], "radius": 0.05907452474282815, "volume": 8.377183245604193e-05, "num_verts": 4468, "num_faces": 8716, "num_hulls": 0}