{"bbox": [[-0.0954372, -0.022821900000000003, -0.0954372], [0.0954372, -0.022821900000000003, -0.0954372], [0.0954372, 0.022822000000000002, -0.0954372], [-0.0954372, 0.022822000000000002, -0.0954372], [-0.0954372, -0.022821900000000003, 0.0954372], [0.0954372, -0.022821900000000003, 0.0954372], [0.0954372, 0.022822000000000002, 0.0954372], [-0.0954372, 0.022822000000000002, 0.0954372]], "aabb": [[-0.0954371988773346, -0.022821899503469467, -0.0954371988773346], [0.0954371988773346, 0.022822000086307526, 0.0954371988773346]], "obb": [[[1.1256833128138865e-16, 0.9191901808730738, -0.3938139299041181, 1.2041953027004346e-06], [1.0, -1.224646799147353e-16, -1.1329893721153105e-32, 4.99999999979682e-08], [-4.8228296871671834e-17, -0.3938139299041181, -0.919190180873074, -1.231717156204857e-07], [0.0, 0.0, 0.0, 1.0]], [0.25038237816490033, 0.04564390000000002, 0.2503825230411077]], "radius": 0.09879133334781955, "volume": 0.00041625854534705026, "num_verts": 2004, "num_faces": 3948, "num_hulls": 0}