{"bbox": [[-0.03791672, -0.0726736, -0.01263888], [0.03791672, -0.0726736, -0.01263888], [0.03791672, 0.0726736, -0.01263888], [-0.03791672, 0.0726736, -0.01263888], [-0.03791672, -0.0726736, 0.01263888], [0.03791672, -0.0726736, 0.01263888], [0.03791672, 0.0726736, 0.01263888], [-0.03791672, 0.0726736, 0.01263888]], "aabb": [[-0.037916719913482666, -0.07267359644174576, -0.01263887993991375], [0.037916719913482666, 0.07267359644174576, 0.01263887993991375]], "obb": [[[6.067058436561765e-17, 1.0, 8.275243161932785e-18, 6.385013563609607e-21], [0.13514497678341758, 1.5550098727003466e-33, -0.9908258349731348, 1.4222749275262268e-05], [-0.9908258349731346, 6.123233995736765e-17, -0.13514497678341758, -0.00010427518478070742], [0.0, 0.0, 0.0, 1.0]], [0.07583344, 0.14664462131676462, 0.02712994030942597]], "radius": 0.0788714314161877, "volume": 7.74826685235824e-05, "num_verts": 240, "num_faces": 476, "num_hulls": 0}