{"bbox": [[-0.031875897568062014, -0.041251196852783445, -0.04312625670972773], [0.031875897568062014, -0.041251196852783445, -0.04312625670972773], [0.031875897568062014, 0.041251196852783445, -0.04312625670972773], [-0.031875897568062014, 0.041251196852783445, -0.04312625670972773], [-0.031875897568062014, -0.041251196852783445, 0.04312625670972773], [0.031875897568062014, -0.041251196852783445, 0.04312625670972773], [0.031875897568062014, 0.041251196852783445, 0.04312625670972773], [-0.031875897568062014, 0.041251196852783445, 0.04312625670972773]], "aabb": [[-0.03187589719891548, -0.04125119745731354, -0.04312625527381897], [0.03187589719891548, 0.04125119745731354, 0.04312625527381897]], "obb": [[[-0.8673703992918612, -0.4976631288766975, 2.426794177432593e-05, 0.004357198534074628], [2.406687287949096e-05, 6.8179626551836684e-06, 0.9999999996871505, -1.0564013784363628e-07], [-0.49766312888646175, 0.8673703996045582, 6.063496268901547e-06, 0.0048363236568737195], [0.0, 0.0, 0.0, 1.0]], [0.09520413041113086, 0.08250587094906087, 0.10168835914915773]], "radius": 0.059295500066285124, "volume": 0.00014591480929340643, "num_verts": 1211, "num_faces": 2330, "num_hulls": 0}