{"bbox": [[-0.08356390000000001, -0.052681599999999995, -0.0395112], [0.08356390000000001, -0.052681599999999995, -0.0395112], [0.08356390000000001, 0.052681599999999995, -0.0395112], [-0.08356390000000001, 0.052681599999999995, -0.0395112], [-0.08356390000000001, -0.052681599999999995, 0.0399653], [0.08356390000000001, -0.052681599999999995, 0.0399653], [0.08356390000000001, 0.052681599999999995, 0.0399653], [-0.08356390000000001, 0.052681599999999995, 0.0399653]], "aabb": [[-0.0835639014840126, -0.05268159881234169, -0.03951120004057884], [0.0835639014840126, 0.05268159881234169, 0.039965301752090454]], "obb": [[[-6.117697500107609e-17, -2.6033029736002805e-18, -1.0, 2.8616461785403685e-20], [-0.042515163970751425, 0.9990958216470232, 0.0, 0.00048370477055464657], [0.999095821647023, 0.042515163970751425, -6.123233995736766e-17, -0.0004673422868589961], [0.0, 0.0, 0.0, 1.0]], [0.16712780000000002, 0.11002776931522151, 0.08236912390250307]], "radius": 0.09792966950342476, "volume": 0.0007615394064317398, "num_verts": 990, "num_faces": 1940, "num_hulls": 0}