{"bbox": [[-0.023564998202133314, -0.0541994358649112, -0.023564998202133314], [0.023564998202133314, -0.0541994358649112, -0.023564998202133314], [0.023564998202133314, 0.0541994358649112, -0.023564998202133314], [-0.023564998202133314, 0.0541994358649112, -0.023564998202133314], [-0.023564998202133314, -0.0541994358649112, 0.023564998202133314], [0.023564998202133314, -0.0541994358649112, 0.023564998202133314], [0.023564998202133314, 0.0541994358649112, 0.023564998202133314], [-0.023564998202133314, 0.0541994358649112, 0.023564998202133314]], "aabb": [[-0.02356499806046486, -0.05419943481683731, -0.02356499806046486], [0.02356499806046486, 0.05419943481683731, 0.02356499806046486]], "obb": [[[-0.44775314031836955, 0.8941572151109884, 6.123233995736766e-17, -1.548775256628925e-18], [-2.733436606605582e-17, -8.216831107596251e-17, 1.0, 3.7991372944113623e-34], [0.8941572151109884, 0.4477531403183695, 6.123233995736766e-17, -4.655686792439377e-18], [0.0, 0.0, 0.0, 1.0]], [0.06222048384093543, 0.1083988717298224, 0.06222048384093543]], "radius": 0.0587758228902825, "volume": 0.0001570633438292636, "num_verts": 450, "num_faces": 892, "num_hulls": 0}