{"bbox": [[-0.042540800000000004, -0.088949, -0.042540800000000004], [0.042540800000000004, -0.088949, -0.042540800000000004], [0.042540800000000004, 0.088949, -0.042540800000000004], [-0.042540800000000004, 0.088949, -0.042540800000000004], [-0.042540800000000004, -0.088949, 0.042540800000000004], [0.042540800000000004, -0.088949, 0.042540800000000004], [0.042540800000000004, 0.088949, 0.042540800000000004], [-0.042540800000000004, 0.088949, 0.042540800000000004]], "aabb": [[-0.04254079982638359, -0.08894900232553482, -0.04254079982638359], [0.04254079982638359, 0.08894900232553482, 0.04254079982638359]], "obb": [[[-0.38460295440958875, -0.9230821022311158, 1.6956743127713184e-16, 4.199898464183568e-06], [1.1377865355614882e-32, 1.83697019872103e-16, 1.0, 5.0162760484536964e-23], [-0.9230821022311156, 0.3846029544095887, -7.065041655904773e-17, 1.0790152299297228e-05], [0.0, 0.0, 0.0, 1.0]], [0.1103966099362981, 0.17789800000000003, 0.1100090778721823]], "radius": 0.09809167619038835, "volume": 0.000467987615170422, "num_verts": 1116, "num_faces": 2184, "num_hulls": 0}