{"bbox": [[-0.04090608, -0.07237224, -0.04090608], [0.04090608, -0.07237224, -0.04090608], [0.04090608, 0.07237224, -0.04090608], [-0.04090608, 0.07237224, -0.04090608], [-0.04090608, -0.07237224, 0.04090608], [0.04090608, -0.07237224, 0.04090608], [0.04090608, 0.07237224, 0.04090608], [-0.04090608, 0.07237224, 0.04090608]], "aabb": [[-0.04090607911348343, -0.07237224280834198, -0.04090607911348343], [0.04090607911348343, 0.07237224280834198, 0.04090607911348343]], "obb": [[[-0.4472204594336757, 0.8944237590001354, -6.123233995736766e-17, 4.125633093155272e-07], [8.215201488497594e-17, -2.7383304469109988e-17, -1.0, -6.874746521754076e-24], [-0.8944237590001353, -0.4472204594336757, -6.123233995736766e-17, -3.002901783762141e-07], [0.0, 0.0, 0.0, 1.0]], [0.10950389417067632, 0.14474448, 0.10950371906343298]], "radius": 0.07830274976864086, "volume": 0.00022821735936309458, "num_verts": 3556, "num_faces": 6932, "num_hulls": 0}