{"bbox": [[-0.03182279757211322, -0.04182425680906244, -0.04182425680906244], [0.03182279757211322, -0.04182425680906244, -0.04182425680906244], [0.03182279757211322, 0.04182425680906244, -0.04182425680906244], [-0.03182279757211322, 0.04182425680906244, -0.04182425680906244], [-0.03182279757211322, -0.04182425680906244, 0.04182425680906244], [0.03182279757211322, -0.04182425680906244, 0.04182425680906244], [0.03182279757211322, 0.04182425680906244, 0.04182425680906244], [-0.03182279757211322, 0.04182425680906244, 0.04182425680906244]], "aabb": [[-0.031822796911001205, -0.041824255138635635, -0.041824255138635635], [0.031822796911001205, 0.041824255138635635, 0.041824255138635635]], "obb": [[[-0.7832052049143267, 0.6217633037715191, -3.28364618669676e-05, 0.003695265584017131], [5.12379848822831e-05, 1.1730178643995089e-05, -0.9999999986185358, -3.0725364474851866e-07], [-0.6217633025273978, -0.7832052055148311, -4.104503572755531e-05, 0.004893082432971224], [0.0, 0.0, 0.0, 1.0]], [0.09803687910578049, 0.08365522078527389, 0.09997958217157454]], "radius": 0.05874605738172604, "volume": 0.00020071428140591696, "num_verts": 2809, "num_faces": 5426, "num_hulls": 0}