{"bbox": [[-0.0915249, -0.0378038, -0.0915249], [0.0915249, -0.0378038, -0.0915249], [0.0915249, 0.0378038, -0.0915249], [-0.0915249, 0.0378038, -0.0915249], [-0.0915249, -0.0378038, 0.0915249], [0.0915249, -0.0378038, 0.0915249], [0.0915249, 0.0378038, 0.0915249], [-0.0915249, 0.0378038, 0.0915249]], "aabb": [[-0.09152489900588989, -0.03780379891395569, -0.09152489900588989], [0.09152489900588989, 0.03780379891395569, 0.09152489900588989]], "obb": [[[9.901585446101393e-18, -0.39391372412041264, 0.9191474190518012, -9.308625766770016e-08], [1.0, 4.824051813842769e-17, 9.901585446101394e-18, 5.240591609601857e-23], [-4.824051813842769e-17, 0.9191474190518012, 0.39391372412041264, 1.067240082582207e-06], [0.0, 0.0, 0.0, 1.0]], [0.24012906584883706, 0.07560760000000001, 0.24012870721727247]], "radius": 0.09898913164656008, "volume": 0.0005298625582906898, "num_verts": 3032, "num_faces": 5928, "num_hulls": 0}