{"bbox": [[-0.08870655211492902, -0.13162905313828116, -0.08870655211492902], [0.08870655211492902, -0.13162905313828116, -0.08870655211492902], [0.08870655211492902, 0.13162905313828116, -0.08870655211492902], [-0.08870655211492902, 0.13162905313828116, -0.08870655211492902], [-0.08870655211492902, -0.13162905313828116, 0.08870655211492902], [0.08870655211492902, -0.13162905313828116, 0.08870655211492902], [0.08870655211492902, 0.13162905313828116, 0.08870655211492902], [-0.08870655211492902, 0.13162905313828116, 0.08870655211492902]], "aabb": [[-0.08870655298233032, -0.13162904977798462, -0.08870655298233032], [0.08870655298233032, 0.13162904977798462, 0.08870655298233032]], "obb": [[[-0.9285847019791231, 0.3711205346654142, -2.2724578743792695e-17, -1.993486842385787e-06], [6.162975822039155e-33, -6.123233995736765e-17, -1.0, -2.730547061179801e-23], [-0.37112053466541417, -0.9285847019791231, 5.68594141507966e-17, -1.2769498318035565e-06], [0.0, 0.0, 0.0, 1.0]], [0.22928304788040504, 0.2632581062765623, 0.22928340718312773]], "radius": 0.14695745055108975, "volume": 0.003238880885512193, "num_verts": 3061, "num_faces": 6006, "num_hulls": 0}