{"bbox": [[-0.032855337493336675, -0.052115396023910826, -0.01019651922206732], [0.032855337493336675, -0.052115396023910826, -0.01019651922206732], [0.032855337493336675, 0.052115396023910826, -0.01019651922206732], [-0.032855337493336675, 0.052115396023910826, -0.01019651922206732], [-0.032855337493336675, -0.052115396023910826, 0.01019651922206732], [0.032855337493336675, -0.052115396023910826, 0.01019651922206732], [0.032855337493336675, 0.052115396023910826, 0.01019651922206732], [-0.032855337493336675, 0.052115396023910826, 0.01019651922206732]], "aabb": [[-0.03285533934831619, -0.05211539566516876, -0.010196519084274769], [0.03285533934831619, 0.05211539566516876, 0.010196519084274769]], "obb": [[[-6.039872801741986e-17, 1.0, -1.006941460723441e-17, 1.1348958211958682e-20], [-0.1644460200973069, 0.0, 0.9863860838810309, 3.089950850734785e-05], [0.9863860838810309, 6.123233995736766e-17, 0.1644460200973069, -0.0001853425529689094], [0.0, 0.0, 0.0, 1.0]], [0.06571067498667335, 0.10521002880189517, 0.02254270384233672]], "radius": 0.05910927871269371, "volume": 2.9456511200109747e-05, "num_verts": 207, "num_faces": 410, "num_hulls": 0}