{"bbox": [[-0.0777515, -0.0877686, -0.0777439], [0.0777515, -0.0877686, -0.0777439], [0.0777515, 0.0874481, -0.0777439], [-0.0777515, 0.0874481, -0.0777439], [-0.0777515, -0.0877686, 0.0777515], [0.0777515, -0.0877686, 0.0777515], [0.0777515, 0.0874481, 0.0777515], [-0.0777515, 0.0874481, 0.0777515]], "aabb": [[-0.07775150239467621, -0.08776859939098358, -0.07774390280246735], [0.07775150239467621, 0.08744809776544571, 0.07775150239467621]], "obb": [[[-0.9484325224353329, 0.3169791008677886, 5.807474264038403e-17, -1.0585096958653448e-06], [6.123233995736765e-17, 2.9225833523022825e-33, 1.0, -0.00016025000000000067], [0.3169791008677886, 0.9484325224353329, -1.9409372063717163e-17, -2.5159794008309774e-06], [0.0, 0.0, 0.0, 1.0]], [0.19544179945250556, 0.1752167, 0.19544448655357188]], "radius": 0.09798937910329875, "volume": 0.0020097109849897825, "num_verts": 3200, "num_faces": 6320, "num_hulls": 0}