{"bbox": [[-0.03006227770643023, -0.11523875120798102, -0.03006227770643023], [0.03006227770643023, -0.11523875120798102, -0.03006227770643023], [0.03006227770643023, 0.11523875120798102, -0.03006227770643023], [-0.03006227770643023, 0.11523875120798102, -0.03006227770643023], [-0.03006227770643023, -0.11523875120798102, 0.03006227770643023], [0.03006227770643023, -0.11523875120798102, 0.03006227770643023], [0.03006227770643023, 0.11523875120798102, 0.03006227770643023], [-0.03006227770643023, 0.11523875120798102, 0.03006227770643023]], "aabb": [[-0.030062276870012283, -0.1152387484908104, -0.030062276870012283], [0.030062276870012283, 0.1152387484908104, 0.030062276870012283]], "obb": [[[0.9863742514579926, 0.16451697803170637, -1.8119401047140956e-16, 3.4221731402064603e-18], [-1.8369701987210297e-16, -0.0, -1.0, -6.373270656782301e-34], [-0.16451697803170637, 0.9863742514579925, 3.022127858278869e-17, -5.707829279767234e-19], [0.0, 0.0, 0.0, 1.0]], [0.06825396498468969, 0.23047750241596204, 0.06825396498468965]], "radius": 0.11766964378503511, "volume": 0.0005521171061666038, "num_verts": 626, "num_faces": 1248, "num_hulls": 0}