{"bbox": [[-0.14083335335772879, -0.11940225284677154, -0.14083335335772879], [0.14083335335772879, -0.11940225284677154, -0.14083335335772879], [0.14083335335772879, 0.11940225284677154, -0.14083335335772879], [-0.14083335335772879, 0.11940225284677154, -0.14083335335772879], [-0.14083335335772879, -0.11940225284677154, 0.14083335335772879], [0.14083335335772879, -0.11940225284677154, 0.14083335335772879], [0.14083335335772879, 0.11940225284677154, 0.14083335335772879], [-0.14083335335772879, 0.11940225284677154, 0.14083335335772879]], "aabb": [[-0.14083334803581238, -0.11940225213766098, -0.14083334803581238], [0.14083334803581238, 0.11940225213766098, 0.14083334803581238]], "obb": [[[-6.123233995736766e-17, 0.9670449573913751, 0.25460567626019937, -6.523015303366838e-07], [-1.0, -4.362432426120678e-17, -7.480452690888683e-17, -5.542277442549699e-23], [-6.123233995736766e-17, -0.25460567626019937, 0.9670449573913752, 1.5574241250976301e-06], [0.0, 0.0, 0.0, 1.0]], [0.33656733815402373, 0.2388045056935431, 0.3365680503378566]], "radius": 0.14911898727889286, "volume": 0.010196280708099439, "num_verts": 1959, "num_faces": 3902, "num_hulls": 0}