{"bbox": [[-0.08143990000000001, -0.08143990000000001, -0.08143990000000001], [0.08143990000000001, -0.08143990000000001, -0.08143990000000001], [0.08143990000000001, 0.08143990000000001, -0.08143990000000001], [-0.08143990000000001, 0.08143990000000001, -0.08143990000000001], [-0.08143990000000001, -0.08143990000000001, 0.08143990000000001], [0.08143990000000001, -0.08143990000000001, 0.08143990000000001], [0.08143990000000001, 0.08143990000000001, 0.08143990000000001], [-0.08143990000000001, 0.08143990000000001, 0.08143990000000001]], "aabb": [[-0.08143989741802216, -0.08143989741802216, -0.08143989741802216], [0.08143989741802216, 0.08143989741802216, 0.08143989741802216]], "obb": [[[-0.16450406971907028, -0.9863764043436276, 1.5268358727896117e-16, 7.801999403463661e-07], [2.0384295811492022e-16, 1.207962706333899e-16, 1.0, -1.3877631747544033e-17], [-0.9863764043436274, 0.16450406971907028, 1.8119440595008478e-16, -1.5187223615828841e-06], [0.0, 0.0, 0.0, 1.0]], [0.18490451774590694, 0.16287980000000007, 0.18490369850770608]], "radius": 0.100944991424934, "volume": 0.0021183306360280712, "num_verts": 2528, "num_faces": 4928, "num_hulls": 0}