{"bbox": [[-0.024067858163768146, -0.05535185577698854, -0.024067858163768146], [0.024067858163768146, -0.05535185577698854, -0.024067858163768146], [0.024067858163768146, 0.05535611577666353, -0.024067858163768146], [-0.024067858163768146, 0.05535611577666353, -0.024067858163768146], [-0.024067858163768146, -0.05535185577698854, 0.024067858163768146], [0.024067858163768146, -0.05535185577698854, 0.024067858163768146], [0.024067858163768146, 0.05535611577666353, 0.024067858163768146], [-0.024067858163768146, 0.05535611577666353, 0.024067858163768146]], "aabb": [[-0.02406785823404789, -0.0553518570959568, -0.02406785823404789], [0.02406785823404789, 0.055356115102767944, 0.02406785823404789]], "obb": [[[-0.4473808860281298, 0.8943435261781044, -6.123233995736765e-17, -9.120523885511326e-07], [8.215692533731143e-17, -2.7368568329905832e-17, -1.0, 2.1299998374940676e-06], [-0.8943435261781042, -0.4473808860281298, -6.123233995736765e-17, -1.4569229066811193e-09], [0.0, 0.0, 0.0, 1.0]], [0.06354226898825012, 0.11070797155365207, 0.06354181564830533]], "radius": 0.058912927194514395, "volume": 0.00014176819382342429, "num_verts": 1069, "num_faces": 2122, "num_hulls": 0}