{"bbox": [[-0.0613054, -0.0783346, -0.0613054], [0.0613054, -0.0783346, -0.0613054], [0.0613054, 0.0783346, -0.0613054], [-0.0613054, 0.0783346, -0.0613054], [-0.0613054, -0.0783346, 0.0613054], [0.0613054, -0.0783346, 0.0613054], [0.0613054, 0.0783346, 0.0613054], [-0.0613054, 0.0783346, 0.0613054]], "aabb": [[-0.06130539998412132, -0.07833459973335266, -0.06130539998412132], [0.06130539998412132, 0.07833459973335266, 0.06130539998412132]], "obb": [[[-0.9701107665976494, -0.24266252395316598, -6.123233995736766e-17, -7.089963151801825e-07], [4.454335809499669e-17, 7.426094641822297e-17, -1.0, 8.845796498736293e-23], [0.242662523953166, -0.9701107665976496, -6.123233995736767e-17, -7.356318837250171e-07], [0.0, 0.0, 0.0, 1.0]], [0.1462642808370528, 0.15666920000000004, 0.14626468645089993]], "radius": 0.09834576944607228, "volume": 0.00065365696705454, "num_verts": 1483, "num_faces": 2838, "num_hulls": 0}