{"bbox": [[-0.06731385160488729, -0.14074710335567242, -0.06731385160488729], [0.06731385160488729, -0.14074710335567242, -0.06731385160488729], [0.06731385160488729, 0.14074710335567242, -0.06731385160488729], [-0.06731385160488729, 0.14074710335567242, -0.06731385160488729], [-0.06731385160488729, -0.14074710335567242, 0.06731385160488729], [0.06731385160488729, -0.14074710335567242, 0.06731385160488729], [0.06731385160488729, 0.14074710335567242, 0.06731385160488729], [-0.06731385160488729, 0.14074710335567242, 0.06731385160488729]], "aabb": [[-0.06731384992599487, -0.1407471001148224, -0.06731384992599487], [0.06731384992599487, 0.1407471001148224, 0.06731384992599487]], "obb": [[[0.8943996806439239, 0.44726861011733926, 4.0838101381587415e-05, -3.88746985416946e-06], [5.216876021455017e-06, -0.00010173768600772954, 0.9999999948111138, 6.969818558541962e-07], [0.44726861195128725, -0.8943996757899383, -9.332749876203576e-05, 8.565303826939651e-06], [0.0, 0.0, 0.0, 1.0]], [0.1799259909800011, 0.2815154704912742, 0.17994209517118223]], "radius": 0.1483254742046268, "volume": 0.0012746122400799597, "num_verts": 1912, "num_faces": 3724, "num_hulls": 0}