{"bbox": [[-0.05913770000000001, -0.0877527, -0.05913770000000001], [0.05913770000000001, -0.0877527, -0.05913770000000001], [0.05913770000000001, 0.0877527, -0.05913770000000001], [-0.05913770000000001, 0.0877527, -0.05913770000000001], [-0.05913770000000001, -0.0877527, 0.05913770000000001], [0.05913770000000001, -0.0877527, 0.05913770000000001], [0.05913770000000001, 0.0877527, 0.05913770000000001], [-0.05913770000000001, 0.0877527, 0.05913770000000001]], "aabb": [[-0.059137698262929916, -0.08775269985198975, -0.059137698262929916], [0.059137698262929916, 0.08775269985198975, 0.059137698262929916]], "obb": [[[-0.9285847019791231, 0.3711205346654142, -2.2724578743792695e-17, -1.328991196572587e-06], [6.162975822039155e-33, -6.123233995736765e-17, -1.0, -1.820364664086635e-23], [-0.37112053466541417, -0.9285847019791231, 5.68594141507966e-17, -8.512998675789069e-07], [0.0, 0.0, 0.0, 1.0]], [0.15285536160924745, 0.1755054, 0.1528556011443902]], "radius": 0.09797163136490072, "volume": 0.0009596683418812995, "num_verts": 3061, "num_faces": 6006, "num_hulls": 0}