{"bbox": [[-0.08986860214263444, -0.12527145298670417, -0.08986860214263444], [0.08986860214263444, -0.12527145298670417, -0.08986860214263444], [0.08986860214263444, 0.12526905298664695, -0.08986860214263444], [-0.08986860214263444, 0.12526905298664695, -0.08986860214263444], [-0.08986860214263444, -0.12527145298670417, 0.08986860214263444], [0.08986860214263444, -0.12527145298670417, 0.08986860214263444], [0.08986860214263444, 0.12526905298664695, 0.08986860214263444], [-0.08986860214263444, 0.12526905298664695, 0.08986860214263444]], "aabb": [[-0.08986860513687134, -0.12527145445346832, -0.08986860513687134], [0.08986860513687134, 0.1252690553665161, 0.08986860513687134]], "obb": [[[-0.7071067811865476, 0.7071067811865475, 6.123233995736766e-17, -7.347880970147912e-23], [1.232595164407831e-32, -8.659560562354932e-17, 1.0, -1.2000000286227497e-06], [0.7071067811865475, 0.7071067811865476, 6.123233995736766e-17, -7.347880970147912e-23], [0.0, 0.0, 0.0, 1.0]], [0.254158506059611, 0.2505405059733511, 0.254158506059611]], "radius": 0.1482268203148657, "volume": 0.00572435043433024, "num_verts": 597, "num_faces": 1186, "num_hulls": 0}