{"bbox": [[-0.054303115857001046, -0.11354291133736333, -0.054303115857001046], [0.054303115857001046, -0.11354291133736333, -0.054303115857001046], [0.054303115857001046, 0.11353247133815983, -0.054303115857001046], [-0.054303115857001046, 0.11353247133815983, -0.054303115857001046], [-0.054303115857001046, -0.11354291133736333, 0.054303115857001046], [0.054303115857001046, -0.11354291133736333, 0.054303115857001046], [0.054303115857001046, 0.11353247133815983, 0.054303115857001046], [-0.054303115857001046, 0.11353247133815983, 0.054303115857001046]], "aabb": [[-0.0543031170964241, -0.11354291439056396, -0.0543031170964241], [0.0543031170964241, 0.11353246867656708, 0.0543031170964241]], "obb": [[[-0.8944271909999162, 0.4472135954999571, 6.123233995736766e-17, -3.196327901916399e-22], [2.7383934913210214e-17, -8.215180473963038e-17, 1.0, -5.219999601749348e-06], [0.4472135954999571, 0.8944271909999164, 6.123233995736767e-17, -3.1963279019163993e-22], [0.0, 0.0, 0.0, 1.0]], [0.1421662931535726, 0.22707538267552316, 0.14216629315357263]], "radius": 0.11860674672478862, "volume": 0.0012802964347358443, "num_verts": 1227, "num_faces": 2446, "num_hulls": 0}