{"bbox": [[-0.0661156749557743, -0.09810719251501522, -0.0661156749557743], [0.0661156749557743, -0.09810719251501522, -0.0661156749557743], [0.0661156749557743, 0.09810551251514339, -0.0661156749557743], [-0.0661156749557743, 0.09810551251514339, -0.0661156749557743], [-0.0661156749557743, -0.09810719251501522, 0.0661156749557743], [0.0661156749557743, -0.09810719251501522, 0.0661156749557743], [0.0661156749557743, 0.09810551251514339, 0.0661156749557743], [-0.0661156749557743, 0.09810551251514339, 0.0661156749557743]], "aabb": [[-0.06611567735671997, -0.09810718894004822, -0.06611567735671997], [0.06611567735671997, 0.09810551255941391, 0.06611567735671997]], "obb": [[[-0.9283217410034584, -0.37177781695564893, -2.27648256764363e-17, 1.9122452109307305e-23], [-3.0814879110195774e-33, -6.123233995736766e-17, 1.0, -8.399999359143262e-07], [-0.37177781695564893, 0.9283217410034583, 5.684331243493918e-17, -4.774837880250693e-23], [0.0, 0.0, 0.0, 1.0]], [0.17092778918145185, 0.1962127050301586, 0.17092778918145185]], "radius": 0.11750320268820978, "volume": 0.002573576628469394, "num_verts": 675, "num_faces": 1338, "num_hulls": 0}