{"bbox": [[-0.03612383724396994, -0.03712727716741355, -0.04615823647840603], [0.03612383724396994, -0.03712727716741355, -0.04615823647840603], [0.03612383724396994, 0.03712727716741355, -0.04615823647840603], [-0.03612383724396994, 0.03712727716741355, -0.04615823647840603], [-0.03612383724396994, -0.03712727716741355, 0.04615685647851132], [0.03612383724396994, -0.03712727716741355, 0.04615685647851132], [0.03612383724396994, 0.03712727716741355, 0.04615685647851132], [-0.03612383724396994, 0.03712727716741355, 0.04615685647851132]], "aabb": [[-0.036123838275671005, -0.03712727874517441, -0.046158235520124435], [0.036123838275671005, 0.03712727874517441, 0.046156857162714005]], "obb": [[[0.8321675423966958, 0.00018452542347013504, 0.5545242531502221, -0.0036350512346282533], [-0.0002046629177411596, 0.9999999787281368, -2.5628423261565946e-05, 4.472202847060511e-07], [-0.5545242460835538, -9.216340960688224e-05, 0.8321675624604531, 0.004091400185342791], [0.0, 0.0, 0.0, 1.0]], [0.1090485700309393, 0.07428593164700396, 0.11275201885005805]], "radius": 0.058858620461725894, "volume": 7.627636703935732e-05, "num_verts": 1764, "num_faces": 3412, "num_hulls": 0}