{"bbox": [[-0.026938800000000002, -0.09531650000000001, -0.026938800000000002], [0.026938800000000002, -0.09531650000000001, -0.026938800000000002], [0.026938800000000002, 0.0951492, -0.026938800000000002], [-0.026938800000000002, 0.0951492, -0.026938800000000002], [-0.026938800000000002, -0.09531650000000001, 0.026938800000000002], [0.026938800000000002, -0.09531650000000001, 0.026938800000000002], [0.026938800000000002, 0.0951492, 0.026938800000000002], [-0.026938800000000002, 0.0951492, 0.026938800000000002]], "aabb": [[-0.026938799768686295, -0.09531649947166443, -0.026938799768686295], [0.026938799768686295, 0.0951491966843605, 0.026938799768686295]], "obb": [[[0.9805018881034562, 0.19650966242288825, -1.8011527482357505e-16, 6.7885319313916064e-18], [-1.8369701987210297e-16, -0.0, -1.0, -8.365000000000455e-05], [-0.19650966242288828, 0.9805018881034563, 3.609823936315755e-17, -1.3605400809223186e-18], [0.0, 0.0, 0.0, 1.0]], [0.06313442526718467, 0.19046570000000002, 0.06313442526718464]], "radius": 0.09799236371518959, "volume": 0.00030965860931788416, "num_verts": 763, "num_faces": 1518, "num_hulls": 0}