{"bbox": [[-0.13576485323688633, -0.0590281514073408, -0.13576485323688633], [0.13576485323688633, -0.0590281514073408, -0.13576485323688633], [0.13576485323688633, 0.0590281514073408, -0.13576485323688633], [-0.13576485323688633, 0.0590281514073408, -0.13576485323688633], [-0.13576485323688633, -0.0590281514073408, 0.13576485323688633], [0.13576485323688633, -0.0590281514073408, 0.13576485323688633], [0.13576485323688633, 0.0590281514073408, 0.13576485323688633], [-0.13576485323688633, 0.0590281514073408, 0.13576485323688633]], "aabb": [[-0.13576485216617584, -0.059028152376413345, -0.13576485216617584], [0.13576485216617584, 0.059028152376413345, 0.13576485216617584]], "obb": [[[-6.123233995736766e-17, -0.3941279658311358, -0.9190555731563849, 7.055394027491136e-07], [-1.0, -3.214254570474725e-17, 8.040930088570303e-17, 6.938744884752451e-18], [-6.123233995736766e-17, 0.9190555731563849, -0.3941279658311358, 1.7281280821323788e-06], [0.0, 0.0, 0.0, 1.0]], [0.3562318705970551, 0.11805630281468166, 0.35623046366343875]], "radius": 0.14846270145409435, "volume": 0.004014398121601287, "num_verts": 1667, "num_faces": 3294, "num_hulls": 0}