{"bbox": [[-0.05650192, -0.024566, -0.05250992], [0.05650192, -0.024566, -0.05250992], [0.05650192, 0.024566, -0.05250992], [-0.05650192, 0.024566, -0.05250992], [-0.05650192, -0.024566, 0.05250992], [0.05650192, -0.024566, 0.05250992], [0.05650192, 0.024566, 0.05250992], [-0.05650192, 0.024566, 0.05250992]], "aabb": [[-0.05650192126631737, -0.02456600032746792, -0.05250991880893707], [0.05650192126631737, 0.02456600032746792, 0.05250991880893707]], "obb": [[[0.0417020942489117, -0.014806627383559624, 0.9990203697226495, -1.584643977416286e-05], [0.9249795143693006, 0.37858139384523565, -0.03300039744202491, -5.535090455244873e-05], [-0.3777218994609499, 0.9254495621154741, 0.02948346397371054, -0.00013950848729212532], [0.0, 0.0, 0.0, 1.0]], [0.11527580675138967, 0.0792141734963852, 0.11846894571217732]], "radius": 0.07797602224421556, "volume": 0.00023880909545216523, "num_verts": 1256, "num_faces": 2496, "num_hulls": 0}