{"bbox": [[-0.0547589, -0.086859, -0.0169942], [0.0547589, -0.086859, -0.0169942], [0.0547589, 0.086859, -0.0169942], [-0.0547589, 0.086859, -0.0169942], [-0.0547589, -0.086859, 0.0169942], [0.0547589, -0.086859, 0.0169942], [0.0547589, 0.086859, 0.0169942], [-0.0547589, 0.086859, 0.0169942]], "aabb": [[-0.05475889891386032, -0.08685900270938873, -0.01699420064687729], [0.05475889891386032, 0.08685900270938873, 0.01699420064687729]], "obb": [[[-6.039872801741986e-17, 1.0, -1.006941460723441e-17, 1.8914931796359108e-20], [-0.1644460200973069, 0.0, 0.9863860838810309, 5.149918477465537e-05], [0.9863860838810309, 6.123233995736766e-17, 0.1644460200973069, -0.00030890427851570625], [0.0, 0.0, 0.0, 1.0]], [0.1095178, 0.1753500613813056, 0.03757117593701422]], "radius": 0.09851547203728965, "volume": 0.00013637276825078997, "num_verts": 207, "num_faces": 410, "num_hulls": 0}