{"bbox": [[-0.04365615104084375, -0.14344155341991313, -0.04365615104084375], [0.04365615104084375, -0.14344155341991313, -0.04365615104084375], [0.04365615104084375, 0.14344155341991313, -0.04365615104084375], [-0.04365615104084375, 0.14344155341991313, -0.04365615104084375], [-0.04365615104084375, -0.14344155341991313, 0.04365615104084375], [0.04365615104084375, -0.14344155341991313, 0.04365615104084375], [0.04365615104084375, 0.14344155341991313, 0.04365615104084375], [-0.04365615104084375, 0.14344155341991313, 0.04365615104084375]], "aabb": [[-0.04365615174174309, -0.1434415578842163, -0.04365615174174309], [0.04365615174174309, 0.1434415578842163, 0.04365615174174309]], "obb": [[[0.9701419513355931, -0.24253782026473242, 6.123233995736766e-17, 1.6829442025018988e-18], [-4.455290350811604e-17, 7.42552200340541e-17, 1.0, -5.152490936275879e-34], [-0.24253782026473242, -0.9701419513355931, 6.123233995736766e-17, 6.73171207204721e-18], [0.0, 0.0, 0.0, 1.0]], [0.10455043818630323, 0.28688310683982626, 0.10455043818630323]], "radius": 0.14761648656780568, "volume": 0.0014385220270943162, "num_verts": 522, "num_faces": 1040, "num_hulls": 0}