{"bbox": [[-0.0280404, -0.09554510000000001, -0.0280404], [0.0280404, -0.09554510000000001, -0.0280404], [0.0280404, 0.09554510000000001, -0.0280404], [-0.0280404, 0.09554510000000001, -0.0280404], [-0.0280404, -0.09554510000000001, 0.0280404], [0.0280404, -0.09554510000000001, 0.0280404], [0.0280404, 0.09554510000000001, 0.0280404], [-0.0280404, 0.09554510000000001, 0.0280404]], "aabb": [[-0.02804039977490902, -0.09554509818553925, -0.02804039977490902], [0.02804039977490902, 0.09554509818553925, 0.02804039977490902]], "obb": [[[0.7071067811865475, 0.7071067811865476, -6.123233995736766e-17, 2.4532694666933987e-18], [8.715763992105247e-33, -8.659560562354933e-17, -1.0, -3.0043885998320047e-34], [-0.7071067811865476, 0.7071067811865475, -6.123233995736766e-17, 2.4532694666933983e-18], [0.0, 0.0, 0.0, 1.0]], [0.07822560000000002, 0.19109020000000002, 0.07822560000000002]], "radius": 0.0979137115127238, "volume": 0.00032950525018664284, "num_verts": 687, "num_faces": 1370, "num_hulls": 0}