{"bbox": [[-0.0944741, -0.026699200000000003, -0.0944741], [0.0944741, -0.026699200000000003, -0.0944741], [0.0944741, 0.026699200000000003, -0.0944741], [-0.0944741, 0.026699200000000003, -0.0944741], [-0.0944741, -0.026699200000000003, 0.0944741], [0.0944741, -0.026699200000000003, 0.0944741], [0.0944741, 0.026699200000000003, 0.0944741], [-0.0944741, 0.026699200000000003, 0.0944741]], "aabb": [[-0.09447409957647324, -0.02669920027256012, -0.09447409957647324], [0.09447409957647324, 0.02669920027256012, 0.09447409957647324]], "obb": [[[-1.12567862433172e-16, 0.39382286563103186, -0.9191863524368507, -8.310874457442285e-07], [-1.0, -0.0, 1.2246467991473532e-16, 3.469570757032487e-18], [4.822939118260813e-17, 0.9191863524368507, 0.39382286563103186, 6.272387203789428e-07], [0.0, 0.0, 0.0, 1.0]], [0.2478606007823992, 0.053398400000000026, 0.24785981460379095]], "radius": 0.09868019399641452, "volume": 0.0005468272249367271, "num_verts": 2250, "num_faces": 4420, "num_hulls": 0}