{"bbox": [[-0.058232995557175024, -0.10302755213962157, -0.058232995557175024], [0.058232995557175024, -0.10302755213962157, -0.058232995557175024], [0.058232995557175024, 0.10302755213962157, -0.058232995557175024], [-0.058232995557175024, 0.10302755213962157, -0.058232995557175024], [-0.058232995557175024, -0.10302755213962157, 0.058232995557175024], [0.058232995557175024, -0.10302755213962157, 0.058232995557175024], [0.058232995557175024, 0.10302755213962157, 0.058232995557175024], [-0.058232995557175024, 0.10302755213962157, 0.058232995557175024]], "aabb": [[-0.05823299661278725, -0.10302755236625671, -0.05823299661278725], [0.05823299661278725, 0.10302755236625671, 0.05823299661278725]], "obb": [[[-0.7072393666640199, -0.7069741703373792, 2.676659338327108e-05, -1.5598238489763816e-06], [1.0148132341737684e-16, 3.786077976687852e-05, 0.9999999992832808, 5.699389573943429e-07], [-0.7069741708440812, 0.7072393661571277, -2.6776633903661356e-05, 1.5602289058817247e-06], [0.0, 0.0, 0.0, 1.0]], [0.16425489293271758, 0.20606255888212888, 0.1642548955855077]], "radius": 0.11756835695736455, "volume": 0.00195566665459752, "num_verts": 752, "num_faces": 1468, "num_hulls": 0}