{"bbox": [[-0.020070718468725702, -0.0586192755277042, -0.020070718468725702], [0.020070718468725702, -0.0586192755277042, -0.020070718468725702], [0.020070718468725702, 0.0586192755277042, -0.020070718468725702], [-0.020070718468725702, 0.0586192755277042, -0.020070718468725702], [-0.020070718468725702, -0.0586192755277042, 0.020070718468725702], [0.020070718468725702, -0.0586192755277042, 0.020070718468725702], [0.020070718468725702, 0.0586192755277042, 0.020070718468725702], [-0.020070718468725702, 0.0586192755277042, 0.020070718468725702]], "aabb": [[-0.020070718601346016, -0.05861927568912506, -0.020070718601346016], [0.020070718601346016, 0.05861927568912506, 0.020070718601346016]], "obb": [[[0.014714053910507365, -0.9997828784836195, 0.014754406410524043, 0.00023485404815077243], [0.00021712076541027266, -0.014752808786808723, -0.9998911478213381, 1.2858300867656604e-05], [0.999891718875645, 0.014715655741695286, -6.124412244091494e-17, -8.397422291230234e-19], [0.0, 0.0, 0.0, 1.0]], [0.04246402415735224, 0.11790799419868302, 0.04070486914801475]], "radius": 0.0587987171447729, "volume": 0.00011339301089790454, "num_verts": 614, "num_faces": 1224, "num_hulls": 0}