{"bbox": [[-0.026917857946330417, -0.05158529606435425, -0.029161017775190902], [0.026917857946330417, -0.05158529606435425, -0.029161017775190902], [0.026917857946330417, 0.051592556063800345, -0.029161017775190902], [-0.026917857946330417, 0.051592556063800345, -0.029161017775190902], [-0.026917857946330417, -0.05158529606435425, 0.0288806377965822], [0.026917857946330417, -0.05158529606435425, 0.0288806377965822], [0.026917857946330417, 0.051592556063800345, 0.0288806377965822], [-0.026917857946330417, 0.051592556063800345, 0.0288806377965822]], "aabb": [[-0.02691785804927349, -0.05158529430627823, -0.029161017388105392], [0.02691785804927349, 0.05159255489706993, 0.028880637139081955]], "obb": [[[0.6853814268689703, -0.7281842484584888, -6.123233995736766e-17, -2.6152692696617127e-06], [-8.655593398371699e-17, 2.620916922703961e-18, -1.0, 3.629999723045553e-06], [0.7281842484584891, 0.6853814268689703, -6.123233995736766e-17, -0.0016488402902838219], [0.0, 0.0, 0.0, 1.0]], [0.07689817648135895, 0.10317785212815458, 0.07689615773841367]], "radius": 0.05875139346444291, "volume": 0.0002005834185119985, "num_verts": 484, "num_faces": 960, "num_hulls": 0}