{"bbox": [[-0.06124785146026257, -0.14086995335860142, -0.06124785146026257], [0.06124785146026257, -0.14086995335860142, -0.06124785146026257], [0.06124785146026257, 0.14086995335860142, -0.06124785146026257], [-0.06124785146026257, 0.14086995335860142, -0.06124785146026257], [-0.06124785146026257, -0.14086995335860142, 0.06124785146026257], [0.06124785146026257, -0.14086995335860142, 0.06124785146026257], [0.06124785146026257, 0.14086995335860142, 0.06124785146026257], [-0.06124785146026257, 0.14086995335860142, 0.06124785146026257]], "aabb": [[-0.06124785169959068, -0.14086996018886566, -0.06124785169959068], [0.06124785169959068, 0.14086996018886566, 0.06124785169959068]], "obb": [[[0.7071067811865476, 0.7071067811865475, -6.123233995736766e-17, 4.906538933386797e-18], [-1.232595164407831e-32, -8.659560562354932e-17, -1.0, -6.0087771996640085e-34], [-0.7071067811865475, 0.7071067811865476, -6.123233995736766e-17, 4.9065389333867974e-18], [0.0, 0.0, 0.0, 1.0]], [0.16942680403944982, 0.28173990671720284, 0.16942680403944982]], "radius": 0.14829646544831046, "volume": 0.00206366836506969, "num_verts": 1189, "num_faces": 2366, "num_hulls": 0}