{"bbox": [[-0.00884682, -0.061927800000000005, -0.0813908], [0.00884682, -0.061927800000000005, -0.0813908], [0.00884682, 0.061927800000000005, -0.0813908], [-0.00884682, 0.061927800000000005, -0.0813908], [-0.00884682, -0.061927800000000005, 0.0813908], [0.00884682, -0.061927800000000005, 0.0813908], [0.00884682, 0.061927800000000005, 0.0813908], [-0.00884682, 0.061927800000000005, 0.0813908]], "aabb": [[-0.008846820332109928, -0.06192779913544655, -0.08139079809188843], [0.008846820332109928, 0.06192779913544655, 0.08139079809188843]], "obb": [[[1.0, 6.12008577518458e-17, 1.2050140023700742e-16, -1.7786917789740678e-18], [-5.730578060191181e-17, 0.999485856566256, -0.032062790334239026, -0.0004060121858321784], [-1.2240171550369162e-16, 0.032062790334239026, 0.9994858565662561, -0.00016912718640479395], [0.0, 0.0, 0.0, 1.0]], [0.017693640000000028, 0.1256573709373615, 0.1691682513426118]], "radius": 0.09771462244655352, "volume": 0.00015241697000786415, "num_verts": 539, "num_faces": 1054, "num_hulls": 0}