{"bbox": [[-0.11355371133653937, -0.03209123755163288, -0.11354831133695134], [0.11355371133653937, -0.03209123755163288, -0.11354831133695134], [0.11355371133653937, 0.03209123755163288, -0.11354831133695134], [-0.11355371133653937, 0.03209123755163288, -0.11354831133695134], [-0.11355371133653937, -0.03209123755163288, 0.11355371133653937], [0.11355371133653937, -0.03209123755163288, 0.11355371133653937], [0.11355371133653937, 0.03209123755163288, 0.11355371133653937], [-0.11355371133653937, 0.03209123755163288, 0.11355371133653937]], "aabb": [[-0.11355371028184891, -0.03209123760461807, -0.11354830861091614], [0.11355371028184891, 0.03209123760461807, 0.11355371028184891]], "obb": [[[-6.123233995736766e-17, -0.9191331447525334, 0.39394702970998313, 5.224462758897075e-07], [-1.0, 8.040297163396845e-17, 3.2158374737174643e-17, 6.938942677922255e-18], [-6.123233995736766e-17, -0.3939470297099831, -0.9191331447525335, -1.318986389512872e-06], [0.0, 0.0, 0.0, 1.0]], [0.2979289523598094, 0.0641824751032658, 0.29793021845886825]], "radius": 0.11871017943013937, "volume": 0.0007809667688681498, "num_verts": 1973, "num_faces": 3882, "num_hulls": 0}