{"bbox": [[-0.0372843571554293, -0.05223803601455414, -0.036054537249257106], [0.0374732371410189, -0.05223803601455414, -0.036054537249257106], [0.0374732371410189, 0.05223803601455414, -0.036054537249257106], [-0.0372843571554293, 0.05223803601455414, -0.036054537249257106], [-0.0372843571554293, -0.05223803601455414, 0.036337737227650664], [0.0374732371410189, -0.05223803601455414, 0.036337737227650664], [0.0374732371410189, 0.05223803601455414, 0.036337737227650664], [-0.0372843571554293, 0.05223803601455414, 0.036337737227650664]], "aabb": [[-0.037284355610609055, -0.05223803594708443, -0.03605453670024872], [0.03747323527932167, 0.05223803594708443, 0.03633773699402809]], "obb": [[[-9.490920042441111e-05, 0.9701243966738587, 0.24260800887527417, 0.0037068749722122584], [-2.373482422213489e-05, 0.24260800771426164, -0.9701244013164368, -0.001202079586663865], [-0.9999999952144507, -9.78319896866903e-05, -6.12318334926186e-17, 0.00014343920129678803], [0.0, 0.0, 0.0, 1.0]], [0.10482914572536597, 0.12465818503077214, 0.07239829668034085]], "radius": 0.059061769979932385, "volume": 0.00011620189107836494, "num_verts": 4255, "num_faces": 8310, "num_hulls": 0}