{"bbox": [[-0.06372520000000001, -0.07516300000000001, -0.0637127], [0.06372520000000001, -0.07516300000000001, -0.0637127], [0.06372520000000001, 0.07516300000000001, -0.0637127], [-0.06372520000000001, 0.07516300000000001, -0.0637127], [-0.06372520000000001, -0.07516300000000001, 0.0637127], [0.06372520000000001, -0.07516300000000001, 0.0637127], [0.06372520000000001, 0.07516300000000001, 0.0637127], [-0.06372520000000001, 0.07516300000000001, 0.0637127]], "aabb": [[-0.06372520327568054, -0.07516299933195114, -0.0637127012014389], [0.06372520327568054, 0.07516299933195114, 0.0637127012014389]], "obb": [[[-0.9191770272319972, -0.3938446300369581, -6.123233995736765e-17, -2.146875240771839e-07], [3.216733193566553e-17, 8.039938848927897e-17, -1.0, 9.540249097993951e-25], [0.39384463003695813, -0.9191770272319972, -6.123233995736765e-17, 1.9910711492633935e-07], [0.0, 0.0, 0.0, 1.0]], [0.1662015637144448, 0.15032600000000004, 0.1662065364336758]], "radius": 0.09810857265840738, "volume": 0.0015772975591764205, "num_verts": 604, "num_faces": 1196, "num_hulls": 0}