{"bbox": [[-0.0665617, -0.085051, -0.0665617], [0.0665617, -0.085051, -0.0665617], [0.0665617, 0.0850494, -0.0665617], [-0.0665617, 0.0850494, -0.0665617], [-0.0665617, -0.085051, 0.0665617], [0.0665617, -0.085051, 0.0665617], [0.0665617, 0.0850494, 0.0665617], [-0.0665617, 0.0850494, 0.0665617]], "aabb": [[-0.06656169891357422, -0.08505100011825562, -0.06656169891357422], [0.06656169891357422, 0.08504939824342728, 0.06656169891357422]], "obb": [[[0.19631190801422632, 0.9805415007901572, -6.123233995736766e-17, -8.19644643984676e-07], [4.8020213029483804e-17, -7.2061488007897e-17, -1.0, -8.000000000091266e-07], [-0.9805415007901572, 0.19631190801422632, -6.123233995736766e-17, -9.44026449751498e-07], [0.0, 0.0, 0.0, 1.0]], [0.15533113519357092, 0.1701004, 0.1553293947766446]], "radius": 0.1007687745327887, "volume": 0.0013733493823501262, "num_verts": 2941, "num_faces": 5742, "num_hulls": 0}