{"bbox": [[-0.047877236347256755, -0.1129633113815833, -0.008595035344250844], [0.047877236347256755, -0.1129633113815833, -0.008595035344250844], [0.047877236347256755, 0.1129633113815833, -0.008595035344250844], [-0.047877236347256755, 0.1129633113815833, -0.008595035344250844], [-0.047877236347256755, -0.1129633113815833, 0.008595035344250844], [0.047877236347256755, -0.1129633113815833, 0.008595035344250844], [0.047877236347256755, 0.1129633113815833, 0.008595035344250844], [-0.047877236347256755, 0.1129633113815833, 0.008595035344250844]], "aabb": [[-0.047877237200737, -0.11296331137418747, -0.008595035411417484], [0.047877237200737, 0.11296331137418747, 0.008595035411417484]], "obb": [[[0.019742731498571236, -0.9998050911692631, 6.499997627629335e-05, 1.0003430877729813e-05], [-0.003292331863911384, -4.0102145197977454e-17, 0.9999945802607623, -2.10724182575221e-06], [-0.9997996724863801, -0.01974283849960772, -0.0032916901593573918, 0.00010758415317051413], [0.0, 0.0, 0.0, 1.0]], [0.09628452519640442, 0.22601945264225873, 0.019583058642784347]], "radius": 0.11742185002896113, "volume": 0.0003226954919593798, "num_verts": 300, "num_faces": 596, "num_hulls": 0}