{"bbox": [[-0.03591377725999624, -0.04720091639885587, -0.03283541749485645], [0.03591377725999624, -0.04720091639885587, -0.03283541749485645], [0.03591377725999624, 0.04720091639885587, -0.03283541749485645], [-0.03591377725999624, 0.04720091639885587, -0.03283541749485645], [-0.03591377725999624, -0.04720091639885587, 0.03283541749485645], [0.03591377725999624, -0.04720091639885587, 0.03283541749485645], [0.03591377725999624, 0.04720091639885587, 0.03283541749485645], [-0.03591377725999624, 0.04720091639885587, 0.03283541749485645]], "aabb": [[-0.035913776606321335, -0.047200918197631836, -0.03283541649580002], [0.035913776606321335, 0.047200918197631836, 0.03283541649580002]], "obb": [[[-0.894374399133622, -0.4473191636565244, -6.123233995736765e-17, -0.0027707395834664617], [2.7374238158454688e-17, 8.215503635537807e-17, -1.0, 1.6337485062561238e-19], [0.44731916365652447, -0.8943743991336222, -6.123233995736766e-17, 0.00010262579360704537], [0.0, 0.0, 0.0, 1.0]], [0.08927210392149032, 0.09440183279771175, 0.08927294966613389]], "radius": 0.05878826790444337, "volume": 0.0002425731474609054, "num_verts": 1557, "num_faces": 3094, "num_hulls": 0}