{"bbox": [[-0.02143056, -0.07583112, -0.02143056], [0.02143056, -0.07583112, -0.02143056], [0.02143056, 0.07582624, -0.02143056], [-0.02143056, 0.07582624, -0.02143056], [-0.02143056, -0.07583112, 0.02143056], [0.02143056, -0.07583112, 0.02143056], [0.02143056, 0.07582624, 0.02143056], [-0.02143056, 0.07582624, 0.02143056]], "aabb": [[-0.02143055945634842, -0.07583112269639969, -0.02143055945634842], [0.02143055945634842, 0.0758262425661087, 0.02143055945634842]], "obb": [[[0.4472044821394072, 0.8944317476221563, -6.123233995736766e-17, -2.7998858784808176e-09], [2.7384771958243608e-17, -8.215152571988109e-17, -1.0, -2.439999999992448e-06], [-0.8944317476221563, 0.4472044821394072, -6.123233995736766e-17, 5.5999144158627166e-09], [0.0, 0.0, 0.0, 1.0]], [0.05439849763714644, 0.15165736000000002, 0.05439849203708938]], "radius": 0.07837631805929135, "volume": 0.0001329164159352745, "num_verts": 767, "num_faces": 1526, "num_hulls": 0}