{"bbox": [[-0.06501767503954506, -0.1031314721316931, -0.06501491503975564], [0.06501767503954506, -0.1031314721316931, -0.06501491503975564], [0.06501767503954506, 0.1031314721316931, -0.06501491503975564], [-0.06501767503954506, 0.1031314721316931, -0.06501491503975564], [-0.06501767503954506, -0.1031314721316931, 0.06501767503954506], [0.06501767503954506, -0.1031314721316931, 0.06501767503954506], [0.06501767503954506, 0.1031314721316931, 0.06501767503954506], [-0.06501767503954506, 0.1031314721316931, 0.06501767503954506]], "aabb": [[-0.06501767784357071, -0.10313147306442261, -0.06501491367816925], [0.06501767784357071, 0.10313147306442261, 0.06501767784357071]], "obb": [[[0.8944564582291714, -0.4471550562524443, -6.123233995736767e-17, 6.484247763752181e-08], [-8.215001234545718e-17, -2.7389311509246115e-17, -1.0, 1.8541404568000122e-23], [0.4471550562524443, 0.8944564582291713, -6.123233995736766e-17, -3.676465935819618e-07], [0.0, 0.0, 0.0, 1.0]], [0.17307862656546424, 0.20626294426338623, 0.17397667863878272]], "radius": 0.11751993735460879, "volume": 0.002634345895901446, "num_verts": 880, "num_faces": 1712, "num_hulls": 0}