{"bbox": [[-0.04088735688054223, -0.11063651155910403, -0.04088735688054223], [0.04088735688054223, -0.11063651155910403, -0.04088735688054223], [0.04088735688054223, 0.11063651155910403, -0.04088735688054223], [-0.04088735688054223, 0.11063651155910403, -0.04088735688054223], [-0.04088735688054223, -0.11063651155910403, 0.04088735688054223], [0.04088735688054223, -0.11063651155910403, 0.04088735688054223], [0.04088735688054223, 0.11063651155910403, 0.04088735688054223], [-0.04088735688054223, 0.11063651155910403, 0.04088735688054223]], "aabb": [[-0.04088735580444336, -0.11063650995492935, -0.04088735580444336], [0.04088735580444336, 0.11063650995492935, 0.04088735580444336]], "obb": [[[-0.8944271909999167, 0.4472135954999564, 6.123233995736767e-17, 6.206335383118161e-18], [2.7383934913210282e-17, -8.215180473963037e-17, 1.0, -1.1400853142055962e-33], [0.44721359549995643, 0.8944271909999167, 6.123233995736766e-17, 1.2412670766236377e-17], [0.0, 0.0, 0.0, 1.0]], [0.1096660716331427, 0.22127302311820807, 0.1096660716331427]], "radius": 0.11743284282051253, "volume": 0.0007943159047977001, "num_verts": 818, "num_faces": 1628, "num_hulls": 0}