{"bbox": [[-0.0268051, -0.09484880000000001, -0.0268051], [0.0268051, -0.09484880000000001, -0.0268051], [0.0268051, 0.0948329, -0.0268051], [-0.0268051, 0.0948329, -0.0268051], [-0.0268051, -0.09484880000000001, 0.0268051], [0.0268051, -0.09484880000000001, 0.0268051], [0.0268051, 0.0948329, 0.0268051], [-0.0268051, 0.0948329, 0.0268051]], "aabb": [[-0.026805099099874496, -0.09484879672527313, -0.026805099099874496], [0.026805099099874496, 0.0948328971862793, 0.026805099099874496]], "obb": [[[0.9633944816465142, 0.2680878078783968, 6.123233995736766e-17, 4.824172442852941e-18], [-7.540654220366682e-17, 4.257525462279589e-17, 1.0, -7.950000000006563e-06], [0.26808780787839687, -0.9633944816465141, 6.123233995736766e-17, 8.544638154451459e-18], [0.0, 0.0, 0.0, 1.0]], [0.06523206023736638, 0.1896817, 0.06523206023736637]], "radius": 0.09794626225150199, "volume": 0.00025812177506183496, "num_verts": 552, "num_faces": 1096, "num_hulls": 0}