{"bbox": [[-0.03914136, -0.07202016, -0.03914136], [0.03914136, -0.07202016, -0.03914136], [0.03914136, 0.07202016, -0.03914136], [-0.03914136, 0.07202016, -0.03914136], [-0.03914136, -0.07202016, 0.03914136], [0.03914136, -0.07202016, 0.03914136], [0.03914136, 0.07202016, 0.03914136], [-0.03914136, 0.07202016, 0.03914136]], "aabb": [[-0.03914136067032814, -0.07202015817165375, -0.03914136067032814], [0.03914136067032814, 0.07202015817165375, 0.03914136067032814]], "obb": [[[0.8318409965766438, -0.5550140146107811, 6.123233995736766e-17, 3.851183362565827e-18], [-1.695076386910579e-17, 8.492037751660732e-17, 1.0, -5.89253489867487e-34], [-0.555014014610781, -0.8318409965766437, 6.123233995736766e-17, 5.7720564201657864e-18], [0.0, 0.0, 0.0, 1.0]], [0.1079834042425977, 0.14404032, 0.10798340424259768]], "radius": 0.07833409940835728, "volume": 0.0006636758648162338, "num_verts": 492, "num_faces": 980, "num_hulls": 0}