{"bbox": [[-0.05378712, -0.05890968, -0.05378712], [0.05378712, -0.05890968, -0.05378712], [0.05378712, 0.05890968, -0.05378712], [-0.05378712, 0.05890968, -0.05378712], [-0.05378712, -0.05890968, 0.05378712], [0.05378712, -0.05890968, 0.05378712], [0.05378712, 0.05890968, 0.05378712], [-0.05378712, 0.05890968, 0.05378712]], "aabb": [[-0.053787119686603546, -0.05890968069434166, -0.053787119686603546], [0.053787119686603546, 0.05890968069434166, 0.053787119686603546]], "obb": [[[-0.894396451693606, -0.4472750688311244, -6.123233995736767e-17, 2.0236602412774195e-07], [2.7378288517643825e-17, 8.215368665588867e-17, -1.0, -2.4924572220219463e-23], [0.4472750688311244, -0.8943964516936062, -6.123233995736767e-17, 2.0468313057666625e-07], [0.0, 0.0, 0.0, 1.0]], [0.14138787523834404, 0.11781936000000001, 0.1413883932036928]], "radius": 0.07862245734502071, "volume": 0.000251463252396372, "num_verts": 681, "num_faces": 1282, "num_hulls": 0}