{"bbox": [[-0.017522158663165387, -0.07446911431845747, -0.10075223231321469], [0.017522158663165387, -0.07446911431845747, -0.10075223231321469], [0.017522158663165387, 0.07446911431845747, -0.10075223231321469], [-0.017522158663165387, 0.07446911431845747, -0.10075223231321469], [-0.017522158663165387, -0.07446911431845747, 0.10075223231321469], [0.017522158663165387, -0.07446911431845747, 0.10075223231321469], [0.017522158663165387, 0.07446911431845747, 0.10075223231321469], [-0.017522158663165387, 0.07446911431845747, 0.10075223231321469]], "aabb": [[-0.017522158101201057, -0.07446911185979843, -0.10075223445892334], [0.017522158101201057, 0.07446911185979843, 0.10075223445892334]], "obb": [[[-0.9996800212875477, 0.018231123934542397, 0.017535140678392683, -0.000585203521628548], [0.01822831992344554, 0.9998337992486969, -0.00031973846369042126, -8.918470932362221e-05], [-0.017538055516395906, -1.225840288734326e-16, -0.9998461964765899, 4.1465532696159824e-05], [0.0, 0.0, 0.0, 1.0]], [0.039398199261148376, 0.14991675957611197, 0.2024035853669566]], "radius": 0.11788542031719872, "volume": 0.00046133519141281794, "num_verts": 518, "num_faces": 1008, "num_hulls": 0}