{"bbox": [[-0.07470225178104047, -0.13216545315106995, -0.07470225178104047], [0.07470225178104047, -0.13216545315106995, -0.07470225178104047], [0.07470225178104047, 0.13216545315106995, -0.07470225178104047], [-0.07470225178104047, 0.13216545315106995, -0.07470225178104047], [-0.07470225178104047, -0.13216545315106995, 0.07470225178104047], [0.07470225178104047, -0.13216545315106995, 0.07470225178104047], [0.07470225178104047, 0.13216545315106995, 0.07470225178104047], [-0.07470225178104047, 0.13216545315106995, 0.07470225178104047]], "aabb": [[-0.07470225542783737, -0.13216544687747955, -0.07470225542783737], [0.07470225542783737, 0.13216544687747955, 0.07470225542783737]], "obb": [[[0.4474846503146052, -0.8942916122022863, 8.800630655782676e-06, -1.2903748985761683e-06], [2.7251350885154774e-09, -9.839532294801513e-06, -0.9999999999515916, 2.5262974020236273e-08], [0.8942916122455893, 0.44748465029296725, -4.400602602746743e-06, 9.832131370627307e-07], [0.0, 0.0, 0.0, 1.0]], [0.19655244935873406, 0.2643335617762242, 0.19655088144768695]], "radius": 0.14714824495962975, "volume": 0.004249662835685036, "num_verts": 1164, "num_faces": 2236, "num_hulls": 0}