{"bbox": [[-0.14315580341310033, -0.03423285081617476, -0.14315580341310033], [0.14315580341310033, -0.03423285081617476, -0.14315580341310033], [0.14315580341310033, 0.03423300081617834, -0.14315580341310033], [-0.14315580341310033, 0.03423300081617834, -0.14315580341310033], [-0.14315580341310033, -0.03423285081617476, 0.14315580341310033], [0.14315580341310033, -0.03423285081617476, 0.14315580341310033], [0.14315580341310033, 0.03423300081617834, 0.14315580341310033], [-0.14315580341310033, 0.03423300081617834, 0.14315580341310033]], "aabb": [[-0.1431557983160019, -0.03423285111784935, -0.1431557983160019], [0.1431557983160019, 0.03423300012946129, 0.1431557983160019]], "obb": [[[1.1256833128138865e-16, 0.9191901808730738, -0.3938139299041181, 1.8062929971253345e-06], [1.0, -1.224646799147353e-16, -1.1329893721153105e-32, 7.500000179239109e-08], [-4.8228296871671834e-17, -0.3938139299041181, -0.919190180873074, -1.8475757785201855e-07], [0.0, 0.0, 0.0, 1.0]], [0.37557357620172227, 0.06846585163235315, 0.3755737935160385]], "radius": 0.1481870035547828, "volume": 0.0014048726910306172, "num_verts": 2004, "num_faces": 3948, "num_hulls": 0}