{"bbox": [[-0.017587678658166607, -0.057788095591118194, -0.017587678658166607], [0.017587678658166607, -0.057788095591118194, -0.017587678658166607], [0.017587678658166607, 0.057788095591118194, -0.017587678658166607], [-0.017587678658166607, 0.057788095591118194, -0.017587678658166607], [-0.017587678658166607, -0.057788095591118194, 0.017587678658166607], [0.017587678658166607, -0.057788095591118194, 0.017587678658166607], [0.017587678658166607, 0.057788095591118194, 0.017587678658166607], [-0.017587678658166607, 0.057788095591118194, 0.017587678658166607]], "aabb": [[-0.017587678506970406, -0.057788096368312836, -0.017587678506970406], [0.017587678506970406, 0.057788096368312836, 0.017587678506970406]], "obb": [[[-0.8944323179499248, 0.44720334145299545, 6.123233995736766e-17, 3.1031854792401726e-18], [2.738487672764557e-17, -8.215149079548676e-17, 1.0, -9.501037709235538e-35], [0.44720334145299545, 0.894432317949925, 6.123233995736766e-17, -1.5515482699075664e-18], [0.0, 0.0, 0.0, 1.0]], [0.04673046171846794, 0.11557619118223639, 0.046730461718467946]], "radius": 0.05882290808960955, "volume": 8.568201644838391e-05, "num_verts": 1204, "num_faces": 2404, "num_hulls": 0}