{"bbox": [[-0.040005360000000004, -0.06815176, -0.014816800000000001], [0.040005360000000004, -0.06815176, -0.014816800000000001], [0.040005360000000004, 0.06815728, -0.014816800000000001], [-0.040005360000000004, 0.06815728, -0.014816800000000001], [-0.040005360000000004, -0.06815176, 0.014816800000000001], [0.040005360000000004, -0.06815176, 0.014816800000000001], [0.040005360000000004, 0.06815728, 0.014816800000000001], [-0.040005360000000004, 0.06815728, 0.014816800000000001]], "aabb": [[-0.040005359798669815, -0.06815175712108612, -0.014816800132393837], [0.040005359798669815, 0.06815727800130844, 0.014816800132393837]], "obb": [[[-8.45767897874863e-18, -0.9998933474108014, 0.01460458159696709, 4.155172438235913e-05], [0.12936913913038678, 0.01448185204727544, 0.9914907472094449, 2.1269462415408465e-06], [-0.9915965035439881, 0.0018893821485591303, 0.12935534157673614, 2.409627751149967e-07], [0.0, 0.0, 0.0, 1.0]], [0.08110168042380259, 0.14031485238847222, 0.03200093413649321]], "radius": 0.07812248888881101, "volume": 0.00014458974948224084, "num_verts": 211, "num_faces": 414, "num_hulls": 0}