{"bbox": [[-0.03871275092298391, -0.14246265339657435, -0.04026120095990183], [0.03871275092298391, -0.14246265339657435, -0.04026120095990183], [0.03871275092298391, 0.14246265339657435, -0.04026120095990183], [-0.03871275092298391, 0.14246265339657435, -0.04026120095990183], [-0.03871275092298391, -0.14246265339657435, 0.04026120095990183], [0.03871275092298391, -0.14246265339657435, 0.04026120095990183], [0.03871275092298391, 0.14246265339657435, 0.04026120095990183], [-0.03871275092298391, 0.14246265339657435, 0.04026120095990183]], "aabb": [[-0.0387127511203289, -0.14246265590190887, -0.040261201560497284], [0.0387127511203289, 0.14246265590190887, 0.040261201560497284]], "obb": [[[-0.894436935347738, -0.44719410627349104, -6.123233995736766e-17, 3.1030324578843682e-18], [2.7385724953369174e-17, 8.215120803790837e-17, -1.0, -5.700385166528569e-34], [0.44719410627349104, -0.8944369353477379, -6.123233995736766e-17, 6.2064029981138825e-18], [0.0, 0.0, 0.0, 1.0]], [0.1046727118541875, 0.2849253067931487, 0.10529264533543008]], "radius": 0.1470496843958502, "volume": 0.0010418046167453197, "num_verts": 654, "num_faces": 1304, "num_hulls": 0}