{"bbox": [[-0.040565550967158095, -0.14353950342224844, -0.040565550967158095], [0.040565550967158095, -0.14353950342224844, -0.040565550967158095], [0.040565550967158095, 0.14353950342224844, -0.040565550967158095], [-0.040565550967158095, 0.14353950342224844, -0.040565550967158095], [-0.040565550967158095, -0.14353950342224844, 0.040565550967158095], [0.040565550967158095, -0.14353950342224844, 0.040565550967158095], [0.040565550967158095, 0.14353950342224844, 0.040565550967158095], [-0.040565550967158095, 0.14353950342224844, 0.040565550967158095]], "aabb": [[-0.040565550327301025, -0.14353950321674347, -0.040565550327301025], [0.040565550327301025, 0.14353950321674347, 0.040565550327301025]], "obb": [[[-0.9701173238985702, 0.2426363078186709, -6.123233995736766e-17, -7.766559770173576e-08], [7.425974266184237e-17, 4.4545364889135646e-17, -1.0, 4.0391312811524117e-23], [-0.2426363078186709, -0.9701173238985702, -6.123233995736766e-17, -5.819745996130512e-07], [0.0, 0.0, 0.0, 1.0]], [0.09729052855087868, 0.2870790068444969, 0.09729131993291776]], "radius": 0.14692523970463764, "volume": 0.0008473955154520153, "num_verts": 1053, "num_faces": 2074, "num_hulls": 0}