{"bbox": [[-0.0428336, -0.0938259, -0.0428336], [0.0428336, -0.0938259, -0.0428336], [0.0428336, 0.0938259, -0.0428336], [-0.0428336, 0.0938259, -0.0428336], [-0.0428336, -0.0938259, 0.0428336], [0.0428336, -0.0938259, 0.0428336], [0.0428336, 0.0938259, 0.0428336], [-0.0428336, 0.0938259, 0.0428336]], "aabb": [[-0.0428336001932621, -0.09382589906454086, -0.0428336001932621], [0.0428336001932621, 0.09382589906454086, 0.0428336001932621]], "obb": [[[0.44755062234543924, -0.8942585981908198, 1.7722222640895463e-16, -2.6886202093613775e-07], [-5.4809143711174797e-17, 1.707474329458063e-16, 1.0, 6.709926060759888e-23], [-0.8942585981908198, -0.44755062234543924, 2.7404571855587398e-17, -7.097696969317838e-07], [0.0, 0.0, 0.0, 1.0]], [0.11260946341554896, 0.18765180000000004, 0.11260790562356741]], "radius": 0.09854082060318964, "volume": 0.00038694769388739433, "num_verts": 2654, "num_faces": 5180, "num_hulls": 0}