{"bbox": [[-0.03776, -0.0868522, -0.0372886], [0.037289800000000005, -0.0868522, -0.0372886], [0.037289800000000005, 0.0868522, -0.0372886], [-0.03776, 0.0868522, -0.0372886], [-0.03776, -0.0868522, 0.037289800000000005], [0.037289800000000005, -0.0868522, 0.037289800000000005], [0.037289800000000005, 0.0868522, 0.037289800000000005], [-0.03776, 0.0868522, 0.037289800000000005]], "aabb": [[-0.03776000067591667, -0.08685220032930374, -0.037288598716259], [0.03728979825973511, 0.08685220032930374, 0.03728979825973511]], "obb": [[[0.0014109900571127197, -0.9999987848148089, -0.0006629298337645617, -0.00020295561672467813], [0.011278719971295953, -0.0006469741526341565, 0.9999361839138811, 1.0958529316697773e-06], [-0.9999353977047055, -0.0014183770132053701, 0.011277793391465892, 0.0006126172500783655], [0.0, 0.0, 0.0, 1.0]], [0.07527976012486301, 0.17520745282327185, 0.07669181339232906]], "radius": 0.09758602153474648, "volume": 0.00035769773397186845, "num_verts": 1634, "num_faces": 3140, "num_hulls": 0}