{"bbox": [[-0.06253344000000001, -0.047579760000000006, -0.06253344000000001], [0.06253167999999999, -0.047579760000000006, -0.06253344000000001], [0.06253167999999999, 0.047579760000000006, -0.06253344000000001], [-0.06253344000000001, 0.047579760000000006, -0.06253344000000001], [-0.06253344000000001, -0.047579760000000006, 0.06253344000000001], [0.06253167999999999, -0.047579760000000006, 0.06253344000000001], [0.06253167999999999, 0.047579760000000006, 0.06253344000000001], [-0.06253344000000001, 0.047579760000000006, 0.06253344000000001]], "aabb": [[-0.062533438205719, -0.04757976159453392, -0.062533438205719], [0.06253167986869812, 0.04757976159453392, 0.062533438205719]], "obb": [[[-0.0005135370961945735, 0.39380355291579205, -0.9191944832246057, -2.478326004544043e-05], [-0.9999998660788342, -0.0002612473857299088, 0.00044675733615161635, 5.424156614571119e-06], [-6.42025294520813e-05, 0.9191945895514739, 0.393803634337385, -3.528093675038194e-06], [0.0, 0.0, 0.0, 1.0]], [0.1638845014079863, 0.0952965163315613, 0.1637000472274832]], "radius": 0.07843308773386906, "volume": 0.000144295520861014, "num_verts": 2887, "num_faces": 5654, "num_hulls": 0}