{"bbox": [[-0.0434287, -0.0926647, -0.0111097], [0.0434287, -0.0926647, -0.0111097], [0.0434287, 0.0929171, -0.0111097], [-0.0434287, 0.0929171, -0.0111097], [-0.0434287, -0.0926647, 0.0111097], [0.0434287, -0.0926647, 0.0111097], [0.0434287, 0.0929171, 0.0111097], [-0.0434287, 0.0929171, 0.0111097]], "aabb": [[-0.0434287004172802, -0.0926646962761879, -0.011109700426459312], [0.0434287004172802, 0.09291709959506989, 0.011109700426459312]], "obb": [[[0.01622149487159194, 0.9998684228957981, 1.6088966673898217e-17, 1.5206617121302198e-05], [0.00585204309028411, -9.494137908909231e-05, -0.99998287214222, 0.00015857790391105063], [-0.9998512972916525, 0.016221217032134805, -0.005852813186494624, 0.0002741105986604273], [0.0, 0.0, 0.0, 1.0]], [0.08723841670359497, 0.1857262025790033, 0.02431928136181825]], "radius": 0.097750660852717, "volume": 0.00031772075662715466, "num_verts": 320, "num_faces": 636, "num_hulls": 0}