{"bbox": [[-0.07279125173547868, -0.12878445307046063, -0.07279125173547868], [0.07279125173547868, -0.12878445307046063, -0.07279125173547868], [0.07279125173547868, 0.12878445307046063, -0.07279125173547868], [-0.07279125173547868, 0.12878445307046063, -0.07279125173547868], [-0.07279125173547868, -0.12878445307046063, 0.07279125173547868], [0.07279125173547868, -0.12878445307046063, 0.07279125173547868], [0.07279125173547868, 0.12878445307046063, 0.07279125173547868], [-0.07279125173547868, 0.12878445307046063, 0.07279125173547868]], "aabb": [[-0.07279124855995178, -0.1287844479084015, -0.07279124855995178], [0.07279124855995178, 0.1287844479084015, 0.07279124855995178]], "obb": [[[-0.7072393666640207, -0.7069741703373785, 2.676659338522635e-05, -1.9497800064756844e-06], [4.163336345328281e-17, 3.786077976970412e-05, 0.9999999992832808, 7.124237681372634e-07], [-0.7069741708440805, 0.7072393661571281, -2.6776633905702065e-05, 1.950286327656072e-06], [0.0, 0.0, 0.0, 1.0]], [0.20531863672564304, 0.2575782243954622, 0.205318640041631]], "radius": 0.14696046091270837, "volume": 0.0038196625822155203, "num_verts": 752, "num_faces": 1468, "num_hulls": 0}