{"bbox": [[-0.028275177842775126, -0.05419403586532319, -0.0070687794606949265], [0.028275177842775126, -0.05419403586532319, -0.0070687794606949265], [0.028275177842775126, 0.05419403586532319, -0.0070687794606949265], [-0.028275177842775126, 0.05419403586532319, -0.0070687794606949265], [-0.028275177842775126, -0.05419403586532319, 0.0070687794606949265], [0.028275177842775126, -0.05419403586532319, 0.0070687794606949265], [0.028275177842775126, 0.05419403586532319, 0.0070687794606949265], [-0.028275177842775126, 0.05419403586532319, 0.0070687794606949265]], "aabb": [[-0.028275178745388985, -0.05419403687119484, -0.007068779319524765], [0.028275178745388985, 0.05419403687119484, 0.007068779319524765]], "obb": [[[-6.111304698086141e-17, 1.0, -3.8203331490422115e-18, 1.4035066130278746e-22], [-0.06239077506595495, -7.718757477481033e-34, 0.9980517978475213, -3.666623416794267e-05], [0.9980517978475213, 6.123233995736767e-17, 0.06239077506595495, -2.292100243115077e-06], [0.0, 0.0, 0.0, 1.0]], [0.05655035568555025, 0.10924069309959294, 0.01661842508691747]], "radius": 0.059198893957441066, "volume": 5.722785988077193e-05, "num_verts": 206, "num_faces": 408, "num_hulls": 0}