{"bbox": [[-0.12169365290140277, -0.07142895170299891, -0.07407435176607018], [0.12168870290128476, -0.07142895170299891, -0.07407435176607018], [0.12168870290128476, 0.07142895170299891, -0.07407435176607018], [-0.12169365290140277, 0.07142895170299891, -0.07407435176607018], [-0.12169365290140277, -0.07142895170299891, 0.07407435176607018], [0.12168870290128476, -0.07142895170299891, 0.07407435176607018], [0.12168870290128476, 0.07142895170299891, 0.07407435176607018], [-0.12169365290140277, 0.07142895170299891, 0.07407435176607018]], "aabb": [[-0.12169365584850311, -0.07142895460128784, -0.07407435029745102], [0.12168870121240616, 0.07142895460128784, 0.07407435029745102]], "obb": [[[0.1262148294990968, -0.0011611548733694555, 0.9920022522826618, 0.0036297756264369197], [0.009199439898202948, 0.9999576842574688, -8.413764893196456e-17, 0.00019274987305543712], [-0.9919602749707639, 0.009125865098756316, 0.12622017059933813, -0.0007701210712174285], [0.0, 0.0, 0.0, 1.0]], [0.26070300526189827, 0.14369603777732126, 0.16891425361581341]], "radius": 0.14743814396394814, "volume": 0.0023514469208266078, "num_verts": 1560, "num_faces": 3072, "num_hulls": 0}