{"bbox": [[-0.0733786, -0.076714, -0.0733786], [0.0733786, -0.076714, -0.0733786], [0.0733786, 0.076714, -0.0733786], [-0.0733786, 0.076714, -0.0733786], [-0.0733786, -0.076714, 0.0733786], [0.0733786, -0.076714, 0.0733786], [0.0733786, 0.076714, 0.0733786], [-0.0733786, 0.076714, 0.0733786]], "aabb": [[-0.07337860018014908, -0.07671400159597397, -0.07337860018014908], [0.07337860018014908, 0.07671400159597397, 0.07337860018014908]], "obb": [[[-0.8945452091136877, -0.44697748136986576, 2.867899689697869e-16, -1.1509149226792064e-07], [2.932472125754707e-16, 5.473895418505517e-17, 1.0, -1.3877688795508375e-17], [-0.44697748136986576, 0.8945452091136877, 8.210843127758276e-17, -8.038787193780579e-07], [0.0, 0.0, 0.0, 1.0]], [0.19610797638481584, 0.15342800000000006, 0.196108067109794]], "radius": 0.09826736550070936, "volume": 0.0008009915370656516, "num_verts": 3248, "num_faces": 6264, "num_hulls": 0}