{"bbox": [[-0.08153670194398646, -0.1293340530835641, -0.08434830201102023], [0.08153670194398646, -0.1293340530835641, -0.08434830201102023], [0.08153670194398646, 0.1293340530835641, -0.08434830201102023], [-0.08153670194398646, 0.1293340530835641, -0.08434830201102023], [-0.08153670194398646, -0.1293340530835641, 0.08434830201102023], [0.08153670194398646, -0.1293340530835641, 0.08434830201102023], [0.08153670194398646, 0.1293340530835641, 0.08434830201102023], [-0.08153670194398646, 0.1293340530835641, 0.08434830201102023]], "aabb": [[-0.08153670281171799, -0.12933404743671417, -0.08434829860925674], [0.08153670281171799, 0.12933404743671417, 0.08434829860925674]], "obb": [[[-0.970140252628192, 0.24254461490788487, -3.113457561884397e-06, 0.00033070842879175924], [-1.88740952586547e-06, 5.287297795032025e-06, 0.9999999999842409, 2.2522995851721606e-08], [0.24254461492052445, 0.9701402526187799, -4.671639401968337e-06, 0.00413444705191647], [0.0, 0.0, 0.0, 1.0]], [0.1984697653538852, 0.25866997644044565, 0.19847115918119418]], "radius": 0.1477888369817586, "volume": 0.0014466093474787111, "num_verts": 2547, "num_faces": 4886, "num_hulls": 0}