{"bbox": [[-0.07733640184384351, -0.12267165292472011, -0.08266995197100524], [0.07733640184384351, -0.12267165292472011, -0.08266995197100524], [0.07733640184384351, 0.12267165292472011, -0.08266995197100524], [-0.07733640184384351, 0.12267165292472011, -0.08266995197100524], [-0.07733640184384351, -0.12267165292472011, 0.08266740197094445], [0.07733640184384351, -0.12267165292472011, 0.08266740197094445], [0.07733640184384351, 0.12267165292472011, 0.08266740197094445], [-0.07733640184384351, 0.12267165292472011, 0.08266740197094445]], "aabb": [[-0.0773364007472992, -0.12267165631055832, -0.0826699510216713], [0.0773364007472992, 0.12267165631055832, 0.08266740292310715]], "obb": [[[-0.9883702094082581, -0.1520668575143054, 2.793422854669361e-17, 0.00044315761511953583], [0.0, 1.8369701987210297e-16, 1.0, 6.748515755917831e-19], [-0.1520668575143054, 0.9883702094082581, -1.8156066199866338e-16, 0.003785130733329223], [0.0, 0.0, 0.0, 1.0]], [0.18090316531748699, 0.24534330584944025, 0.18391070934824014]], "radius": 0.14673375428059424, "volume": 0.0014214733731733817, "num_verts": 4650, "num_faces": 9052, "num_hulls": 0}