{"bbox": [[-0.04925447624218168, -0.007495259428157088, -0.033996297406288345], [0.04925447624218168, -0.007495259428157088, -0.033996297406288345], [0.04925447624218168, 0.007495259428157088, -0.033996297406288345], [-0.04925447624218168, 0.007495259428157088, -0.033996297406288345], [-0.04925447624218168, -0.007495259428157088, 0.033996297406288345], [0.04925447624218168, -0.007495259428157088, 0.033996297406288345], [0.04925447624218168, 0.007495259428157088, 0.033996297406288345], [-0.04925447624218168, 0.007495259428157088, 0.033996297406288345]], "aabb": [[-0.04925447702407837, -0.007495259400457144, -0.03399629890918732], [0.04925447702407837, 0.007495259400457144, 0.03399629890918732]], "obb": [[[7.604084562054421e-18, 6.0758352138844e-17, -1.0, -2.40802132084388e-21], [0.9922591914851914, -0.12418412504484855, 0.0, -6.213103399003474e-05], [-0.12418412504484853, -0.9922591914851911, -6.123233995736766e-17, 3.9325972558299066e-05], [0.0, 0.0, 0.0, 1.0]], [0.09850895248436337, 0.022602397623963922, 0.06969450154234785]], "radius": 0.05906632380048009, "volume": 7.126905293123082e-05, "num_verts": 290, "num_faces": 576, "num_hulls": 0}