{"bbox": [[-0.02081336, -0.07659312, -0.02081336], [0.02081336, -0.07659312, -0.02081336], [0.02081336, 0.07659312, -0.02081336], [-0.02081336, 0.07659312, -0.02081336], [-0.02081336, -0.07659312, 0.02081336], [0.02081336, -0.07659312, 0.02081336], [0.02081336, 0.07659312, 0.02081336], [-0.02081336, 0.07659312, 0.02081336]], "aabb": [[-0.020813360810279846, -0.07659312337636948, -0.020813360810279846], [0.020813360810279846, 0.07659312337636948, 0.020813360810279846]], "obb": [[[0.9285997903906061, 0.3710827795607367, -6.123233995736766e-17, 1.2874520184694729e-18], [-3.4138071139150006e-17, -7.958260495992589e-17, -1.0, -2.7610762620674347e-34], [-0.37108277956073665, 0.9285997903906061, -6.123233995736766e-17, 3.2217277123554535e-18], [0.0, 0.0, 0.0, 1.0]], [0.05384286271471751, 0.15318624, 0.05384286271471751]], "radius": 0.07838614361539815, "volume": 0.00014777934439357253, "num_verts": 456, "num_faces": 908, "num_hulls": 0}