{"bbox": [[-0.028557597821228194, -0.043788296659218094, -0.03998057694972405], [0.028557597821228194, -0.043788296659218094, -0.03998057694972405], [0.028557597821228194, 0.043788296659218094, -0.03998057694972405], [-0.028557597821228194, 0.043788296659218094, -0.03998057694972405], [-0.028557597821228194, -0.043788296659218094, 0.03998057694972405], [0.028557597821228194, -0.043788296659218094, 0.03998057694972405], [0.028557597821228194, 0.043788296659218094, 0.03998057694972405], [-0.028557597821228194, 0.043788296659218094, 0.03998057694972405]], "aabb": [[-0.02855759859085083, -0.04378829523921013, -0.03998057544231415], [0.02855759859085083, 0.04378829523921013, 0.03998057544231415]], "obb": [[[-0.8643470096126616, -0.5028958609629327, -6.123233995736766e-17, -0.004028268247660577], [2.2132499612101237e-17, 8.371948025537203e-17, -1.0, 1.3054424093641476e-20], [0.5028958609629327, -0.8643470096126616, -6.123233995736766e-17, 0.0038150733231691967], [0.0, 0.0, 0.0, 1.0]], [0.08917810169928378, 0.0875765933184362, 0.0951478312667381]], "radius": 0.05874008472490566, "volume": 9.332483953362537e-05, "num_verts": 1139, "num_faces": 2138, "num_hulls": 0}