{"bbox": [[-0.08027415191388493, -0.13676325326069005, -0.08324715198476676], [0.08027415191388493, -0.13676325326069005, -0.08324715198476676], [0.08027415191388493, 0.13676325326069005, -0.08324715198476676], [-0.08027415191388493, 0.13676325326069005, -0.08324715198476676], [-0.08027415191388493, -0.13676325326069005, 0.08324715198476676], [0.08027415191388493, -0.13676325326069005, 0.08324715198476676], [0.08027415191388493, 0.13676325326069005, 0.08324715198476676], [-0.08027415191388493, 0.13676325326069005, 0.08324715198476676]], "aabb": [[-0.08027414977550507, -0.13676325976848602, -0.08324715495109558], [0.08027414977550507, 0.13676325976848602, 0.08324715495109558]], "obb": [[[0.9700800770752731, 0.24278518083307804, 5.429709204920813e-06, -5.61469155129251e-07], [-3.3723325992815205e-09, 2.2377727576233253e-05, -0.9999999997496188, -8.093664205045253e-09], [-0.24278518089379372, 0.9700800768323649, 2.170900644430177e-05, -0.0029746021021975016], [0.0, 0.0, 0.0, 1.0]], [0.19590538098647511, 0.27353236429239286, 0.1959107041476286]], "radius": 0.14713110922346392, "volume": 0.0015375461139821493, "num_verts": 3652, "num_faces": 7096, "num_hulls": 0}