{"bbox": [[-0.06380640152126316, -0.1334134531808246, -0.06380640152126316], [0.06380640152126316, -0.1334134531808246, -0.06380640152126316], [0.06380640152126316, 0.13340850318070657, -0.06380640152126316], [-0.06380640152126316, 0.13340850318070657, -0.06380640152126316], [-0.06380640152126316, -0.1334134531808246, 0.06380640152126316], [0.06380640152126316, -0.1334134531808246, 0.06380640152126316], [0.06380640152126316, 0.13340850318070657, 0.06380640152126316], [-0.06380640152126316, 0.13340850318070657, 0.06380640152126316]], "aabb": [[-0.06380639970302582, -0.13341344892978668, -0.06380639970302582], [0.06380639970302582, 0.13340850174427032, 0.06380639970302582]], "obb": [[[0.7063569046013968, 0.7078558633803446, 4.325188611378665e-17, -9.802564190222139e-18], [6.123233995736766e-17, -1.232595164407831e-32, -1.0, -2.475000059010135e-06], [-0.7078558633803448, 0.7063569046013969, -4.334367086732127e-17, 9.82336619492177e-18], [0.0, 0.0, 0.0, 1.0]], [0.17787820440546653, 0.26682195636153117, 0.17787820440546656]], "radius": 0.14694642330948873, "volume": 0.0014944253660744559, "num_verts": 584, "num_faces": 1160, "num_hulls": 0}