{"bbox": [[-0.02524864, -0.07742912, -0.02524864], [0.02524864, -0.07742912, -0.02524864], [0.02524864, 0.07742912, -0.02524864], [-0.02524864, 0.07742912, -0.02524864], [-0.02524864, -0.07742912, 0.02524864], [0.02524864, -0.07742912, 0.02524864], [0.02524864, 0.07742912, 0.02524864], [-0.02524864, 0.07742912, 0.02524864]], "aabb": [[-0.025248639285564423, -0.07742912322282791, -0.025248639285564423], [0.025248639285564423, 0.07742912322282791, 0.025248639285564423]], "obb": [[[-0.7071067811865476, 0.7071067811865475, 6.123233995736766e-17, 2.4532694666933983e-18], [1.232595164407831e-32, -8.659560562354932e-17, 1.0, -3.0043885998320043e-34], [0.7071067811865475, 0.7071067811865476, 6.123233995736766e-17, 2.4532694666933987e-18], [0.0, 0.0, 0.0, 1.0]], [0.06957056000000002, 0.15485824, 0.06957056000000002]], "radius": 0.0789688981562539, "volume": 0.0002375555041736265, "num_verts": 859, "num_faces": 1706, "num_hulls": 0}