{"bbox": [[-0.018029818624434004, -0.05719805563613467, -0.011190899146202152], [0.018029818624434004, -0.05719805563613467, -0.011190899146202152], [0.018029818624434004, 0.05719805563613467, -0.011190899146202152], [-0.018029818624434004, 0.05719805563613467, -0.011190899146202152], [-0.018029818624434004, -0.05719805563613467, 0.011190899146202152], [0.018029818624434004, -0.05719805563613467, 0.011190899146202152], [0.018029818624434004, 0.05719805563613467, 0.011190899146202152], [-0.018029818624434004, 0.05719805563613467, 0.011190899146202152]], "aabb": [[-0.018029818311333656, -0.05719805508852005, -0.011190898716449738], [0.018029818311333656, 0.05719805508852005, 0.011190898716449738]], "obb": [[[-6.071795926434212e-17, 1.0, 7.92015652801985e-18, -6.1878873313366824e-21], [0.129345971973865, -1.5537965836483543e-33, 0.9915995257835373, 5.3762327468984774e-05], [0.9915995257835373, 6.123233995736765e-17, -0.129345971973865, 0.0001010558690986647], [0.0, 0.0, 0.0, 1.0]], [0.03605963724886801, 0.11535599227275796, 0.02408709740609963]], "radius": 0.05870590517296553, "volume": 3.546888123402259e-05, "num_verts": 522, "num_faces": 1040, "num_hulls": 0}