{"bbox": [[-0.01613021876936197, -0.05707619564543185, -0.01613021876936197], [0.01613021876936197, -0.05707619564543185, -0.01613021876936197], [0.01613021876936197, 0.05707619564543185, -0.01613021876936197], [-0.01613021876936197, 0.05707619564543185, -0.01613021876936197], [-0.01613021876936197, -0.05707619564543185, 0.01613021876936197], [0.01613021876936197, -0.05707619564543185, 0.01613021876936197], [0.01613021876936197, 0.05707619564543185, 0.01613021876936197], [-0.01613021876936197, 0.05707619564543185, 0.01613021876936197]], "aabb": [[-0.016130218282341957, -0.05707619711756706, -0.016130218282341957], [0.016130218282341957, 0.05707619711756706, 0.016130218282341957]], "obb": [[[-0.9701058205750732, -0.24268145945682768, -0.0006372772300557961, -1.1371800910297303e-05], [-0.0006182264757349131, -0.00015465539967287624, 0.9999997969388453, -3.1707763201580672e-06], [-0.24268150873601502, 0.9701060175659212, -1.7819966276344585e-16, 5.956399786938369e-06], [0.0, 0.0, 0.0, 1.0]], [0.03887747996148447, 0.11418814261771969, 0.03898509178660594]], "radius": 0.05899925493983573, "volume": 7.96107698611305e-05, "num_verts": 279, "num_faces": 554, "num_hulls": 0}