{"bbox": [[-0.048377, -0.07417800000000001, -0.0592618], [0.048377, -0.07417800000000001, -0.0592618], [0.048377, 0.07417800000000001, -0.0592618], [-0.048377, 0.07417800000000001, -0.0592618], [-0.048377, -0.07417800000000001, 0.0592618], [0.048377, -0.07417800000000001, 0.0592618], [0.048377, 0.07417800000000001, 0.0592618], [-0.048377, 0.07417800000000001, 0.0592618]], "aabb": [[-0.04837699979543686, -0.07417800277471542, -0.05926179885864258], [0.04837699979543686, 0.07417800277471542, 0.05926179885864258]], "obb": [[[-4.857204052414407e-17, 1.0, 3.728480033439297e-17, -4.3602915179201067e-20], [0.6089069984970703, 0.0, 0.793241619672902, 0.0005466132351242729], [0.7932416196729019, 6.123233995736766e-17, -0.6089069984970703, 0.0007120896442886082], [0.0, 0.0, 0.0, 1.0]], [0.096754, 0.15775690565270248, 0.12767618564044547]], "radius": 0.09841436564308079, "volume": 0.00032991458322270293, "num_verts": 495, "num_faces": 986, "num_hulls": 0}