{"bbox": [[-0.0499647, -0.091935, -0.0319774], [0.0499647, -0.091935, -0.0319774], [0.0499647, 0.091935, -0.0319774], [-0.0499647, 0.091935, -0.0319774], [-0.0499647, -0.091935, 0.0319774], [0.0499647, -0.091935, 0.0319774], [0.0499647, 0.091935, 0.0319774], [-0.0499647, 0.091935, 0.0319774]], "aabb": [[-0.049964699894189835, -0.09193500131368637, -0.03197740018367767], [0.049964699894189835, 0.09193500131368637, 0.03197740018367767]], "obb": [[[-0.0724211486914527, -0.9972994385618235, 0.012206845066695443, 1.129356039486213e-05], [0.2687004533338741, -0.007722906051011892, 0.9631928275793471, -2.9619522047241396e-05], [-0.9604973938540287, 0.0730355157878621, 0.2685341129786305, 0.0001510814640806184], [0.0, 0.0, 0.0, 1.0]], [0.10183336823004055, 0.18918745921411842, 0.07354949024492959]], "radius": 0.09832156100515288, "volume": 0.00023356532328717354, "num_verts": 410, "num_faces": 816, "num_hulls": 0}