{"bbox": [[-0.0625393152286289, -0.10274867216089842, -0.06253991522858313], [0.06254267522837256, -0.10274867216089842, -0.06253991522858313], [0.06254267522837256, 0.10274867216089842, -0.06253991522858313], [-0.0625393152286289, 0.10274867216089842, -0.06253991522858313], [-0.0625393152286289, -0.10274867216089842, 0.06254267522837256], [0.06254267522837256, -0.10274867216089842, 0.06254267522837256], [0.06254267522837256, 0.10274867216089842, 0.06254267522837256], [-0.0625393152286289, 0.10274867216089842, 0.06254267522837256]], "aabb": [[-0.06253931671380997, -0.10274866968393326, -0.06253991276025772], [0.06254267692565918, 0.10274866968393326, 0.06254267692565918]], "obb": [[[0.8944848271869641, -0.4470983045509198, -6.123233995736766e-17, 6.530200701072234e-07], [-8.214827440364407e-17, -2.7394523646394826e-17, -1.0, -2.9781296827170745e-23], [0.4470983045509198, 0.8944848271869641, -6.123233995736766e-17, -1.6665458337414015e-07], [0.0, 0.0, 0.0, 1.0]], [0.1661770721695613, 0.20549734432179684, 0.16617897906700688]], "radius": 0.1172616886079733, "volume": 0.002412713609810075, "num_verts": 1090, "num_faces": 2108, "num_hulls": 0}