{"bbox": [[-0.0642721, -0.0478364, -0.0687648], [0.0642802, -0.0478364, -0.0687648], [0.0642802, 0.047462700000000003, -0.0687648], [-0.0642721, 0.047462700000000003, -0.0687648], [-0.0642721, -0.0478364, 0.0687648], [0.0642802, -0.0478364, 0.0687648], [0.0642802, 0.047462700000000003, 0.0687648], [-0.0642721, 0.047462700000000003, 0.0687648]], "aabb": [[-0.06427209824323654, -0.04783640056848526, -0.06876479834318161], [0.0642801970243454, 0.04746270179748535, 0.06876479834318161]], "obb": [[[-3.0600365999427473e-18, 1.0, 6.115583073314969e-17, 4.050000000005493e-06], [0.998750509546569, 0.0, 0.04997419014320315, 0.0006250815142369187], [0.04997419014320315, 6.123233995736766e-17, -0.998750509546569, -0.000903716455781048], [0.0, 0.0, 0.0, 1.0]], [0.1285523, 0.1022349132163795, 0.14143716668607142]], "radius": 0.09804157906118201, "volume": 0.0006585485320211129, "num_verts": 1042, "num_faces": 2032, "num_hulls": 0}