{"bbox": [[-0.05491493581032289, -0.0226822782694795, -0.05491493581032289], [0.05491493581032289, -0.0226822782694795, -0.05491493581032289], [0.05491493581032289, 0.0226822782694795, -0.05491493581032289], [-0.05491493581032289, 0.0226822782694795, -0.05491493581032289], [-0.05491493581032289, -0.0226822782694795, 0.05491493581032289], [0.05491493581032289, -0.0226822782694795, 0.05491493581032289], [0.05491493581032289, 0.0226822782694795, 0.05491493581032289], [-0.05491493581032289, 0.0226822782694795, 0.05491493581032289]], "aabb": [[-0.0549149364233017, -0.022682277485728264, -0.0549149364233017], [0.0549149364233017, 0.022682277485728264, 0.0549149364233017]], "obb": [[[9.901585446101388e-18, -0.3939137241204124, 0.9191474190518012, -5.5851750331401345e-08], [1.0, 4.824051813842765e-17, 9.90158544610139e-18, 3.144354725849175e-23], [-4.824051813842765e-17, 0.9191474190518014, 0.39391372412041237, 6.403440006931464e-07], [0.0, 0.0, 0.0, 1.0]], [0.14407742851706676, 0.04536455653895901, 0.1440772133381444]], "radius": 0.05939347445657355, "volume": 0.00011445028639519538, "num_verts": 3032, "num_faces": 5928, "num_hulls": 0}