{"bbox": [[-0.0198429, -0.0961, -0.0198429], [0.0198429, -0.0961, -0.0198429], [0.0198429, 0.0961, -0.0198429], [-0.0198429, 0.0961, -0.0198429], [-0.0198429, -0.0961, 0.0198429], [0.0198429, -0.0961, 0.0198429], [0.0198429, 0.0961, 0.0198429], [-0.0198429, 0.0961, 0.0198429]], "aabb": [[-0.019842900335788727, -0.09610000252723694, -0.019842900335788727], [0.019842900335788727, 0.09610000252723694, 0.019842900335788727]], "obb": [[[0.31587848418111664, 0.9487996538674005, 7.2485052855491346e-06, 9.085313726332153e-08], [2.2908591955208645e-05, 1.2830930178401868e-08, -0.9999999997375982, -1.5131974707952704e-07], [-0.9487996536185268, 0.3158784842642826, -2.173161110291609e-05, -2.7238512889349956e-07], [0.0, 0.0, 0.0, 1.0]], [0.0501297492291238, 0.19220146836619825, 0.05013253287701948]], "radius": 0.09799902683690283, "volume": 0.00017346394180670636, "num_verts": 529, "num_faces": 1050, "num_hulls": 0}