{"bbox": [[-0.032865, -0.094487, -0.0328638], [0.032865, -0.094487, -0.0328638], [0.032865, 0.094487, -0.0328638], [-0.032865, 0.094487, -0.0328638], [-0.032865, -0.094487, 0.032865], [0.032865, -0.094487, 0.032865], [0.032865, 0.094487, 0.032865], [-0.032865, 0.094487, 0.032865]], "aabb": [[-0.032864999026060104, -0.09448699653148651, -0.032863799482584], [0.032864999026060104, 0.09448699653148651, 0.032864999026060104]], "obb": [[[-0.4477371880763072, 0.8941652030880656, -5.475182769353713e-17, 2.7869528479831883e-07], [-0.0, -6.123233995736766e-17, -1.0, 1.5070781266267557e-24], [-0.8941652030880655, -0.4477371880763072, 2.7415995711844305e-17, 6.115464313288546e-07], [0.0, 0.0, 0.0, 1.0]], [0.08629782926302544, 0.188974, 0.08629733014141666]], "radius": 0.09872352899476396, "volume": 0.0003820566728189078, "num_verts": 1924, "num_faces": 3724, "num_hulls": 0}