{"bbox": [[-0.04443992, -0.0757124, -0.04443992], [0.04443992, -0.0757124, -0.04443992], [0.04443992, 0.0757124, -0.04443992], [-0.04443992, 0.0757124, -0.04443992], [-0.04443992, -0.0757124, 0.04443992], [0.04443992, -0.0757124, 0.04443992], [0.04443992, 0.0757124, 0.04443992], [-0.04443992, 0.0757124, 0.04443992]], "aabb": [[-0.04443991929292679, -0.07571239769458771, -0.04443991929292679], [0.04443991929292679, 0.07571239769458771, 0.04443991929292679]], "obb": [[[0.4469446637686697, -0.894561605870976, 2.8814085387426166e-05, 1.2178848259601084e-06], [-6.446902192642755e-05, -9.561782266927606e-16, 0.9999999979218727, -5.20786293177562e-07], [-0.8945616040119628, -0.4469446646974777, -5.767151178386355e-05, -5.869358976352635e-07], [0.0, 0.0, 0.0, 1.0]], [0.11850006434953292, 0.15143211003193235, 0.11850407319210113]], "radius": 0.07855687049265646, "volume": 0.00019321420560876069, "num_verts": 3623, "num_faces": 7062, "num_hulls": 0}