{"bbox": [[-0.08336660000000001, -0.0543696, -0.0217478], [0.08336080000000001, -0.0543696, -0.0217478], [0.08336080000000001, 0.05436950000000001, -0.0217478], [-0.08336660000000001, 0.05436950000000001, -0.0217478], [-0.08336660000000001, -0.0543696, 0.0217478], [0.08336080000000001, -0.0543696, 0.0217478], [0.08336080000000001, 0.05436950000000001, 0.0217478], [-0.08336660000000001, 0.05436950000000001, 0.0217478]], "aabb": [[-0.08336660265922546, -0.054369598627090454, -0.021747799590229988], [0.08336079865694046, 0.054369501769542694, 0.021747799590229988]], "obb": [[[-0.015870240504086374, -1.8401260483592527e-06, -0.9998740598010112, 1.579173259658496e-05], [-1.8724300246955192e-06, 0.9999999999966078, -1.8106381656649005e-06, -1.1785444982335008e-07], [0.9998740598009513, 1.843458947330637e-06, -0.01587024050747805, -0.0002730507533982451], [0.0, 0.0, 0.0, 1.0]], [0.16785519070379598, 0.10873947312112187, 0.045534223743001694]], "radius": 0.09861451785259613, "volume": 0.0006687989983067212, "num_verts": 313, "num_faces": 618, "num_hulls": 0}