{"bbox": [[-0.023938618173628377, -0.05648165569079165, -0.004297517672125422], [0.023938618173628377, -0.05648165569079165, -0.004297517672125422], [0.023938618173628377, 0.05648165569079165, -0.004297517672125422], [-0.023938618173628377, 0.05648165569079165, -0.004297517672125422], [-0.023938618173628377, -0.05648165569079165, 0.004297517672125422], [0.023938618173628377, -0.05648165569079165, 0.004297517672125422], [0.023938618173628377, 0.05648165569079165, 0.004297517672125422], [-0.023938618173628377, 0.05648165569079165, 0.004297517672125422]], "aabb": [[-0.0239386186003685, -0.056481655687093735, -0.004297517705708742], [0.0239386186003685, 0.056481655687093735, 0.004297517705708742]], "obb": [[[0.019742731498571236, -0.9998050911692631, 6.499997627629335e-05, 5.001715438864906e-06], [-0.003292331863911384, -4.0102145197977454e-17, 0.9999945802607623, -1.053620912876105e-06], [-0.9997996724863801, -0.01974283849960772, -0.0032916901593573918, 5.3792076585257066e-05], [0.0, 0.0, 0.0, 1.0]], [0.04814226259820221, 0.11300972632112936, 0.009791529321392173]], "radius": 0.05871092501448057, "volume": 4.033693649492248e-05, "num_verts": 300, "num_faces": 596, "num_hulls": 0}