{"bbox": [[-0.05379968, -0.0563636, -0.058925599999999995], [0.053801600000000005, -0.0563636, -0.058925599999999995], [0.053801600000000005, 0.0563636, -0.058925599999999995], [-0.05379968, 0.0563636, -0.058925599999999995], [-0.05379968, -0.0563636, 0.058925599999999995], [0.053801600000000005, -0.0563636, 0.058925599999999995], [0.053801600000000005, 0.0563636, 0.058925599999999995], [-0.05379968, 0.0563636, 0.058925599999999995]], "aabb": [[-0.05379968136548996, -0.05636360123753548, -0.05892559885978699], [0.05380159988999367, 0.05636360123753548, 0.05892559885978699]], "obb": [[[-0.7072282288201978, -0.7069853126903316, -6.123233995736766e-17, -6.601304926597366e-07], [1.4874323045099823e-20, 8.65956043460856e-17, -1.0, -3.9214412547272653e-19], [0.7069853126903316, -0.7072282288201978, -6.123233995736766e-17, 0.006404859704537236], [0.0, 0.0, 0.0, 1.0]], [0.15457299537778924, 0.11272720000000001, 0.15457299545990488]], "radius": 0.07971189539089885, "volume": 0.0003660350493436565, "num_verts": 2059, "num_faces": 3982, "num_hulls": 0}