{"bbox": [[-0.041562640000000005, -0.0708104, -0.0277084], [0.041562640000000005, -0.0708104, -0.0277084], [0.041562640000000005, 0.0708104, -0.0277084], [-0.041562640000000005, 0.0708104, -0.0277084], [-0.041562640000000005, -0.0708104, 0.0273236], [0.041562640000000005, -0.0708104, 0.0273236], [0.041562640000000005, 0.0708104, 0.0273236], [-0.041562640000000005, 0.0708104, 0.0273236]], "aabb": [[-0.04156263917684555, -0.07081039994955063, -0.027708400040864944], [0.04156263917684555, 0.07081039994955063, 0.02732359990477562]], "obb": [[[5.897816901115912e-17, 1.0, 1.6461319410842952e-17, -6.166997571586021e-20], [0.26883374736787724, -0.0, -0.9631865947344493, -0.0012720022757469031], [-0.9631865947344493, 6.123233995736766e-17, -0.26883374736787724, 0.001007147134321459], [0.0, 0.0, 0.0, 1.0]], [0.08312528000000001, 0.14699195773750992, 0.05916086736314145]], "radius": 0.07897917087090747, "volume": 0.00022087259591300888, "num_verts": 392, "num_faces": 780, "num_hulls": 0}