{"bbox": [[-0.04943663622828398, -0.10959455163859927, -0.050032316182837204], [0.050032316182837204, -0.10959455163859927, -0.050032316182837204], [0.050032316182837204, 0.10957619164000003, -0.050032316182837204], [-0.04943663622828398, 0.10957619164000003, -0.050032316182837204], [-0.04943663622828398, -0.10959455163859927, 0.050032316182837204], [0.050032316182837204, -0.10959455163859927, 0.050032316182837204], [0.050032316182837204, 0.10957619164000003, 0.050032316182837204], [-0.04943663622828398, 0.10957619164000003, 0.050032316182837204]], "aabb": [[-0.04943663626909256, -0.10959455370903015, -0.05003231763839722], [0.05003231763839722, 0.10957618802785873, 0.05003231763839722]], "obb": [[[-0.6247452993307494, -0.7808286036279322, 5.2159232773451515e-05, 9.506248369129296e-05], [-8.155552168934967e-06, 7.332515131549733e-05, 0.9999999972784546, -9.598426491321972e-06], [-0.7808286053274555, 0.6247452972050894, -5.217763201895712e-05, 4.168847804411994e-05], [0.0, 0.0, 0.0, 1.0]], [0.13684305811836098, 0.21918356254200674, 0.13682867633880114]], "radius": 0.11805105650798027, "volume": 0.0008828924141450465, "num_verts": 1317, "num_faces": 2550, "num_hulls": 0}