{"bbox": [[-0.0510451161055667, -0.10673075185708986, -0.0510451161055667], [0.0510451161055667, -0.10673075185708986, -0.0510451161055667], [0.0510451161055667, 0.10672679185739198, -0.0510451161055667], [-0.0510451161055667, 0.10672679185739198, -0.0510451161055667], [-0.0510451161055667, -0.10673075185708986, 0.0510451161055667], [0.0510451161055667, -0.10673075185708986, 0.0510451161055667], [0.0510451161055667, 0.10672679185739198, 0.0510451161055667], [-0.0510451161055667, 0.10672679185739198, 0.0510451161055667]], "aabb": [[-0.051045116037130356, -0.10673075169324875, -0.051045116037130356], [0.051045116037130356, 0.10672679543495178, 0.051045116037130356]], "obb": [[[-0.7078558633803445, 0.706356904601397, 4.3343670867321255e-17, 4.9116509147930905e-18], [6.123233995736766e-17, 0.0, 1.0, -1.9799998489389292e-06], [0.706356904601397, 0.7078558633803446, -4.325188611378666e-17, -4.901249980593442e-18], [0.0, 0.0, 0.0, 1.0]], [0.14230254927479283, 0.21345754371448183, 0.14230254927479286]], "radius": 0.11755712687591337, "volume": 0.0007651455575746978, "num_verts": 584, "num_faces": 1160, "num_hulls": 0}