{"bbox": [[-0.05062635120702627, -0.1369891532660759, -0.05360445127802971], [0.05062635120702627, -0.1369891532660759, -0.05360445127802971], [0.05062635120702627, 0.1369891532660759, -0.05360445127802971], [-0.05062635120702627, 0.1369891532660759, -0.05360445127802971], [-0.05062635120702627, -0.1369891532660759, 0.05360445127802971], [0.05062635120702627, -0.1369891532660759, 0.05360445127802971], [0.05062635120702627, 0.1369891532660759, 0.05360445127802971], [-0.05062635120702627, 0.1369891532660759, 0.05360445127802971]], "aabb": [[-0.050626352429389954, -0.13698914647102356, -0.053604450076818466], [0.050626352429389954, 0.13698914647102356, 0.053604450076818466]], "obb": [[[-0.7069997438069726, -0.7072138023659288, -6.123233995736766e-17, -4.5006811344018935e-07], [-1.3107306452791141e-20, 8.659560463157357e-17, -1.0, -2.7347435243049563e-19], [0.7072138023659289, -0.7069997438069726, -6.123233995736767e-17, 0.004466625174615971], [0.0, 0.0, 0.0, 1.0]], [0.14391915061159982, 0.2739783065321518, 0.14391914965647112]], "radius": 0.14659254086466386, "volume": 0.0017872028539108842, "num_verts": 520, "num_faces": 1028, "num_hulls": 0}