{"bbox": [[-0.009904271244364072, -0.0458072365051852, -0.11389655131038275], [0.009904271244364072, -0.0458072365051852, -0.11389655131038275], [0.009904271244364072, 0.0458072365051852, -0.11389655131038275], [-0.009904271244364072, 0.0458072365051852, -0.11389655131038275], [-0.009904271244364072, -0.0458072365051852, 0.11389667131037358], [0.009904271244364072, -0.0458072365051852, 0.11389667131037358], [0.009904271244364072, 0.0458072365051852, 0.11389667131037358], [-0.009904271244364072, 0.0458072365051852, 0.11389667131037358]], "aabb": [[-0.009904270991683006, -0.045807234942913055, -0.11389654874801636], [0.009904270991683006, 0.045807234942913055, 0.11389666795730591]], "obb": [[[0.9999155328606049, 0.007157546823026064, 0.010848809500082693, 0.00014196210078807543], [-0.005805539983517754, 0.9927693215746323, -0.11989733043626907, 0.004828390491776717], [-0.011628536003842945, 0.1198242198544197, 0.9927270186142247, 0.0008058947449610188], [0.0, 0.0, 0.0, 1.0]], [0.023007634218249983, 0.11496716754910574, 0.2403948806513384]], "radius": 0.11653863179527256, "volume": 0.00014332393498687367, "num_verts": 995, "num_faces": 1958, "num_hulls": 0}