{"bbox": [[-0.034735857349864396, -0.04052513690817742, -0.044384696613716385], [0.034735857349864396, -0.04052513690817742, -0.044384696613716385], [0.034735857349864396, 0.04052513690817742, -0.044384696613716385], [-0.034735857349864396, 0.04052513690817742, -0.044384696613716385], [-0.034735857349864396, -0.04052513690817742, 0.044384696613716385], [0.034735857349864396, -0.04052513690817742, 0.044384696613716385], [0.034735857349864396, 0.04052513690817742, 0.044384696613716385], [-0.034735857349864396, 0.04052513690817742, 0.044384696613716385]], "aabb": [[-0.03473585844039917, -0.04052513837814331, -0.04438469558954239], [0.03473585844039917, 0.04052513837814331, 0.04438469558954239]], "obb": [[[0.8514288934658455, -0.0010372893864085452, -0.5244690299743681, 0.0037026708523114674], [0.0006111566786311336, 0.999999327510613, -0.0009856296648184121, 3.7979146533886863e-06], [0.524469699657702, 0.0005186608244794256, 0.8514289548352869, 0.004603461898733962], [0.0, 0.0, 0.0, 1.0]], [0.102872975405658, 0.08124177003233429, 0.10766152007976242]], "radius": 0.05977673204965395, "volume": 0.0001224927276937018, "num_verts": 1226, "num_faces": 2348, "num_hulls": 0}