{"bbox": [[-0.0938278, -0.0184244, -0.0895629], [0.0936572, -0.0184244, -0.0895629], [0.0936572, 0.0184244, -0.0895629], [-0.0938278, 0.0184244, -0.0895629], [-0.0938278, -0.0184244, 0.08954870000000001], [0.0936572, -0.0184244, 0.08954870000000001], [0.0936572, 0.0184244, 0.08954870000000001], [-0.0938278, 0.0184244, 0.08954870000000001]], "aabb": [[-0.09382779896259308, -0.018424399197101593, -0.08956290036439896], [0.09365720301866531, 0.018424399197101593, 0.08954869955778122]], "obb": [[[-6.123233995736766e-17, 0.44717464507195853, 0.8944466651538077, 2.6097347840811578e-06], [-1.0, 2.7387512387070365e-17, -8.215061216179315e-17, -3.4692534245345903e-18], [-6.123233995736766e-17, -0.8944466651538078, 0.4471746450719586, -5.770277385564588e-06], [0.0, 0.0, 0.0, 1.0]], [0.19241711169970988, 0.03684880000000002, 0.18095562674903176]], "radius": 0.09827504629626435, "volume": 0.0004180725396401256, "num_verts": 780, "num_faces": 1544, "num_hulls": 0}