{"bbox": [[-0.0267882, -0.09478890000000001, -0.0267882], [0.0267882, -0.09478890000000001, -0.0267882], [0.0267882, 0.0947828, -0.0267882], [-0.0267882, 0.0947828, -0.0267882], [-0.0267882, -0.09478890000000001, 0.0267882], [0.0267882, -0.09478890000000001, 0.0267882], [0.0267882, 0.0947828, 0.0267882], [-0.0267882, 0.0947828, 0.0267882]], "aabb": [[-0.026788199320435524, -0.09478890150785446, -0.026788199320435524], [0.026788199320435524, 0.09478279948234558, 0.026788199320435524]], "obb": [[[0.8944317476221558, 0.44720448213940805, -6.123233995736766e-17, 6.999893020604208e-09], [-2.7384771958243528e-17, -8.21515257198811e-17, -1.0, -3.050000000004438e-06], [-0.44720448213940805, 0.8944317476221558, -6.123233995736766e-17, -3.499857350428396e-09], [0.0, 0.0, 0.0, 1.0]], [0.06799811504636176, 0.1895717, 0.06799812204643309]], "radius": 0.0979703975741142, "volume": 0.000259602374873583, "num_verts": 767, "num_faces": 1526, "num_hulls": 0}