{"bbox": [[-0.0645776, -0.040714560000000004, -0.03931064], [0.06458176, -0.040714560000000004, -0.03931064], [0.06458176, 0.040714560000000004, -0.03931064], [-0.0645776, 0.040714560000000004, -0.03931064], [-0.0645776, -0.040714560000000004, 0.03931064], [0.06458176, -0.040714560000000004, 0.03931064], [0.06458176, 0.040714560000000004, 0.03931064], [-0.0645776, 0.040714560000000004, 0.03931064]], "aabb": [[-0.0645776018500328, -0.040714558213949203, -0.03931064158678055], [0.06458175927400589, 0.040714558213949203, 0.03931064158678055]], "obb": [[[-6.112657895529667e-17, -3.597332605768669e-18, -1.0, 2.0800000000015293e-06], [-0.058748899817862126, 0.9982727917609449, 0.0, 0.00016961053241463096], [0.9982727917609449, 0.058748899817862126, -6.123233995736766e-17, -7.25833275133026e-05], [0.0, 0.0, 0.0, 1.0]], [0.12915936, 0.08646621470886542, 0.08119774699551749]], "radius": 0.07819489260493681, "volume": 0.00037145071929836827, "num_verts": 1135, "num_faces": 2218, "num_hulls": 0}