{"bbox": [[-0.0424954, -0.0888539, -0.0173845], [0.0424954, -0.0888539, -0.0173845], [0.0424954, 0.0888539, -0.0173845], [-0.0424954, 0.0888539, -0.0173845], [-0.0424954, -0.0888539, 0.0169016], [0.0424954, -0.0888539, 0.0169016], [0.0424954, 0.0888539, 0.0169016], [-0.0424954, 0.0888539, 0.0169016]], "aabb": [[-0.042495399713516235, -0.08885390311479568, -0.017384499311447144], [0.042495399713516235, 0.08885390311479568, 0.016901599243283272]], "obb": [[[0.0030745354851124877, -0.9996115955003714, 0.027698472390233698, -3.186025361805419e-06], [0.11027976847343376, 0.02786858699686359, 0.9935097958874105, -0.00011427877185080795], [-0.9938958294997503, 6.163780580488456e-17, 0.1103226182747825, 6.523682626590845e-05], [0.0, 0.0, 0.0, 1.0]], [0.09097550800415559, 0.1846979347427391, 0.038196942762284074]], "radius": 0.09782532739561876, "volume": 0.00024656329150991917, "num_verts": 132, "num_faces": 260, "num_hulls": 0}