{"bbox": [[-0.05371190000000001, -0.0851981, -0.05371190000000001], [0.05371190000000001, -0.0851981, -0.05371190000000001], [0.05371190000000001, 0.0851981, -0.05371190000000001], [-0.05371190000000001, 0.0851981, -0.05371190000000001], [-0.05371190000000001, -0.0851981, 0.05371190000000001], [0.05371190000000001, -0.0851981, 0.05371190000000001], [0.05371190000000001, 0.0851981, 0.05371190000000001], [-0.05371190000000001, 0.0851981, 0.05371190000000001]], "aabb": [[-0.053711898624897, -0.08519809693098068, -0.053711898624897], [0.053711898624897, 0.08519809693098068, 0.053711898624897]], "obb": [[[0.9190709440407567, -0.39409211595290977, 6.295864184316221e-05, 2.335309172160534e-06], [8.240449090554546e-06, -0.00014053842148143168, -0.9999999900905233, 6.415925567516374e-07], [0.3940921208957713, 0.9190709354520522, -0.0001259172836864383, 1.7079814868472523e-07], [0.0, 0.0, 0.0, 1.0]], [0.1400377750716513, 0.1704243419462955, 0.1402520944562775]], "radius": 0.09854023675301374, "volume": 0.00042893748834415646, "num_verts": 3235, "num_faces": 6294, "num_hulls": 0}