{"bbox": [[-0.0869493020730329, -0.09661020230336671, -0.11110185264887458], [0.08694630207296138, -0.09661020230336671, -0.11110185264887458], [0.08694630207296138, 0.09661020230336671, -0.11110185264887458], [-0.0869493020730329, 0.09661020230336671, -0.11110185264887458], [-0.0869493020730329, -0.09661020230336671, 0.11110185264887458], [0.08694630207296138, -0.09661020230336671, 0.11110185264887458], [0.08694630207296138, 0.09661020230336671, 0.11110185264887458], [-0.0869493020730329, 0.09661020230336671, 0.11110185264887458]], "aabb": [[-0.08694930374622345, -0.09661020338535309, -0.11110185086727142], [0.08694630116224289, 0.09661020338535309, 0.11110185086727142]], "obb": [[[-0.9230893708683848, -4.0120317359538645e-06, -0.3845855085331654, -1.0186393203184588e-06], [-9.26569341051898e-18, 0.9999999999455859, -1.0432092855056219e-05, -3.271623362450301e-11], [0.3845855085540923, -9.62975403041085e-06, -0.9230893708181556, -1.741769039525768e-06], [0.0, 0.0, 0.0, 1.0]], [0.1779576160818495, 0.1932246064658288, 0.2311820853782224]], "radius": 0.14782336691425857, "volume": 0.0027643367768111324, "num_verts": 1560, "num_faces": 2924, "num_hulls": 0}