{"bbox": [[-0.0340728, -0.0921971, -0.0340728], [0.0340728, -0.0921971, -0.0340728], [0.0340728, 0.0921971, -0.0340728], [-0.0340728, 0.0921971, -0.0340728], [-0.0340728, -0.0921971, 0.0340728], [0.0340728, -0.0921971, 0.0340728], [0.0340728, 0.0921971, 0.0340728], [-0.0340728, 0.0921971, 0.0340728]], "aabb": [[-0.03407280147075653, -0.09219709783792496, -0.03407280147075653], [0.03407280147075653, 0.09219709783792496, 0.03407280147075653]], "obb": [[[-0.8944271909999154, 0.4472135954999587, 6.123233995736766e-17, 3.1031676915590966e-18], [2.7383934913210054e-17, -8.215180473963043e-17, 1.0, -5.700426571027985e-34], [0.44721359549995876, 0.8944271909999155, 6.123233995736766e-17, 6.20633538311818e-18], [0.0, 0.0, 0.0, 1.0]], [0.09138840000000005, 0.1843942, 0.09138840000000006]], "radius": 0.09786070981660618, "volume": 0.00045967366122812305, "num_verts": 818, "num_faces": 1628, "num_hulls": 0}