{"bbox": [[-0.02719109792548386, -0.05211623602384674, -0.011329619135618658], [0.02719109792548386, -0.05211623602384674, -0.011329619135618658], [0.02719109792548386, 0.05211623602384674, -0.011329619135618658], [-0.02719109792548386, 0.05211623602384674, -0.011329619135618658], [-0.02719109792548386, -0.05211623602384674, 0.011329619135618658], [0.02719109792548386, -0.05211623602384674, 0.011329619135618658], [0.02719109792548386, 0.05211623602384674, 0.011329619135618658], [-0.02719109792548386, 0.05211623602384674, 0.011329619135618658]], "aabb": [[-0.027191098779439926, -0.052116237580776215, -0.011329619213938713], [0.027191098779439926, 0.052116237580776215, 0.011329619213938713]], "obb": [[[6.068062430062862e-17, 1.0, 8.201298137527023e-18, -3.6195122134170244e-20], [0.13393736289086922, 1.5547525879699527e-33, -0.9909897995548893, -0.00015648412681232616], [-0.9909897995548892, 6.123233995736765e-17, -0.13393736289086922, 0.0005911112029912738], [0.0, 0.0, 0.0, 1.0]], [0.05438219585096772, 0.10578029214576767, 0.02492472925043561]], "radius": 0.05880439065035971, "volume": 5.9720321306715674e-05, "num_verts": 132, "num_faces": 260, "num_hulls": 0}