{"bbox": [[-0.015020998853988736, -0.057580495606956814, -0.015020998853988736], [0.015020998853988736, -0.057580495606956814, -0.015020998853988736], [0.015020998853988736, 0.057580495606956814, -0.015020998853988736], [-0.015020998853988736, 0.057580495606956814, -0.015020998853988736], [-0.015020998853988736, -0.057580495606956814, 0.015020998853988736], [0.015020998853988736, -0.057580495606956814, 0.015020998853988736], [0.015020998853988736, 0.057580495606956814, 0.015020998853988736], [-0.015020998853988736, 0.057580495606956814, 0.015020998853988736]], "aabb": [[-0.015020999126136303, -0.05758049711585045, -0.015020999126136303], [0.015020999126136303, 0.05758049711585045, 0.015020999126136303]], "obb": [[[0.986374110285167, 0.16451782444205088, 6.123233995736766e-17, 1.7110863252074153e-18], [-7.047180620140959e-17, 5.032418349084522e-17, 1.0, -1.2224909661207316e-34], [0.16451782444205085, -0.986374110285167, 6.123233995736767e-17, 2.8539293227625656e-19], [0.0, 0.0, 0.0, 1.0]], [0.034103976462943456, 0.11516099121391363, 0.034103976462943456]], "radius": 0.05882535633127441, "volume": 6.238358681755085e-05, "num_verts": 587, "num_faces": 1170, "num_hulls": 0}