{"bbox": [[-0.09850895248436337, -0.014990518856314175, -0.06799259481257669], [0.09850895248436337, -0.014990518856314175, -0.06799259481257669], [0.09850895248436337, 0.014990518856314175, -0.06799259481257669], [-0.09850895248436337, 0.014990518856314175, -0.06799259481257669], [-0.09850895248436337, -0.014990518856314175, 0.06799259481257669], [0.09850895248436337, -0.014990518856314175, 0.06799259481257669], [0.09850895248436337, 0.014990518856314175, 0.06799259481257669], [-0.09850895248436337, 0.014990518856314175, 0.06799259481257669]], "aabb": [[-0.09850895404815674, -0.014990518800914288, -0.06799259781837463], [0.09850895404815674, 0.014990518800914288, 0.06799259781837463]], "obb": [[[7.604084562054421e-18, 6.0758352138844e-17, -1.0, -4.81604264168776e-21], [0.9922591914851914, -0.12418412504484855, 0.0, -0.00012426206798006947], [-0.12418412504484853, -0.9922591914851911, -6.123233995736766e-17, 7.865194511659813e-05], [0.0, 0.0, 0.0, 1.0]], [0.19701790496872673, 0.045204795247927844, 0.1393890030846957]], "radius": 0.11813264760096018, "volume": 0.0005701524234498466, "num_verts": 290, "num_faces": 576, "num_hulls": 0}