{"bbox": [[-0.07506224, -0.014739519999999999, -0.07165032], [0.07492576, -0.014739519999999999, -0.07165032], [0.07492576, 0.014739519999999999, -0.07165032], [-0.07506224, 0.014739519999999999, -0.07165032], [-0.07506224, -0.014739519999999999, 0.07163896], [0.07492576, -0.014739519999999999, 0.07163896], [0.07492576, 0.014739519999999999, 0.07163896], [-0.07506224, 0.014739519999999999, 0.07163896]], "aabb": [[-0.07506223767995834, -0.01473951991647482, -0.07165031880140305], [0.07492575794458389, 0.01473951991647482, 0.07163895666599274]], "obb": [[[-6.123233995736766e-17, 0.44717464507195853, 0.8944466651538077, 2.087787827262443e-06], [-1.0, 2.7387512387070365e-17, -8.215061216179315e-17, -1.7345686540415877e-18], [-6.123233995736766e-17, -0.8944466651538078, 0.4471746450719586, -4.616221908452911e-06], [0.0, 0.0, 0.0, 1.0]], [0.1539336893597679, 0.02947904000000002, 0.14476450139922542]], "radius": 0.07862003703701148, "volume": 0.00021405314029574425, "num_verts": 780, "num_faces": 1544, "num_hulls": 0}