{"bbox": [[-0.07309163442355084, -0.09339491287453362, -0.07309163442355084], [0.07309163442355084, -0.09339491287453362, -0.07309163442355084], [0.07309163442355084, 0.09339491287453362, -0.07309163442355084], [-0.07309163442355084, 0.09339491287453362, -0.07309163442355084], [-0.07309163442355084, -0.09339491287453362, 0.07309163442355084], [0.07309163442355084, -0.09339491287453362, 0.07309163442355084], [0.07309163442355084, 0.09339491287453362, 0.07309163442355084], [-0.07309163442355084, 0.09339491287453362, 0.07309163442355084]], "aabb": [[-0.07309163361787796, -0.09339491277933121, -0.07309163361787796], [0.07309163361787796, 0.09339491277933121, 0.07309163361787796]], "obb": [[[-0.3713282333802344, -0.9285016656391706, -6.123233995736765e-17, 0.0006305606866156944], [-3.4117033019292544e-17, 7.959162626350708e-17, -1.0, 1.1991424027406048e-19], [0.9285016656391706, -0.3713282333802344, -6.123233995736766e-17, -0.002588908846387956], [0.0, 0.0, 0.0, 1.0]], [0.188602390730934, 0.18678982574906727, 0.18776303935565525]], "radius": 0.11749516663793566, "volume": 0.002468624248455893, "num_verts": 1811, "num_faces": 3470, "num_hulls": 0}