{"bbox": [[-0.030443757677325614, -0.05386199589065584, -0.00702545946399998], [0.030443757677325614, -0.05386199589065584, -0.00702545946399998], [0.030443757677325614, 0.05386199589065584, -0.00702545946399998], [-0.030443757677325614, 0.05386199589065584, -0.00702545946399998], [-0.030443757677325614, -0.05386199589065584, 0.00702545946399998], [0.030443757677325614, -0.05386199589065584, 0.00702545946399998], [0.030443757677325614, 0.05386199589065584, 0.00702545946399998], [-0.030443757677325614, 0.05386199589065584, 0.00702545946399998]], "aabb": [[-0.03044375777244568, -0.05386199429631233, -0.007025459315627813], [0.03044375777244568, 0.05386199429631233, 0.007025459315627813]], "obb": [[[-0.006411936839376441, 0.9999794432485406, -1.209573238592464e-05, -1.0298520283603129e-05], [-0.012831104692207086, -9.436890937113411e-05, -0.99991767353462, -1.4211679555280459e-05], [-0.9998971196169861, -0.006411253765671641, 0.012831446013863467, 6.407489052645238e-05], [0.0, 0.0, 0.0, 1.0]], [0.060987789612518245, 0.10791118349497919, 0.014912196050822099]], "radius": 0.058953819022786375, "volume": 7.593281196232801e-05, "num_verts": 311, "num_faces": 618, "num_hulls": 0}