{"bbox": [[-0.03445163737154866, -0.049524296221596056, -0.03445163737154866], [0.03445163737154866, -0.049524296221596056, -0.03445163737154866], [0.03445163737154866, 0.049524296221596056, -0.03445163737154866], [-0.03445163737154866, 0.049524296221596056, -0.03445163737154866], [-0.03445163737154866, -0.049524296221596056, 0.03445163737154866], [0.03445163737154866, -0.049524296221596056, 0.03445163737154866], [0.03445163737154866, 0.049524296221596056, 0.03445163737154866], [-0.03445163737154866, 0.049524296221596056, 0.03445163737154866]], "aabb": [[-0.03445163741707802, -0.04952429607510567, -0.03445163741707802], [0.03445163741707802, 0.04952429607510567, 0.03445163741707802]], "obb": [[[0.4475056475955011, -0.8942811030789479, 6.36084212347695e-05, -1.1743224521347418e-07], [6.576975369891055e-09, -7.112470298351315e-05, -0.9999999974706384, 3.5953630336408386e-07], [0.8942811053411177, 0.4475056464640158, -3.182282460388601e-05, 3.338110532614854e-07], [0.0, 0.0, 0.0, 1.0]], [0.0917459719772864, 0.09905718800284914, 0.0917426044219158]], "radius": 0.05880591097560201, "volume": 9.71567448415767e-05, "num_verts": 4274, "num_faces": 8300, "num_hulls": 0}