{"bbox": [[-0.11754945280259735, -0.08943975213240987, -0.11754945280259735], [0.11754945280259735, -0.08943975213240987, -0.11754945280259735], [0.11754945280259735, 0.08943720213234907, -0.11754945280259735], [-0.11754945280259735, 0.08943720213234907, -0.11754945280259735], [-0.11754945280259735, -0.08943975213240987, 0.11754945280259735], [0.11754945280259735, -0.08943975213240987, 0.11754945280259735], [0.11754945280259735, 0.08943720213234907, 0.11754945280259735], [-0.11754945280259735, 0.08943720213234907, 0.11754945280259735]], "aabb": [[-0.11754944920539856, -0.0894397497177124, -0.11754944920539856], [0.11754944920539856, 0.08943720161914825, 0.11754944920539856]], "obb": [[[1.1256289957947087e-16, 0.9191458276610166, -0.3939174374070594, -1.275585427841797e-17], [1.0, -1.2246467991473532e-16, 0.0, -1.2750000304012632e-06], [-4.8240972884888317e-17, -0.3939174374070594, -0.9191458276610168, 5.4667641173750986e-18], [0.0, 0.0, 0.0, 1.0]], [0.30834752518840086, 0.17887695426475897, 0.3083475251884009]], "radius": 0.14770926823992675, "volume": 0.006265971332067794, "num_verts": 640, "num_faces": 1272, "num_hulls": 0}