{"bbox": [[-0.06224267525126073, -0.09958691240212156, -0.057912715581610444], [0.06224267525126073, -0.09958691240212156, -0.057912715581610444], [0.06224267525126073, 0.09958835240201168, -0.057912715581610444], [-0.06224267525126073, 0.09958835240201168, -0.057912715581610444], [-0.06224267525126073, -0.09958691240212156, 0.057912715581610444], [0.06224267525126073, -0.09958691240212156, 0.057912715581610444], [0.06224267525126073, 0.09958835240201168, 0.057912715581610444], [-0.06224267525126073, 0.09958835240201168, 0.057912715581610444]], "aabb": [[-0.06224267557263374, -0.09958691149950027, -0.057912714779376984], [0.06224267557263374, 0.09958834946155548, 0.057912714779376984]], "obb": [[[-0.3846614024523475, -0.9230577427651675, -9.478748382069439e-05, 5.237148078199523e-06], [-0.00014654481864298188, -4.161965766559813e-05, 0.9999999883962103, -6.243109962032745e-07], [-0.9230577359992218, 0.384661411879432, -0.00011925985362328613, 1.131425325496506e-05], [0.0, 0.0, 0.0, 1.0]], [0.13099109771982534, 0.19920361322137567, 0.12167348125605039]], "radius": 0.11761506640177892, "volume": 0.0009950875238608208, "num_verts": 1482, "num_faces": 2904, "num_hulls": 0}