{"bbox": [[-0.07406670176588778, -0.13628280324923522, -0.07406670176588778], [0.07406670176588778, -0.13628280324923522, -0.07406670176588778], [0.07406670176588778, 0.13627950324915655, -0.07406670176588778], [-0.07406670176588778, 0.13627950324915655, -0.07406670176588778], [-0.07406670176588778, -0.13628280324923522, 0.07406670176588778], [0.07406670176588778, -0.13628280324923522, 0.07406670176588778], [0.07406670176588778, 0.13627950324915655, 0.07406670176588778], [-0.07406670176588778, 0.13627950324915655, 0.07406670176588778]], "aabb": [[-0.07406669855117798, -0.1362828016281128, -0.07406669855117798], [0.07406669855117798, 0.13627950847148895, 0.07406669855117798]], "obb": [[[0.894163531121288, -0.4477405271054983, 6.123233995736766e-17, -1.0103336333910894e-22], [-2.7335525146684146e-17, 8.216792548351387e-17, 1.0, -1.650000039349342e-06], [-0.4477405271054983, -0.894163531121288, 6.123233995736766e-17, -1.0103336333910893e-22], [0.0, 0.0, 0.0, 1.0]], [0.19556404866429197, 0.27256230649839175, 0.19556404866429197]], "radius": 0.14712050090650997, "volume": 0.00416462127067589, "num_verts": 1028, "num_faces": 2048, "num_hulls": 0}