{"bbox": [[-0.03426611738570271, -0.11360279133279486, -0.03426611738570271], [0.03426611738570271, -0.11360279133279486, -0.03426611738570271], [0.03426611738570271, 0.11360279133279486, -0.03426611738570271], [-0.03426611738570271, 0.11360279133279486, -0.03426611738570271], [-0.03426611738570271, -0.11360279133279486, 0.03426611738570271], [0.03426611738570271, -0.11360279133279486, 0.03426611738570271], [0.03426611738570271, 0.11360279133279486, 0.03426611738570271], [-0.03426611738570271, 0.11360279133279486, 0.03426611738570271]], "aabb": [[-0.034266117960214615, -0.11360279470682144, -0.034266117960214615], [0.034266117960214615, 0.11360279470682144, 0.034266117960214615]], "obb": [[[-0.9949648579250472, 0.10022440568140521, 6.09240264261005e-17, 6.9039555872580315e-18], [6.123233995736767e-17, -7.664930453963359e-34, 1.0, -4.248847104521535e-34], [0.10022440568140521, 0.994964857925047, -6.136974880708935e-18, -6.954465176054276e-19], [0.0, 0.0, 0.0, 1.0]], [0.07427139440738947, 0.2272055826655897, 0.07427139440738945]], "radius": 0.11759132880389948, "volume": 0.0006622801559213571, "num_verts": 548, "num_faces": 1092, "num_hulls": 0}