{"bbox": [[-0.016718398724487403, -0.05696639565380892, -0.016718398724487403], [0.016718398724487403, -0.05696639565380892, -0.016718398724487403], [0.016718398724487403, 0.05696639565380892, -0.016718398724487403], [-0.016718398724487403, 0.05696639565380892, -0.016718398724487403], [-0.016718398724487403, -0.05696639565380892, 0.016718398724487403], [0.016718398724487403, -0.05696639565380892, 0.016718398724487403], [0.016718398724487403, 0.05696639565380892, 0.016718398724487403], [-0.016718398724487403, 0.05696639565380892, 0.016718398724487403]], "aabb": [[-0.01671839877963066, -0.0569663941860199, -0.01671839877963066], [0.01671839877963066, 0.0569663941860199, 0.01671839877963066]], "obb": [[[0.7071067811865476, 0.7071067811865475, -6.123233995736766e-17, 2.4532694666933983e-18], [-1.232595164407831e-32, -8.659560562354932e-17, -1.0, -3.0043885998320043e-34], [-0.7071067811865475, 0.7071067811865476, -6.123233995736766e-17, 2.4532694666933987e-18], [0.0, 0.0, 0.0, 1.0]], [0.04664003644164762, 0.11393279130761784, 0.04664003644164762]], "radius": 0.05878142535430596, "volume": 7.732636430811747e-05, "num_verts": 933, "num_faces": 1858, "num_hulls": 0}