{"bbox": [[-0.01857083858315746, -0.05339111592658112, -0.025534858051844935], [0.01857083858315746, -0.05339111592658112, -0.025534858051844935], [0.01857083858315746, 0.05339111592658112, -0.025534858051844935], [-0.01857083858315746, 0.05339111592658112, -0.025534858051844935], [-0.01857083858315746, -0.05339111592658112, 0.025534858051844935], [0.01857083858315746, -0.05339111592658112, 0.025534858051844935], [0.01857083858315746, 0.05339111592658112, 0.025534858051844935], [-0.01857083858315746, 0.05339111592658112, 0.025534858051844935]], "aabb": [[-0.01857083849608898, -0.053391117602586746, -0.0255348589271307], [0.01857083849608898, 0.053391117602586746, 0.0255348589271307]], "obb": [[[-0.9898995675482422, 0.1417703994767705, -8.68093329665343e-18, 4.918648803419277e-19], [-0.0, -6.123233995736766e-17, -1.0, -2.1244235522607673e-34], [-0.1417703994767705, -0.9898995675482423, 6.061386684376521e-17, -3.43440403737045e-18], [0.0, 0.0, 0.0, 1.0]], [0.04356221747475715, 0.10678223185316224, 0.055255679404748355]], "radius": 0.058689964802084896, "volume": 0.0001236304630446456, "num_verts": 559, "num_faces": 1106, "num_hulls": 0}