{"bbox": [[-0.07625896, -0.0198936, -0.07625896], [0.07625896, -0.0198936, -0.07625896], [0.07625896, 0.0198936, -0.07625896], [-0.07625896, 0.0198936, -0.07625896], [-0.07625896, -0.0198936, 0.07625896], [0.07625896, -0.0198936, 0.07625896], [0.07625896, 0.0198936, 0.07625896], [-0.07625896, 0.0198936, 0.07625896]], "aabb": [[-0.07625895738601685, -0.019893599674105644, -0.07625895738601685], [0.07625895738601685, 0.019893599674105644, 0.07625895738601685]], "obb": [[[-3.9481130182502125e-05, -0.3938454301653555, 0.9191766835484384, 9.944708536362785e-05], [-0.9999999992206201, 1.5549462712317175e-05, -3.629013433215615e-05, 3.56051607241956e-07], [-6.123320421653357e-17, -0.9191766842648263, -0.3938454304723107, -4.272953694587945e-05], [0.0, 0.0, 0.0, 1.0]], [0.2002746315675597, 0.039800277542015636, 0.20015823493297533]], "radius": 0.0792463461585151, "volume": 0.0003685745992871769, "num_verts": 1670, "num_faces": 3224, "num_hulls": 0}