{"bbox": [[-0.06884376, -0.02394568, -0.041904880000000005], [0.06884376, -0.02394568, -0.041904880000000005], [0.06884376, 0.02394568, -0.041904880000000005], [-0.06884376, 0.02394568, -0.041904880000000005], [-0.06884376, -0.02394568, 0.041904880000000005], [0.06884376, -0.02394568, 0.041904880000000005], [0.06884376, 0.02394568, 0.041904880000000005], [-0.06884376, 0.02394568, 0.041904880000000005]], "aabb": [[-0.06884375959634781, -0.023945679888129234, -0.04190488159656525], [0.06884375959634781, 0.023945679888129234, 0.04190488159656525]], "obb": [[[0.004412444960256439, 0.01319873611032996, -0.9999031571580135, 1.0453677844113933e-05], [-0.9999023066801158, -0.013203749298566282, -0.004586730888572819, 2.207714513088797e-05], [-0.0132630096605667, 0.9998257119966212, 0.013139185864932118, -0.0001678021837861245], [0.0, 0.0, 0.0, 1.0]], [0.13867813147818972, 0.04980319490946163, 0.08517694662470239]], "radius": 0.07886382625625009, "volume": 0.00034741556721317064, "num_verts": 857, "num_faces": 1710, "num_hulls": 0}