{"bbox": [[-0.07044270000000001, -0.03369, -0.06738], [0.07044270000000001, -0.03369, -0.06738], [0.07044270000000001, 0.03369, -0.06738], [-0.07044270000000001, 0.03369, -0.06738], [-0.07044270000000001, -0.03369, 0.0673742], [0.07044270000000001, -0.03369, 0.0673742], [0.07044270000000001, 0.03369, 0.0673742], [-0.07044270000000001, 0.03369, 0.0673742]], "aabb": [[-0.07044269889593124, -0.03369000181555748, -0.06738000363111496], [0.07044269889593124, 0.03369000181555748, 0.06737419962882996]], "obb": [[[-1.0054126131235087e-17, -6.04012748573394e-17, -1.0, 1.5330168523663788e-20], [-0.9864276769333511, 0.16419634033641636, -0.0, 0.0014869472363294451], [0.16419634033641636, 0.9864276769333512, -6.123233995736766e-17, -0.000250360651484775], [0.0, 0.0, 0.0, 1.0]], [0.14088540000000002, 0.08315931437664084, 0.14566973275413617]], "radius": 0.09765888953986727, "volume": 0.000716400296259278, "num_verts": 1403, "num_faces": 2790, "num_hulls": 0}