{"bbox": [[-0.0787737, -0.048032700000000005, -0.0883802], [0.0787737, -0.048032700000000005, -0.0883802], [0.0787737, 0.048032700000000005, -0.0883802], [-0.0787737, 0.048032700000000005, -0.0883802], [-0.0787737, -0.048032700000000005, 0.0883802], [0.0787737, -0.048032700000000005, 0.0883802], [0.0787737, 0.048032700000000005, 0.0883802], [-0.0787737, 0.048032700000000005, 0.0883802]], "aabb": [[-0.07877369970083237, -0.04803270101547241, -0.08838020265102386], [0.07877369970083237, 0.04803270101547241, 0.08838020265102386]], "obb": [[[2.2577640790800335e-16, -0.5369653811738702, 0.843604278925137, -9.468983229591091e-07], [1.0, 6.575929353075186e-17, -2.257764079080033e-16, 6.939147016959493e-18], [6.575929353075186e-17, 0.8436042789251371, 0.5369653811738702, -5.980257411713636e-07], [0.0, 0.0, 0.0, 1.0]], [0.23248611149376927, 0.09606540000000008, 0.22607355233554818]], "radius": 0.0981915720708249, "volume": 0.0006045928201961982, "num_verts": 1290, "num_faces": 2520, "num_hulls": 0}