{"bbox": [[-0.057033, -0.08198490000000001, -0.057033], [0.057033, -0.08198490000000001, -0.057033], [0.057033, 0.0819839, -0.057033], [-0.057033, 0.0819839, -0.057033], [-0.057033, -0.08198490000000001, 0.057033], [0.057033, -0.08198490000000001, 0.057033], [0.057033, 0.0819839, 0.057033], [-0.057033, 0.0819839, 0.057033]], "aabb": [[-0.0570329986512661, -0.08198489993810654, -0.0570329986512661], [0.0570329986512661, 0.08198390156030655, 0.0570329986512661]], "obb": [[[0.894427190999916, 0.4472135954999577, -1.6430360947926078e-16, -1.2412752918041104e-17], [-1.8369701987210297e-16, -0.0, -1.0, -5.000000000005e-07], [-0.44721359549995776, 0.894427190999916, 8.215180473963035e-17, 6.20637645902055e-18], [0.0, 0.0, 0.0, 1.0]], [0.15184548000000003, 0.16396880000000005, 0.15184548]], "radius": 0.09895087912904059, "volume": 0.0013851117219487402, "num_verts": 821, "num_faces": 1634, "num_hulls": 0}