{"bbox": [[-0.015449278821313566, -0.05684489566307864, -0.015449278821313566], [0.015449278821313566, -0.05684489566307864, -0.015449278821313566], [0.015449278821313566, 0.056853415662428616, -0.015449278821313566], [-0.015449278821313566, 0.056853415662428616, -0.015449278821313566], [-0.015449278821313566, -0.05684489566307864, 0.015449278821313566], [0.015449278821313566, -0.05684489566307864, 0.015449278821313566], [0.015449278821313566, 0.056853415662428616, 0.015449278821313566], [-0.015449278821313566, 0.056853415662428616, 0.015449278821313566]], "aabb": [[-0.015449278987944126, -0.05684489384293556, -0.015449278987944126], [0.015449278987944126, 0.05685341730713844, 0.015449278987944126]], "obb": [[[-0.3710646418767905, -0.9286070382830668, 6.123233995736767e-17, 2.2548318243838422e-18], [7.958193815251159e-17, 3.413962555739456e-17, 1.0, 4.259999674988135e-06], [-0.9286070382830668, 0.3710646418767905, 6.123233995736767e-17, 9.674427336466516e-19], [0.0, 0.0, 0.0, 1.0]], [0.03996599131523756, 0.11369831132550726, 0.039965991315237565]], "radius": 0.058776299050414156, "volume": 5.987705219076275e-05, "num_verts": 662, "num_faces": 1316, "num_hulls": 0}