{"bbox": [[-0.08068067384455309, -0.08836451325832266, -0.08068067384455309], [0.08068067384455309, -0.08836451325832266, -0.08068067384455309], [0.08068067384455309, 0.08836451325832266, -0.08068067384455309], [-0.08068067384455309, 0.08836451325832266, -0.08068067384455309], [-0.08068067384455309, -0.08836451325832266, 0.08068067384455309], [0.08068067384455309, -0.08836451325832266, 0.08068067384455309], [0.08068067384455309, 0.08836451325832266, 0.08068067384455309], [-0.08068067384455309, 0.08836451325832266, 0.08068067384455309]], "aabb": [[-0.08068067580461502, -0.08836451172828674, -0.08068067580461502], [0.08068067580461502, 0.08836451172828674, 0.08068067580461502]], "obb": [[[-0.894396451693606, -0.4472750688311244, -6.123233995736767e-17, 3.035490130481286e-07], [2.7378288517643825e-17, 8.215368665588867e-17, -1.0, -3.738685547773946e-23], [0.4472750688311244, -0.8943964516936062, -6.123233995736767e-17, 3.0702467242215806e-07], [0.0, 0.0, 0.0, 1.0]], [0.21208179667695906, 0.17672902651664535, 0.21208257362492297]], "radius": 0.11793367701990555, "volume": 0.0008486882825884084, "num_verts": 681, "num_faces": 1282, "num_hulls": 0}