{"bbox": [[-0.04226561677538935, -0.020213998457794306, -0.04042799691558861], [0.04226561677538935, -0.020213998457794306, -0.04042799691558861], [0.04226561677538935, 0.020213998457794306, -0.04042799691558861], [-0.04226561677538935, 0.020213998457794306, -0.04042799691558861], [-0.04226561677538935, -0.020213998457794306, 0.040424516915854115], [0.04226561677538935, -0.020213998457794306, 0.040424516915854115], [0.04226561677538935, 0.020213998457794306, 0.040424516915854115], [-0.04226561677538935, 0.020213998457794306, 0.040424516915854115]], "aabb": [[-0.04226561635732651, -0.02021399885416031, -0.04042799770832062], [0.04226561635732651, 0.02021399885416031, 0.040424518287181854]], "obb": [[[-1.0054126131235093e-17, -6.04012748573394e-17, -1.0, 9.198100412439098e-21], [-0.9864276769333511, 0.16419634033641647, -0.0, 0.0008921682737306277], [0.16419634033641647, 0.9864276769333512, -6.123233995736766e-17, -0.00015021637943026794], [0.0, 0.0, 0.0, 1.0]], [0.0845312335507787, 0.049895584819253505, 0.08740183298425104]], "radius": 0.058595329253451525, "volume": 0.00015474242857427018, "num_verts": 1403, "num_faces": 2790, "num_hulls": 0}