{"bbox": [[-0.04037865096270206, -0.1428781534064806, -0.04037865096270206], [0.04037865096270206, -0.1428781534064806, -0.04037865096270206], [0.04037865096270206, 0.1428781534064806, -0.04037865096270206], [-0.04037865096270206, 0.1428781534064806, -0.04037865096270206], [-0.04037865096270206, -0.1428781534064806, 0.04037865096270206], [0.04037865096270206, -0.1428781534064806, 0.04037865096270206], [0.04037865096270206, 0.1428781534064806, 0.04037865096270206], [-0.04037865096270206, 0.1428781534064806, 0.04037865096270206]], "aabb": [[-0.04037865251302719, -0.14287815988063812, -0.04037865251302719], [0.04037865251302719, 0.14287815988063812, 0.04037865251302719]], "obb": [[[0.7071067811865476, 0.7071067811865475, -6.123233995736766e-17, 4.906538933386797e-18], [-1.232595164407831e-32, -8.659560562354932e-17, -1.0, -6.0087771996640085e-34], [-0.7071067811865475, 0.7071067811865476, -6.123233995736766e-17, 4.9065389333867974e-18], [0.0, 0.0, 0.0, 1.0]], [0.11387910271508941, 0.2857563068129612, 0.11387910271508941]], "radius": 0.1469799868469267, "volume": 0.0010374165285046344, "num_verts": 1247, "num_faces": 2486, "num_hulls": 0}