{"bbox": [[-0.02504375808931289, -0.11520155121081915, -0.050087636178616626], [0.02504375808931289, -0.11520155121081915, -0.050087636178616626], [0.02504375808931289, 0.11488847123470526, -0.050087636178616626], [-0.02504375808931289, 0.11488847123470526, -0.050087636178616626], [-0.02504375808931289, -0.11520155121081915, 0.050087636178616626], [0.02504375808931289, -0.11520155121081915, 0.050087636178616626], [0.02504375808931289, 0.11488847123470526, 0.050087636178616626], [-0.02504375808931289, 0.11488847123470526, 0.050087636178616626]], "aabb": [[-0.025043757632374763, -0.11520154774188995, -0.05008763447403908], [0.025043757632374763, 0.11488847434520721, 0.05008763447403908]], "obb": [[[-0.9950120263581654, -0.0992659707092507, 0.009865822913885242, -0.00036964648051249335], [3.660867332889776e-17, 0.09890049878878565, 0.9950973275711927, -0.00026872110058205606], [-0.09975503697868075, 0.9901338083302074, -0.09840718570766288, -0.003201480607538951], [0.0, 0.0, 0.0, 1.0]], [0.054263697336981956, 0.2349211073296747, 0.11879916220423979]], "radius": 0.1174719540292312, "volume": 0.0005637954288252385, "num_verts": 683, "num_faces": 1358, "num_hulls": 0}