{"bbox": [[-0.052903915963751526, -0.0264512379819307, -0.052903915963751526], [0.052903915963751526, -0.0264512379819307, -0.052903915963751526], [0.052903915963751526, 0.026451957981875763, -0.052903915963751526], [-0.052903915963751526, 0.026451957981875763, -0.052903915963751526], [-0.052903915963751526, -0.0264512379819307, 0.052903915963751526], [0.052903915963751526, -0.0264512379819307, 0.052903915963751526], [0.052903915963751526, 0.026451957981875763, 0.052903915963751526], [-0.052903915963751526, 0.026451957981875763, 0.052903915963751526]], "aabb": [[-0.0529039166867733, -0.026451237499713898, -0.0529039166867733], [0.0529039166867733, 0.02645195834338665, 0.0529039166867733]], "obb": [[[-6.123233995736766e-17, -0.919129439703477, 0.3939556739918498, -4.008628544274535e-07], [-1.0, 8.040327407475101e-17, 3.2157618558745307e-17, 3.5999997253372e-07], [-6.123233995736766e-17, -0.3939556739918498, -0.9191294397034768, -1.2472488423923046e-07], [0.0, 0.0, 0.0, 1.0]], [0.13880381245826334, 0.05290319596380647, 0.13880408971361852]], "radius": 0.05926367822623989, "volume": 7.542241656310027e-05, "num_verts": 2767, "num_faces": 5398, "num_hulls": 0}