{"bbox": [[-0.03931456, -0.07233888000000001, -0.04403232], [0.03931456, -0.07233888000000001, -0.04403232], [0.03931456, 0.07233888000000001, -0.04403232], [-0.03931456, 0.07233888000000001, -0.04403232], [-0.03931456, -0.07233888000000001, 0.04403232], [0.03931456, -0.07233888000000001, 0.04403232], [0.03931456, 0.07233888000000001, 0.04403232], [-0.03931456, 0.07233888000000001, 0.04403232]], "aabb": [[-0.03931456059217453, -0.07233887910842896, -0.044032320380210876], [0.03931456059217453, 0.07233887910842896, 0.044032320380210876]], "obb": [[[-0.9999993157716358, -0.0008939314764459507, -0.0007545480604319541, -3.6394140750748544e-05], [-0.0008271892389143942, 0.08426183943198, 0.9964433040436884, -0.0005423351216664917], [-0.0008271724264666265, 0.9964432464029522, -0.08426252122813711, -0.0001452470520324083], [0.0, 0.0, 0.0, 1.0]], [0.07883573052618699, 0.15477508768801135, 0.09326739381118586]], "radius": 0.07902668952155381, "volume": 0.00036415366143336726, "num_verts": 3406, "num_faces": 6708, "num_hulls": 0}