{"bbox": [[-0.03887255703425926, -0.042572876751947264, -0.031468257599162476], [0.03887255703425926, -0.042572876751947264, -0.031468257599162476], [0.03887255703425926, 0.04257467675180994, -0.031468257599162476], [-0.03887255703425926, 0.04257467675180994, -0.031468257599162476], [-0.03887255703425926, -0.042572876751947264, 0.031468257599162476], [0.03887255703425926, -0.042572876751947264, 0.031468257599162476], [0.03887255703425926, 0.04257467675180994, 0.031468257599162476], [-0.03887255703425926, 0.04257467675180994, 0.031468257599162476]], "aabb": [[-0.03887255862355232, -0.042572878301143646, -0.03146825730800629], [0.03887255862355232, 0.0425746776163578, 0.03146825730800629]], "obb": [[[0.011509443469745464, 0.9999337641619153, -6.017720646064902e-17, -0.00010756111076512501], [0.057652052440515224, -0.0006635869917195003, -0.998336516662443, -2.9787898307818022e-08], [-0.9982703910065713, 0.011490297702308985, -0.05765587132547297, 1.4779681221517908e-05], [0.0, 0.0, 0.0, 1.0]], [0.0784569082186218, 0.09178268162328104, 0.06401875876431938]], "radius": 0.058340076653446774, "volume": 0.00011147763541757957, "num_verts": 1149, "num_faces": 2274, "num_hulls": 0}