{"bbox": [[-0.040860320000000006, -0.07229136, -0.04085824], [0.040860320000000006, -0.07229136, -0.04085824], [0.040860320000000006, 0.07228944000000001, -0.04085824], [-0.040860320000000006, 0.07228944000000001, -0.04085824], [-0.040860320000000006, -0.07229136, 0.040860320000000006], [0.040860320000000006, -0.07229136, 0.040860320000000006], [0.040860320000000006, 0.07228944000000001, 0.040860320000000006], [-0.040860320000000006, 0.07228944000000001, 0.040860320000000006]], "aabb": [[-0.04086032137274742, -0.07229135930538177, -0.04085823893547058], [0.04086032137274742, 0.07228943705558777, 0.04086032137274742]], "obb": [[[-0.4472681830290714, 0.894399894085825, -4.369368497064385e-05, 1.3421305026459928e-06], [5.160386114626704e-05, -2.3046648177162445e-05, -0.999999998402947, -9.309443697765546e-07], [-0.8943998936644137, -0.4472681845695231, -3.584645548853116e-05, 1.1368625121968136e-06], [0.0, 0.0, 0.0, 1.0]], [0.1075040326826791, 0.14458863113194523, 0.10750253872080388]], "radius": 0.07831868489625193, "volume": 0.0002666574181451449, "num_verts": 3197, "num_faces": 6270, "num_hulls": 0}