{"bbox": [[-0.07406670176588778, -0.13628265324923164, -0.07406670176588778], [0.07406670176588778, -0.13628265324923164, -0.07406670176588778], [0.07406670176588778, 0.13628280324923522, -0.07406670176588778], [-0.07406670176588778, 0.13628280324923522, -0.07406670176588778], [-0.07406670176588778, -0.13628265324923164, 0.07406670176588778], [0.07406670176588778, -0.13628265324923164, 0.07406670176588778], [0.07406670176588778, 0.13628280324923522, 0.07406670176588778], [-0.07406670176588778, 0.13628280324923522, 0.07406670176588778]], "aabb": [[-0.07406669855117798, -0.13628265261650085, -0.07406669855117798], [0.07406669855117798, 0.1362828016281128, 0.07406669855117798]], "obb": [[[0.894163531121288, -0.4477405271054983, 6.123233995736766e-17, 4.592425606554888e-24], [-2.7335525146684146e-17, 8.216792548351387e-17, 1.0, 7.50000017923913e-08], [-0.4477405271054983, -0.894163531121288, 6.123233995736766e-17, 4.592425606554888e-24], [0.0, 0.0, 0.0, 1.0]], [0.19556404866429197, 0.27256545649846686, 0.19556404866429197]], "radius": 0.14712132541081177, "volume": 0.004164543619001253, "num_verts": 1060, "num_faces": 2112, "num_hulls": 0}