{"bbox": [[-0.015582778811128328, -0.05734469562494693, -0.015582778811128328], [0.015582778811128328, -0.05734469562494693, -0.015582778811128328], [0.015582778811128328, 0.05734469562494693, -0.015582778811128328], [-0.015582778811128328, 0.05734469562494693, -0.015582778811128328], [-0.015582778811128328, -0.05734469562494693, 0.015582778811128328], [0.015582778811128328, -0.05734469562494693, 0.015582778811128328], [0.015582778811128328, 0.05734469562494693, 0.015582778811128328], [-0.015582778811128328, 0.05734469562494693, 0.015582778811128328]], "aabb": [[-0.015582778491079807, -0.057344697415828705, -0.015582778491079807], [0.015582778491079807, 0.057344697415828705, 0.015582778491079807]], "obb": [[[-0.371066820897616, -0.9286061675591739, 6.123233995736766e-17, 2.8982715695361034e-18], [7.958201826259414e-17, 3.4139438814389176e-17, 1.0, -3.353280766594688e-34], [-0.9286061675591738, 0.371066820897616, 6.123233995736766e-17, 2.578051512236327e-18], [0.0, 0.0, 0.0, 1.0]], [0.04031141943498457, 0.11468939124989386, 0.04031141943498457]], "radius": 0.058819160189916266, "volume": 6.019834783965831e-05, "num_verts": 718, "num_faces": 1432, "num_hulls": 0}