{"bbox": [[-0.029089900000000002, -0.0955811, -0.029089900000000002], [0.029089900000000002, -0.0955811, -0.029089900000000002], [0.029089900000000002, 0.0955811, -0.029089900000000002], [-0.029089900000000002, 0.0955811, -0.029089900000000002], [-0.029089900000000002, -0.0955811, 0.029089900000000002], [0.029089900000000002, -0.0955811, 0.029089900000000002], [0.029089900000000002, 0.0955811, 0.029089900000000002], [-0.029089900000000002, 0.0955811, 0.029089900000000002]], "aabb": [[-0.029089899733662605, -0.09558109939098358, -0.029089899733662605], [0.029089899733662605, 0.09558109939098358, 0.029089899733662605]], "obb": [[[0.9898870026126956, 0.1418581053674876, 6.061309746336028e-17, -3.434360443993116e-18], [6.123233995736767e-17, 1.525162415913213e-33, -1.0, -2.1244235522607677e-34], [-0.1418581053674876, 0.9898870026126955, -8.686303733570083e-18, 4.921691712771445e-19], [0.0, 0.0, 0.0, 1.0]], [0.06517881671340923, 0.1911622, 0.06517881671340921]], "radius": 0.09799507357469557, "volume": 0.0003031472233522769, "num_verts": 1169, "num_faces": 2330, "num_hulls": 0}