{"bbox": [[-0.03439575082005861, -0.14383680342933663, -0.03439575082005861], [0.03439575082005861, -0.14383680342933663, -0.03439575082005861], [0.03439575082005861, 0.14383680342933663, -0.03439575082005861], [-0.03439575082005861, 0.14383680342933663, -0.03439575082005861], [-0.03439575082005861, -0.14383680342933663, 0.03439575082005861], [0.03439575082005861, -0.14383680342933663, 0.03439575082005861], [0.03439575082005861, 0.14383680342933663, 0.03439575082005861], [-0.03439575082005861, 0.14383680342933663, 0.03439575082005861]], "aabb": [[-0.03439575061202049, -0.14383679628372192, -0.03439575061202049], [0.03439575061202049, 0.14383679628372192, 0.03439575061202049]], "obb": [[[-0.894425425197496, -0.4472171270873676, 6.123233995736767e-17, 1.1144632489776399e-08], [8.215191286277719e-17, -2.7383610541635205e-17, 1.0, -2.729674646191075e-24], [-0.4472171270873676, 0.894425425197496, 6.123233995736767e-17, 3.343433751351893e-08], [0.0, 0.0, 0.0, 1.0]], [0.09192337854444677, 0.28767360685867327, 0.09192337854444677]], "radius": 0.1470044459590054, "volume": 0.0008175694756676841, "num_verts": 864, "num_faces": 1720, "num_hulls": 0}