{"bbox": [[-0.05579344, -0.055792400000000006, -0.05578992000000001], [0.05579344, -0.055792400000000006, -0.05578992000000001], [0.05579344, 0.05579344, -0.05578992000000001], [-0.05579344, 0.05579344, -0.05578992000000001], [-0.05579344, -0.055792400000000006, 0.05579344], [0.05579344, -0.055792400000000006, 0.05579344], [0.05579344, 0.05579344, 0.05579344], [-0.05579344, 0.05579344, 0.05579344]], "aabb": [[-0.05579344183206558, -0.05579239875078201, -0.055789921432733536], [0.05579344183206558, 0.05579344183206558, 0.05579344183206558]], "obb": [[[-0.8948658615368394, 0.4463349464742555, 0.0004532237347454781, 2.582006632318697e-05], [-0.0005067209627311633, -5.010011333440497e-07, -0.999999871616799, 6.0322648629201264e-06], [-0.44633488894528084, -0.894865976309063, 0.00022661560258881784, 1.1832914618240048e-05], [0.0, 0.0, 0.0, 1.0]], [0.14847296869037266, 0.11168591857158612, 0.1484489535969714]], "radius": 0.0785612756086254, "volume": 0.0001521926853725283, "num_verts": 2818, "num_faces": 5552, "num_hulls": 0}