{"bbox": [[-0.08396387359406482, -0.09196043298397576, -0.08795879328927664], [0.08396387359406482, -0.09196043298397576, -0.08795879328927664], [0.08396387359406482, 0.09196043298397576, -0.08795879328927664], [-0.08396387359406482, 0.09196043298397576, -0.08795879328927664], [-0.08396387359406482, -0.09196043298397576, 0.0879603532891576], [0.08396387359406482, -0.09196043298397576, 0.0879603532891576], [0.08396387359406482, 0.09196043298397576, 0.0879603532891576], [-0.08396387359406482, 0.09196043298397576, 0.0879603532891576]], "aabb": [[-0.08396387100219727, -0.09196043014526367, -0.08795879036188126], [0.08396387100219727, 0.09196043014526367, 0.08796035498380661]], "obb": [[[0.7071173867011978, 6.123233995736767e-17, 0.7070961755128284, -5.699954568322966e-07], [-1.2988106971277797e-21, 1.0, -8.659560561380919e-17, 3.6739566473011676e-23], [-0.7070961755128284, 6.123233995736766e-17, 0.707117386701198, -3.0007196971088885e-08], [0.0, 0.0, 0.0, 1.0]], [0.22923256283554333, 0.18392086596795154, 0.22923400209569708]], "radius": 0.11640839031424598, "volume": 0.0009370021454466487, "num_verts": 2674, "num_faces": 5140, "num_hulls": 0}