{"bbox": [[-0.005691351999999999, -0.04339272, -0.06545056], [0.005691351999999999, -0.04339272, -0.06545056], [0.005691351999999999, 0.04339656, -0.06545056], [-0.005691351999999999, 0.04339656, -0.06545056], [-0.005691351999999999, -0.04339272, 0.0652684], [0.005691351999999999, -0.04339272, 0.0652684], [0.005691351999999999, 0.04339656, 0.0652684], [-0.005691351999999999, 0.04339656, 0.0652684]], "aabb": [[-0.00569135183468461, -0.04339272156357765, -0.06545055657625198], [0.00569135183468461, 0.04339655861258507, 0.06526839733123779]], "obb": [[[0.9999763745615119, -0.006873724167364407, -4.7274578984027004e-05, -0.0001300584048639452], [-0.006873886732760996, -0.9999527254147876, -0.006877253574177109, -0.00042136297006872803], [-0.0, 0.006877416056147099, -0.999976350294541, -0.00014083464206044144], [0.0, 0.0, 0.0, 1.0]], [0.012014659661945348, 0.08781882547150609, 0.1308331654007763]], "radius": 0.07787261599920732, "volume": 5.2149528430423285e-05, "num_verts": 736, "num_faces": 1448, "num_hulls": 0}