{"bbox": [[-0.03477971734651815, -0.0386440770516909, -0.04444073660944087], [0.0347785173466097, -0.0386440770516909, -0.04444073660944087], [0.0347785173466097, 0.0386440770516909, -0.04444073660944087], [-0.03477971734651815, 0.0386440770516909, -0.04444073660944087], [-0.03477971734651815, -0.0386440770516909, 0.04444073660944087], [0.0347785173466097, -0.0386440770516909, 0.04444073660944087], [0.0347785173466097, 0.0386440770516909, 0.04444073660944087], [-0.03477971734651815, 0.0386440770516909, 0.04444073660944087]], "aabb": [[-0.03477971628308296, -0.03864407539367676, -0.04444073513150215], [0.03477851673960686, 0.03864407539367676, 0.04444073513150215]], "obb": [[[-0.9230893708683846, -4.012031736040664e-06, -0.38458550853316553, -4.07455687325743e-07], [-5.654453142998491e-17, 0.9999999999455859, -1.0432092855168429e-05, -1.3086491226566484e-11], [0.38458550855409246, -9.62975403049625e-06, -0.9230893708181553, -6.967075460418244e-07], [0.0, 0.0, 0.0, 1.0]], [0.07118303930476882, 0.07728983484685169, 0.09247282489144815]], "radius": 0.05912934084473925, "volume": 0.00017691750056857784, "num_verts": 1560, "num_faces": 2924, "num_hulls": 0}