{"bbox": [[-0.10529159196688904, -0.05264579598344452, -0.10528967196703552], [0.10529159196688904, -0.05264579598344452, -0.10528967196703552], [0.10529159196688904, 0.05264579598344452, -0.10528967196703552], [-0.10529159196688904, 0.05264579598344452, -0.10528967196703552], [-0.10529159196688904, -0.05264579598344452, 0.10529159196688904], [0.10529159196688904, -0.05264579598344452, 0.10529159196688904], [0.10529159196688904, 0.05264579598344452, 0.10529159196688904], [-0.10529159196688904, 0.05264579598344452, 0.10529159196688904]], "aabb": [[-0.10529159009456635, -0.05264579504728317, -0.10528967529535294], [0.10529159009456635, 0.05264579504728317, 0.10529159009456635]], "obb": [[[-6.123233995736767e-17, -0.9284431228223499, 0.37147458551546003, -1.3717148482761145e-06], [-1.0, 7.959700303354308e-17, 3.41044868219333e-17, 6.939001223247546e-18], [-6.123233995736766e-17, -0.37147458551546003, -0.92844312282235, -3.809429856935171e-07], [0.0, 0.0, 0.0, 1.0]], [0.2731792550066461, 0.10529159196688909, 0.2735320799684543]], "radius": 0.11763078866097304, "volume": 0.0020496600679800175, "num_verts": 1963, "num_faces": 3870, "num_hulls": 0}