{"bbox": [[-0.04723, -0.06790576, -0.02325032], [0.047238800000000004, -0.06790576, -0.02325032], [0.047238800000000004, 0.06790576, -0.02325032], [-0.04723, 0.06790576, -0.02325032], [-0.04723, -0.06790576, 0.02325032], [0.047238800000000004, -0.06790576, 0.02325032], [0.047238800000000004, 0.06790576, 0.02325032], [-0.04723, 0.06790576, 0.02325032]], "aabb": [[-0.04723000153899193, -0.06790576130151749, -0.023250320926308632], [0.047238800674676895, 0.06790576130151749, 0.023250320926308632]], "obb": [[[-0.01212850252093494, 0.9979379974587251, 0.0630289826561511, 0.0001035640911745912], [0.18857110265461297, 0.0641853038324952, -0.9799597879584415, 0.00025156024733907393], [-0.981984642787362, 6.473192888989356e-17, -0.18896074018106754, -0.0006363548708211714], [0.0, 0.0, 0.0, 1.0]], [0.09909603891243861, 0.1419804291874391, 0.051388048229730414]], "radius": 0.07850715415124918, "volume": 0.0002698160168000533, "num_verts": 490, "num_faces": 972, "num_hulls": 0}