{"bbox": [[-0.03164375758577289, -0.11643347111683112, -0.03164375758577289], [0.03164375758577289, -0.11643347111683112, -0.03164375758577289], [0.03164375758577289, 0.11644919111563178, -0.03164375758577289], [-0.03164375758577289, 0.11644919111563178, -0.03164375758577289], [-0.03164375758577289, -0.11643347111683112, 0.03164375758577289], [0.03164375758577289, -0.11643347111683112, 0.03164375758577289], [0.03164375758577289, 0.11644919111563178, 0.03164375758577289], [-0.03164375758577289, 0.11644919111563178, 0.03164375758577289]], "aabb": [[-0.03164375573396683, -0.11643347144126892, -0.03164375573396683], [0.03164375573396683, 0.11644919216632843, 0.03164375573396683]], "obb": [[[-0.44773236485092205, -0.8941676182153997, -6.123233995736766e-17, 3.102748403708387e-18], [-2.733627520296726e-17, 8.216767595190292e-17, -1.0, 7.859999400325335e-06], [0.8941676182153997, -0.44773236485092205, -6.123233995736766e-17, 1.5538649746783604e-18], [0.0, 0.0, 0.0, 1.0]], [0.08355108965583967, 0.2328826622324629, 0.08355108965583967]], "radius": 0.11765141169264111, "volume": 0.0004986367777376643, "num_verts": 1047, "num_faces": 2086, "num_hulls": 0}