{"bbox": [[-0.05013833617474852, -0.03160895758842792, -0.02370671819132094], [0.05013833617474852, -0.03160895758842792, -0.02370671819132094], [0.05013833617474852, 0.03160895758842792, -0.02370671819132094], [-0.05013833617474852, 0.03160895758842792, -0.02370671819132094], [-0.05013833617474852, -0.03160895758842792, 0.02397917817053389], [0.05013833617474852, -0.03160895758842792, 0.02397917817053389], [0.05013833617474852, 0.03160895758842792, 0.02397917817053389], [-0.05013833617474852, 0.03160895758842792, 0.02397917817053389]], "aabb": [[-0.050138335675001144, -0.031608957797288895, -0.023706717416644096], [0.050138335675001144, 0.031608957797288895, 0.023979177698493004]], "obb": [[[-6.11769750010761e-17, -2.603302973600267e-18, -1.0, 1.7169875761284838e-20], [-0.04251516397075121, 0.9990958216470232, 7.710691617996417e-34, 0.00029022284019053946], [0.9990958216470233, 0.04251516397075121, -6.123233995736767e-17, -0.00028040535072217023], [0.0, 0.0, 0.0, 1.0]], [0.10027667234949704, 0.06601665655246171, 0.04942147057094287]], "radius": 0.05875779721919068, "volume": 0.0001644924741399134, "num_verts": 990, "num_faces": 1940, "num_hulls": 0}