{"bbox": [[-0.03020183769578265, -0.11577371116716681, -0.03020183769578265], [0.03020183769578265, -0.11577371116716681, -0.03020183769578265], [0.03020183769578265, 0.11576855116756049, -0.03020183769578265], [-0.03020183769578265, 0.11576855116756049, -0.03020183769578265], [-0.03020183769578265, -0.11577371116716681, 0.03020183769578265], [0.03020183769578265, -0.11577371116716681, 0.03020183769578265], [0.03020183769578265, 0.11576855116756049, 0.03020183769578265], [-0.03020183769578265, 0.11576855116756049, 0.03020183769578265]], "aabb": [[-0.030201837420463562, -0.11577370762825012, -0.030201837420463562], [0.030201837420463562, 0.11576855182647705, 0.030201837420463562]], "obb": [[[0.9863729431966117, 0.16452482162170418, -6.123233995736766e-17, 3.9928207627340966e-18], [-5.0323683573598764e-17, -7.04721631915297e-17, -1.0, -2.579999803159483e-06], [-0.1645248216217042, 0.9863729431966118, -6.123233995736767e-17, 2.8512004809418297e-18], [0.0, 0.0, 0.0, 1.0]], [0.06857112305986349, 0.2315422623347273, 0.06857112305986349]], "radius": 0.11767944981946034, "volume": 0.0004903356387586523, "num_verts": 1051, "num_faces": 2094, "num_hulls": 0}