{"bbox": [[-0.05507363579821504, -0.02155055835582288, -0.05507363579821504], [0.05507363579821504, -0.02155055835582288, -0.05507363579821504], [0.05507363579821504, 0.02155055835582288, -0.05507363579821504], [-0.05507363579821504, 0.02155055835582288, -0.05507363579821504], [-0.05507363579821504, -0.02155055835582288, 0.05507363579821504], [0.05507363579821504, -0.02155055835582288, 0.05507363579821504], [0.05507363579821504, 0.02155055835582288, 0.05507363579821504], [-0.05507363579821504, 0.02155055835582288, 0.05507363579821504]], "aabb": [[-0.05507363751530647, -0.021550558507442474, -0.05507363751530647], [0.05507363751530647, 0.021550558507442474, 0.05507363751530647]], "obb": [[[-6.123233995736765e-17, -0.9284991506508755, 0.3713345220156655, -2.428911203256304e-06], [-1.0, 7.959185733275141e-17, 3.411649395281168e-17, 3.469582050740965e-18], [-6.123233995736766e-17, -0.3713345220156655, -0.9284991506508755, 2.2258057070446722e-07], [0.0, 0.0, 0.0, 1.0]], [0.14287777192109308, 0.04310111671164578, 0.1430640841108416]], "radius": 0.05915112183800949, "volume": 0.00011218862767829098, "num_verts": 1741, "num_faces": 3406, "num_hulls": 0}