{"bbox": [[-0.14448015344467527, -0.015790200376467712, -0.14448015344467527], [0.14448015344467527, -0.015790200376467712, -0.14448015344467527], [0.14448015344467527, 0.015790200376467712, -0.14448015344467527], [-0.14448015344467527, 0.015790200376467712, -0.14448015344467527], [-0.14448015344467527, -0.015790200376467712, 0.14448015344467527], [0.14448015344467527, -0.015790200376467712, 0.14448015344467527], [0.14448015344467527, 0.015790200376467712, 0.14448015344467527], [-0.14448015344467527, 0.015790200376467712, 0.14448015344467527]], "aabb": [[-0.1444801539182663, -0.015790199860930443, -0.1444801539182663], [0.1444801539182663, 0.015790199860930443, 0.1444801539182663]], "obb": [[[7.559647313491872e-05, 0.005744616163454364, 0.9999834966989745, -1.0667468345425864e-06], [0.9999999959515208, 4.83720114804412e-05, -7.587560366580509e-05, 3.5944406613020505e-06], [-4.880708940180498e-05, 0.9999834983864899, -0.005744612483443937, 6.795516288268676e-07], [0.0, 0.0, 0.0, 1.0]], [0.2908836655999646, 0.03163497105442595, 0.29034162319071466]], "radius": 0.14779184498138145, "volume": 0.0009361397502583566, "num_verts": 1077, "num_faces": 2102, "num_hulls": 0}