{"bbox": [[-0.13600185324253686, -0.0561636013390446, -0.13600185324253686], [0.13600185324253686, -0.0561636013390446, -0.13600185324253686], [0.13600185324253686, 0.0561636013390446, -0.13600185324253686], [-0.13600185324253686, 0.0561636013390446, -0.13600185324253686], [-0.13600185324253686, -0.0561636013390446, 0.13600185324253686], [0.13600185324253686, -0.0561636013390446, 0.13600185324253686], [0.13600185324253686, 0.0561636013390446, 0.13600185324253686], [-0.13600185324253686, 0.0561636013390446, 0.13600185324253686]], "aabb": [[-0.136001855134964, -0.05616360157728195, -0.136001855134964], [0.136001855134964, 0.05616360157728195, 0.136001855134964]], "obb": [[[-6.123233995736766e-17, -0.3939184942566371, 0.9191453747272974, -6.210855525003049e-06], [-1.0, 8.040197321136073e-17, -3.2160870899727175e-17, 1.267686201134775e-21], [-6.123233995736766e-17, -0.9191453747272973, -0.3939184942566371, -1.4492031250471931e-05], [0.0, 0.0, 0.0, 1.0]], [0.3561076269323985, 0.11232720267808927, 0.35550722366191967]], "radius": 0.14714129017185862, "volume": 0.004887822389425688, "num_verts": 703, "num_faces": 1402, "num_hulls": 0}