{"bbox": [[-0.03514487731865865, -0.047548976372301, -0.03514487731865865], [0.03514487731865865, -0.047548976372301, -0.03514487731865865], [0.03514487731865865, 0.04754849637233762, -0.03514487731865865], [-0.03514487731865865, 0.04754849637233762, -0.03514487731865865], [-0.03514487731865865, -0.047548976372301, 0.03514487731865865], [0.03514487731865865, -0.047548976372301, 0.03514487731865865], [0.03514487731865865, 0.04754849637233762, 0.03514487731865865], [-0.03514487731865865, 0.04754849637233762, 0.03514487731865865]], "aabb": [[-0.035144876688718796, -0.04754897579550743, -0.035144876688718796], [0.035144876688718796, 0.04754849523305893, 0.035144876688718796]], "obb": [[[0.7071067811865476, 0.7071067811865475, 4.329780281177467e-17, 1.0391471881906056e-23], [6.123233995736766e-17, -0.0, -1.0, -2.399999816868337e-07], [-0.7071067811865475, 0.7071067811865476, -4.329780281177466e-17, -1.0391471881906053e-23], [0.0, 0.0, 0.0, 1.0]], [0.09854051248195553, 0.09509747274463862, 0.09854051248195553]], "radius": 0.058792202491415604, "volume": 0.0003486111903614251, "num_verts": 736, "num_faces": 1460, "num_hulls": 0}