{"bbox": [[-0.03311576, -0.06347192, -0.046914080000000004], [0.03311576, -0.06347192, -0.046914080000000004], [0.03311576, 0.06347192, -0.046914080000000004], [-0.03311576, 0.06347192, -0.046914080000000004], [-0.03311576, -0.06347192, 0.046914080000000004], [0.03311576, -0.06347192, 0.046914080000000004], [0.03311576, 0.06347192, 0.046914080000000004], [-0.03311576, 0.06347192, 0.046914080000000004]], "aabb": [[-0.03311575949192047, -0.06347192078828812, -0.046914078295230865], [0.03311575949192047, 0.06347192078828812, 0.046914078295230865]], "obb": [[[0.8641678425107504, 0.5032036459762623, 0.0001750614499463074, -0.004916279012420208], [0.0001732828076501716, 5.030968528877173e-05, -0.999999983721002, 7.68340408202829e-07], [-0.5032036465918975, 0.8641678587781033, -4.3720528401177e-05, 0.00416048307284273], [0.0, 0.0, 0.0, 1.0]], [0.10304735671408881, 0.12696887750848987, 0.1100398097507791]], "radius": 0.07839309676928692, "volume": 0.00016220339219939845, "num_verts": 2548, "num_faces": 4984, "num_hulls": 0}