{"bbox": [[-0.09640815229854946, -0.07175460171076302, -0.10314720245922095], [0.09642030229883915, -0.07175460171076302, -0.10314720245922095], [0.09642030229883915, 0.07119405169739847, -0.10314720245922095], [-0.09640815229854946, 0.07119405169739847, -0.10314720245922095], [-0.09640815229854946, -0.07175460171076302, 0.10314720245922095], [0.09642030229883915, -0.07175460171076302, 0.10314720245922095], [0.09642030229883915, 0.07119405169739847, 0.10314720245922095], [-0.09640815229854946, 0.07119405169739847, 0.10314720245922095]], "aabb": [[-0.09640815109014511, -0.07175460457801819, -0.10314720124006271], [0.0964203029870987, 0.07119405269622803, 0.10314720124006271]], "obb": [[[-3.0600365999427473e-18, 1.0, 6.115583073314969e-17, 6.0750001448507116e-06], [0.998750509546569, 0.0, 0.04997419014320315, 0.0009376222937100422], [0.04997419014320315, 6.123233995736766e-17, -0.998750509546569, -0.0013555747159909872], [0.0, 0.0, 0.0, 1.0]], [0.19282845459738862, 0.1533523734807747, 0.21215575508729448]], "radius": 0.14706237209801318, "volume": 0.0022226014545440958, "num_verts": 1042, "num_faces": 2032, "num_hulls": 0}