{"bbox": [[-0.027516597900650187, -0.1150694312208991, -0.027516597900650187], [0.027516597900650187, -0.1150694312208991, -0.027516597900650187], [0.027516597900650187, 0.1150694312208991, -0.027516597900650187], [-0.027516597900650187, 0.1150694312208991, -0.027516597900650187], [-0.027516597900650187, -0.1150694312208991, 0.027516597900650187], [0.027516597900650187, -0.1150694312208991, 0.027516597900650187], [0.027516597900650187, 0.1150694312208991, 0.027516597900650187], [-0.027516597900650187, 0.1150694312208991, 0.027516597900650187]], "aabb": [[-0.027516597881913185, -0.1150694340467453, -0.027516597881913185], [0.027516597881913185, 0.1150694340467453, 0.027516597881913185]], "obb": [[[-0.8944254251974961, -0.4472171270873673, 6.123233995736766e-17, 8.915705098740044e-09], [8.215191286277718e-17, -2.7383610541635217e-17, 1.0, -2.1837394982089225e-24], [-0.4472171270873673, 0.894425425197496, 6.123233995736766e-17, 2.6747467331536624e-08], [0.0, 0.0, 0.0, 1.0]], [0.07353869547170089, 0.2301388624417982, 0.07353869547170089]], "radius": 0.11760354499087856, "volume": 0.00041859544579266506, "num_verts": 864, "num_faces": 1720, "num_hulls": 0}