{"bbox": [[-0.013238158990008622, -0.06729419486586037, -0.10149287225670836], [0.01296239901104744, -0.06729419486586037, -0.10149287225670836], [0.01296239901104744, 0.06729419486586037, -0.10149287225670836], [-0.013238158990008622, 0.06729419486586037, -0.10149287225670836], [-0.013238158990008622, -0.06729419486586037, 0.10149287225670836], [0.01296239901104744, -0.06729419486586037, 0.10149287225670836], [0.01296239901104744, 0.06729419486586037, 0.10149287225670836], [-0.013238158990008622, 0.06729419486586037, 0.10149287225670836]], "aabb": [[-0.013238159008324146, -0.06729419529438019, -0.10149287432432175], [0.012962399050593376, 0.06729419529438019, 0.10149287432432175]], "obb": [[[0.9997834926357958, -0.018908768422807046, 0.00868483331458145, 0.0001486910900002087], [0.018898452606797046, 0.9998206038116559, 0.0012683385841858663, -6.29057752109612e-05], [-0.008707258009158494, -0.0011039340687485364, 0.9999614817519392, 5.3950824588161184e-05], [0.0, 0.0, 0.0, 1.0]], [0.030420689991513955, 0.1356223143120433, 0.20340182712100457]], "radius": 0.11718542009414126, "volume": 0.0002820873535064652, "num_verts": 871, "num_faces": 1714, "num_hulls": 0}