{"bbox": [[-0.018851638561734118, -0.055946815731596704, -0.018851638561734118], [0.018851638561734118, -0.055946815731596704, -0.018851638561734118], [0.018851638561734118, 0.05594435573178438, -0.018851638561734118], [-0.018851638561734118, 0.05594435573178438, -0.018851638561734118], [-0.018851638561734118, -0.055946815731596704, 0.018851638561734118], [0.018851638561734118, -0.055946815731596704, 0.018851638561734118], [0.018851638561734118, 0.05594435573178438, 0.018851638561734118], [-0.018851638561734118, 0.05594435573178438, 0.018851638561734118]], "aabb": [[-0.018851637840270996, -0.05594681575894356, -0.018851637840270996], [0.018851637840270996, 0.05594435706734657, 0.018851637840270996]], "obb": [[[-0.4468031970180064, 0.8946322725759944, 6.123233995736766e-17, -7.531577240171766e-23], [-2.7421622197360417e-17, -8.2139232705051e-17, 1.0, -1.2299999061632372e-06], [0.8946322725759945, 0.44680319701800636, 6.123233995736766e-17, -7.531577240171766e-23], [0.0, 0.0, 0.0, 1.0]], [0.050340486655425995, 0.11189117146338108, 0.050340486655426]], "radius": 0.05875756279498442, "volume": 7.914132264097212e-05, "num_verts": 1470, "num_faces": 2928, "num_hulls": 0}