{"bbox": [[-0.0209009, -0.09614410000000001, -0.0209009], [0.0209009, -0.09614410000000001, -0.0209009], [0.0209009, 0.09614410000000001, -0.0209009], [-0.0209009, 0.09614410000000001, -0.0209009], [-0.0209009, -0.09614410000000001, 0.0209009], [0.0209009, -0.09614410000000001, 0.0209009], [0.0209009, 0.09614410000000001, 0.0209009], [-0.0209009, 0.09614410000000001, 0.0209009]], "aabb": [[-0.020900899544358253, -0.09614410251379013, -0.020900899544358253], [0.020900899544358253, 0.09614410251379013, 0.020900899544358253]], "obb": [[[0.7071067811865476, 0.7071067811865475, 4.329780281177467e-17, -2.4532694666933987e-18], [6.123233995736766e-17, -0.0, -1.0, -2.1244235522607673e-34], [-0.7071067811865475, 0.7071067811865476, -4.329780281177466e-17, 2.4532694666933983e-18], [0.0, 0.0, 0.0, 1.0]], [0.05781720000000001, 0.19228820000000002, 0.05781720000000001]], "radius": 0.09796673666828014, "volume": 0.0001429722248049417, "num_verts": 713, "num_faces": 1418, "num_hulls": 0}