{"bbox": [[-0.0411703168589541, -0.0371545171653353, -0.04619213647581967], [0.04117121685888543, -0.0371545171653353, -0.04619213647581967], [0.04117121685888543, 0.0371545171653353, -0.04619213647581967], [-0.0411703168589541, 0.0371545171653353, -0.04619213647581967], [-0.0411703168589541, -0.0371545171653353, 0.04619213647581967], [0.04117121685888543, -0.0371545171653353, 0.04619213647581967], [0.04117121685888543, 0.0371545171653353, 0.04619213647581967], [-0.0411703168589541, 0.0371545171653353, 0.04619213647581967]], "aabb": [[-0.04117031767964363, -0.03715451806783676, -0.04619213566184044], [0.04117121547460556, 0.03715451806783676, 0.04619213566184044]], "obb": [[[0.004496584250722625, -0.6005572860128148, 0.7995690882888096, 8.361072942723863e-05], [-0.9999896764656326, -0.002177568928027589, 0.003988126843901554, 4.937822480932059e-05], [-0.0006539818311793106, -0.7995787668582038, -0.6005608777611797, 0.00578845339972799], [0.0, 0.0, 0.0, 1.0]], [0.11432317588272527, 0.07507194711567393, 0.113994293184831]], "radius": 0.05882318029918534, "volume": 8.215735222341723e-05, "num_verts": 3761, "num_faces": 7358, "num_hulls": 0}