{"bbox": [[-0.11662725278061038, -0.1316529031388498, -0.11661585278033859], [0.11662725278061038, -0.1316529031388498, -0.11661585278033859], [0.11662725278061038, 0.13117215312738784, -0.11661585278033859], [-0.11662725278061038, 0.13117215312738784, -0.11661585278033859], [-0.11662725278061038, -0.1316529031388498, 0.11662725278061038], [0.11662725278061038, -0.1316529031388498, 0.11662725278061038], [0.11662725278061038, 0.13117215312738784, 0.11662725278061038], [-0.11662725278061038, 0.13117215312738784, 0.11662725278061038]], "aabb": [[-0.11662725359201431, -0.13165290653705597, -0.11661585420370102], [0.11662725359201431, 0.13117215037345886, 0.11662725359201431]], "obb": [[[-0.9484325224353322, 0.3169791008677906, 5.8074742640384e-17, -1.5877645816458726e-06], [6.123233995736765e-17, 2.9225833523022808e-33, 1.0, -0.00024037500573098614], [0.3169791008677906, 0.9484325224353324, -1.9409372063717287e-17, -3.7739691912211175e-06], [0.0, 0.0, 0.0, 1.0]], [0.29316270616830215, 0.26282505626623764, 0.29316673681999783]], "radius": 0.14698407215932147, "volume": 0.006782775059482384, "num_verts": 3200, "num_faces": 6320, "num_hulls": 0}