{"bbox": [[-0.019417678518548698, -0.05582573574083437, -0.019417678518548698], [0.019417678518548698, -0.05582573574083437, -0.019417678518548698], [0.019417678518548698, 0.05582573574083437, -0.019417678518548698], [-0.019417678518548698, 0.05582573574083437, -0.019417678518548698], [-0.019417678518548698, -0.05582573574083437, 0.019417678518548698], [0.019417678518548698, -0.05582573574083437, 0.019417678518548698], [0.019417678518548698, 0.05582573574083437, 0.019417678518548698], [-0.019417678518548698, 0.05582573574083437, 0.019417678518548698]], "aabb": [[-0.01941767893731594, -0.05582573637366295, -0.01941767893731594], [0.01941767893731594, 0.05582573637366295, 0.01941767893731594]], "obb": [[[0.8944360418072944, 0.4471958934472674, 6.123233995736766e-17, 3.103198398965773e-18], [-8.21512627571684e-17, 2.7385560806964728e-17, 1.0, -2.850194481719984e-34], [0.4471958934472674, -0.8944360418072945, 6.123233995736767e-17, 1.5515224294467951e-18], [0.0, 0.0, 0.0, 1.0]], [0.05096761990848397, 0.11165147148166873, 0.05096761990848397]], "radius": 0.05873045379824203, "volume": 9.771680048039785e-05, "num_verts": 774, "num_faces": 1540, "num_hulls": 0}