{"bbox": [[-0.038510600000000006, -0.0932423, -0.0385131], [0.0385131, -0.0932423, -0.0385131], [0.0385131, 0.0932423, -0.0385131], [-0.038510600000000006, 0.0932423, -0.0385131], [-0.038510600000000006, -0.0932423, 0.0385131], [0.0385131, -0.0932423, 0.0385131], [0.0385131, 0.0932423, 0.0385131], [-0.038510600000000006, 0.0932423, 0.0385131]], "aabb": [[-0.03851059824228287, -0.09324230253696442, -0.038513101637363434], [0.038513101637363434, 0.09324230253696442, 0.038513101637363434]], "obb": [[[0.44718067888859464, -0.8944436485293913, 5.84522544441733e-06, 6.227269765992059e-07], [-8.718693305931544e-07, -6.970935031716528e-06, -0.9999999999753229, 5.197964557561194e-08], [0.8944436485480656, 0.44718067887246327, -3.897105445067901e-06, -5.697274350573073e-08], [0.0, 0.0, 0.0, 1.0]], [0.10216252673922183, 0.18648551977654834, 0.1021619850466527]], "radius": 0.0981578590375162, "volume": 0.0008219605919923902, "num_verts": 1016, "num_faces": 1980, "num_hulls": 0}