{"bbox": [[-0.02962667773966387, -0.05451311584097932, -0.02962667773966387], [0.02962667773966387, -0.05451311584097932, -0.02962667773966387], [0.02962667773966387, 0.05451179584108003, -0.02962667773966387], [-0.02962667773966387, 0.05451179584108003, -0.02962667773966387], [-0.02962667773966387, -0.05451311584097932, 0.02962667773966387], [0.02962667773966387, -0.05451311584097932, 0.02962667773966387], [0.02962667773966387, 0.05451179584108003, 0.02962667773966387], [-0.02962667773966387, 0.05451179584108003, 0.02962667773966387]], "aabb": [[-0.029626676812767982, -0.0545131154358387, -0.029626676812767982], [0.029626676812767982, 0.054511796683073044, 0.029626676812767982]], "obb": [[[-0.4477405271054986, 0.8941635311212879, 6.123233995736766e-17, -4.041334128844675e-23], [-2.7335525146684127e-17, -8.216792548351388e-17, 1.0, -6.599999496439968e-07], [0.894163531121288, 0.44774052710549855, 6.123233995736766e-17, -4.0413341288446753e-23], [0.0, 0.0, 0.0, 1.0]], [0.07822561163253215, 0.10902491168205936, 0.07822561163253217]], "radius": 0.05884819446979263, "volume": 0.0002665356812539534, "num_verts": 1028, "num_faces": 2048, "num_hulls": 0}