{"bbox": [[-0.045626400000000004, -0.06558792000000001, -0.045626400000000004], [0.045626400000000004, -0.06558792000000001, -0.045626400000000004], [0.045626400000000004, 0.06558712, -0.045626400000000004], [-0.045626400000000004, 0.06558712, -0.045626400000000004], [-0.045626400000000004, -0.06558792000000001, 0.045626400000000004], [0.045626400000000004, -0.06558792000000001, 0.045626400000000004], [0.045626400000000004, 0.06558712, 0.045626400000000004], [-0.045626400000000004, 0.06558712, 0.045626400000000004]], "aabb": [[-0.04562639817595482, -0.06558792293071747, -0.04562639817595482], [0.04562639817595482, 0.065587118268013, 0.04562639817595482]], "obb": [[[-0.4472135954999577, -0.8944271909999161, 6.123233995736766e-17, -3.1031921844950725e-18], [8.215180473963039e-17, 2.7383934913210153e-17, 1.0, -3.999999999976245e-07], [-0.894427190999916, 0.4472135954999577, 6.123233995736766e-17, -6.206359876054166e-18], [0.0, 0.0, 0.0, 1.0]], [0.121476384, 0.13117504000000002, 0.12147638399999999]], "radius": 0.07916070330323248, "volume": 0.000709177201637755, "num_verts": 821, "num_faces": 1634, "num_hulls": 0}