{"bbox": [[-0.0825759536999547, -0.09739727256917782, -0.05505059579997286], [0.0825759536999547, -0.09739727256917782, -0.05505059579997286], [0.0825759536999547, 0.09739727256917782, -0.05505059579997286], [-0.0825759536999547, 0.09739727256917782, -0.05505059579997286], [-0.0825759536999547, -0.09739727256917782, 0.05505059579997286], [0.0825759536999547, -0.09739727256917782, 0.05505059579997286], [0.0825759536999547, 0.09739727256917782, 0.05505059579997286], [-0.0825759536999547, 0.09739727256917782, 0.05505059579997286]], "aabb": [[-0.0825759544968605, -0.09739727526903152, -0.055050596594810486], [0.0825759544968605, 0.09739727526903152, 0.055050596594810486]], "obb": [[[0.19618142667980737, -0.9805676145705372, 3.288345631547666e-05, 0.0001228015308996606], [6.451123377561162e-06, -3.2244452335546743e-05, -0.9999999994593392, 3.5451919700526105e-07], [0.9805676151006917, 0.19618142678587497, -6.123150834955187e-17, 0.0006110237813622448], [0.0, 0.0, 0.0, 1.0]], [0.18364895494083688, 0.19480350348027115, 0.1364141845112432]], "radius": 0.11776098797164941, "volume": 0.0006285522785314135, "num_verts": 3225, "num_faces": 6270, "num_hulls": 0}