{"bbox": [[-0.061795801473326716, -0.13699320326617248, -0.06254040149107937], [0.06254040149107937, -0.13699320326617248, -0.06254040149107937], [0.06254040149107937, 0.1369702532656253, -0.06254040149107937], [-0.061795801473326716, 0.1369702532656253, -0.06254040149107937], [-0.061795801473326716, -0.13699320326617248, 0.06254040149107937], [0.06254040149107937, -0.13699320326617248, 0.06254040149107937], [0.06254040149107937, 0.1369702532656253, 0.06254040149107937], [-0.061795801473326716, 0.1369702532656253, 0.06254040149107937]], "aabb": [[-0.06179580092430115, -0.1369931995868683, -0.06254040449857712], [0.06254040449857712, 0.13697025179862976, 0.06254040449857712]], "obb": [[[-0.6247452993307496, -0.780828603627932, 5.215923277300743e-05, 0.000118828116513043], [-8.155552168865626e-06, 7.332515131487314e-05, 0.9999999972784546, -1.1998034315557422e-05], [-0.7808286053274552, 0.6247452972050896, -5.217763201851303e-05, 5.2110602773302715e-05], [0.0, 0.0, 0.0, 1.0]], [0.1710538397765634, 0.27397948061266153, 0.17103586255031347]], "radius": 0.1475638354113974, "volume": 0.001724399764399419, "num_verts": 1317, "num_faces": 2550, "num_hulls": 0}