{"bbox": [[-0.040232996930465934, -0.11567003117507697, -0.040232996930465934], [0.040232996930465934, -0.11567003117507697, -0.040232996930465934], [0.040232996930465934, 0.11567003117507697, -0.040232996930465934], [-0.040232996930465934, 0.11567003117507697, -0.040232996930465934], [-0.040232996930465934, -0.11567003117507697, 0.040232996930465934], [0.040232996930465934, -0.11567003117507697, 0.040232996930465934], [0.040232996930465934, 0.11567003117507697, 0.040232996930465934], [-0.040232996930465934, 0.11567003117507697, 0.040232996930465934]], "aabb": [[-0.04023299738764763, -0.11567003279924393, -0.04023299738764763], [0.04023299738764763, 0.11567003279924393, 0.04023299738764763]], "obb": [[[-0.8944271909999162, 0.4472135954999571, 6.123233995736766e-17, 9.30950307467727e-18], [2.7383934913210214e-17, -8.215180473963038e-17, 1.0, -7.600568761370648e-34], [0.4472135954999571, 0.8944271909999164, 6.123233995736767e-17, 3.1031676915591008e-18], [0.0, 0.0, 0.0, 1.0]], [0.10560469594300106, 0.23134006235015395, 0.10560469594300109]], "radius": 0.11810356194943528, "volume": 0.0008892520355608723, "num_verts": 492, "num_faces": 980, "num_hulls": 0}