{"bbox": [[-0.03124397761627368, -0.04955933621892271, -0.029089197780670335], [0.03124397761627368, -0.04955933621892271, -0.029089197780670335], [0.03124397761627368, 0.04955765621905088, -0.029089197780670335], [-0.03124397761627368, 0.04955765621905088, -0.029089197780670335], [-0.03124397761627368, -0.04955933621892271, 0.029089197780670335], [0.03124397761627368, -0.04955933621892271, 0.029089197780670335], [0.03124397761627368, 0.04955765621905088, 0.029089197780670335], [-0.03124397761627368, 0.04955765621905088, 0.029089197780670335]], "aabb": [[-0.031243978068232536, -0.049559336155653, -0.029089197516441345], [0.031243978068232536, 0.049557656049728394, 0.029089197516441345]], "obb": [[[0.9230153122025974, 0.384763217368217, -6.123233995736767e-17, -5.143516164007308e-23], [-3.2958435253664074e-17, -8.00783395116265e-17, -1.0, -8.399999359143262e-07], [-0.384763217368217, 0.9230153122025974, -6.123233995736767e-17, -5.1435161640073084e-23], [0.0, 0.0, 0.0, 1.0]], [0.07617899115858673, 0.09911699243797359, 0.07966127846007987]], "radius": 0.058528672488632964, "volume": 0.00021011129246286642, "num_verts": 441, "num_faces": 874, "num_hulls": 0}