{"bbox": [[-0.05635416, -0.026952, -0.053904], [0.05635416, -0.026952, -0.053904], [0.05635416, 0.026952, -0.053904], [-0.05635416, 0.026952, -0.053904], [-0.05635416, -0.026952, 0.05389936], [0.05635416, -0.026952, 0.05389936], [0.05635416, 0.026952, 0.05389936], [-0.05635416, 0.026952, 0.05389936]], "aabb": [[-0.056354161351919174, -0.026952000334858894, -0.05390400066971779], [0.056354161351919174, 0.026952000334858894, 0.053899358958005905]], "obb": [[[-1.0054126131235087e-17, -6.04012748573394e-17, -1.0, 1.2264134818930921e-20], [-0.9864276769333511, 0.16419634033641636, -0.0, 0.0011895577890635536], [0.16419634033641636, 0.9864276769333512, -6.123233995736766e-17, -0.0002002885211878182], [0.0, 0.0, 0.0, 1.0]], [0.11270832000000001, 0.06652745150131267, 0.11653578620330891]], "radius": 0.07812711163189383, "volume": 0.0003667969516847503, "num_verts": 1403, "num_faces": 2790, "num_hulls": 0}