{"bbox": [[-0.040340336922276544, -0.04418225662916133, -0.040340336922276544], [0.040340336922276544, -0.04418225662916133, -0.040340336922276544], [0.040340336922276544, 0.04418225662916133, -0.040340336922276544], [-0.040340336922276544, 0.04418225662916133, -0.040340336922276544], [-0.040340336922276544, -0.04418225662916133, 0.040340336922276544], [0.040340336922276544, -0.04418225662916133, 0.040340336922276544], [0.040340336922276544, 0.04418225662916133, 0.040340336922276544], [-0.040340336922276544, 0.04418225662916133, 0.040340336922276544]], "aabb": [[-0.04034033790230751, -0.04418225586414337, -0.04034033790230751], [0.04034033790230751, 0.04418225586414337, 0.04034033790230751]], "obb": [[[-0.894396451693606, -0.4472750688311244, -6.123233995736767e-17, 1.517745065240643e-07], [2.7378288517643825e-17, 8.215368665588867e-17, -1.0, -1.869342773886973e-23], [0.4472750688311244, -0.8943964516936062, -6.123233995736767e-17, 1.5351233621107903e-07], [0.0, 0.0, 0.0, 1.0]], [0.10604089833847953, 0.08836451325832267, 0.10604128681246149]], "radius": 0.058966838509952775, "volume": 0.00010608603532355105, "num_verts": 681, "num_faces": 1282, "num_hulls": 0}