{"bbox": [[-0.05381273589441407, -0.018717478571969714, -0.02807621785795457], [0.05381273589441407, -0.018717478571969714, -0.02807621785795457], [0.05381273589441407, 0.018717478571969714, -0.02807621785795457], [-0.05381273589441407, 0.018717478571969714, -0.02807621785795457], [-0.05381273589441407, -0.018717478571969714, 0.02807621785795457], [0.05381273589441407, -0.018717478571969714, 0.02807621785795457], [0.05381273589441407, 0.018717478571969714, 0.02807621785795457], [-0.05381273589441407, 0.018717478571969714, 0.02807621785795457]], "aabb": [[-0.05381273478269577, -0.018717478960752487, -0.02807621844112873], [0.05381273478269577, 0.018717478960752487, 0.02807621844112873]], "obb": [[[-2.959875947998893e-17, 0.0016475368801637468, 0.9999986428101931, 0.0], [0.705738044384947, -0.7084719121247688, 0.0011672351879454066, -0.0], [0.7084728736569313, 0.7057370865644671, -0.0011627294558588185, 0.0], [0.0, 0.0, 0.0, 1.0]], [0.10775515995266044, 0.06261351319147325, 0.06261282719541633]], "radius": 0.059154015930416755, "volume": 0.00013718619708659086, "num_verts": 287, "num_faces": 570, "num_hulls": 0}