{"bbox": [[-0.01871435857220775, -0.05738147562214084, -0.01871435857220775], [0.01871435857220775, -0.05738147562214084, -0.01871435857220775], [0.01871435857220775, 0.057388555621600675, -0.01871435857220775], [-0.01871435857220775, 0.057388555621600675, -0.01871435857220775], [-0.01871435857220775, -0.05738147562214084, 0.01871435857220775], [0.01871435857220775, -0.05738147562214084, 0.01871435857220775], [0.01871435857220775, 0.057388555621600675, 0.01871435857220775], [-0.01871435857220775, 0.057388555621600675, 0.01871435857220775]], "aabb": [[-0.018714359030127525, -0.05738147720694542, -0.018714359030127525], [0.018714359030127525, 0.0573885552585125, 0.018714359030127525]], "obb": [[[-0.8945418366443665, -0.446984230698269, -6.123233995736765e-17, 3.103782211007697e-18], [2.7404999477797036e-17, 8.214478021719476e-17, -1.0, 3.5399997299206953e-06], [0.446984230698269, -0.8945418366443665, -6.123233995736766e-17, -1.5505713143005289e-18], [0.0, 0.0, 0.0, 1.0]], [0.04939621912505524, 0.11477003124374152, 0.04939621912505524]], "radius": 0.05911753872942273, "volume": 9.91334728583974e-05, "num_verts": 550, "num_faces": 1092, "num_hulls": 0}