{"bbox": [[-0.08978039315029959, -0.08978039315029959, -0.08978039315029959], [0.08978039315029959, -0.08978039315029959, -0.08978039315029959], [0.08978039315029959, 0.08978039315029959, -0.08978039315029959], [-0.08978039315029959, 0.08978039315029959, -0.08978039315029959], [-0.08978039315029959, -0.08978039315029959, 0.08978039315029959], [0.08978039315029959, -0.08978039315029959, 0.08978039315029959], [0.08978039315029959, 0.08978039315029959, 0.08978039315029959], [-0.08978039315029959, 0.08978039315029959, 0.08978039315029959]], "aabb": [[-0.08978039026260376, -0.08978039026260376, -0.08978039026260376], [0.08978039026260376, 0.08978039026260376, 0.08978039026260376]], "obb": [[[-0.3713411675951159, 0.9284964910088942, -5.859408252543645e-05, -7.741301298135373e-07], [1.4536112217636782e-05, 6.891995810748207e-05, 0.9999999975193704, -7.546342650592447e-08], [0.9284964927439401, 0.3713411658222258, -3.908954690122613e-05, -3.907734016641375e-07], [0.0, 0.0, 0.0, 1.0]], [0.2299118551991033, 0.17958454333986817, 0.2299061400380785]], "radius": 0.12073950142482408, "volume": 0.0013141275117620355, "num_verts": 2328, "num_faces": 4416, "num_hulls": 0}