{"bbox": [[-0.0495977, -0.09505930000000001, -0.0495977], [0.0495977, -0.09505930000000001, -0.0495977], [0.0495977, 0.0950622, -0.0495977], [-0.0495977, 0.0950622, -0.0495977], [-0.0495977, -0.09505930000000001, 0.0495977], [0.0495977, -0.09505930000000001, 0.0495977], [0.0495977, 0.0950622, 0.0495977], [-0.0495977, 0.0950622, 0.0495977]], "aabb": [[-0.04959769919514656, -0.09505929797887802, -0.04959769919514656], [0.04959769919514656, 0.09506220370531082, 0.04959769919514656]], "obb": [[[-0.8944271909999159, -0.44721359549995804, 6.123233995736767e-17, 8.878689293733715e-23], [8.21518047396304e-17, -2.7383934913210125e-17, 1.0, 1.4499999999861846e-06], [-0.44721359549995804, 0.8944271909999159, 6.123233995736766e-17, 8.878689293733716e-23], [0.0, 0.0, 0.0, 1.0]], [0.13142028, 0.1901215, 0.13142028]], "radius": 0.0986295911614258, "volume": 0.0007216882424137778, "num_verts": 1679, "num_faces": 3342, "num_hulls": 0}