{"bbox": [[-0.04484384, -0.06876056, -0.02989528], [0.04484384, -0.06876056, -0.02989528], [0.04484384, 0.06876056, -0.02989528], [-0.04484384, 0.06876056, -0.02989528], [-0.04484384, -0.06876056, 0.02989592], [0.04484384, -0.06876056, 0.02989592], [0.04484384, 0.06876056, 0.02989592], [-0.04484384, 0.06876056, 0.02989592]], "aabb": [[-0.04484384134411812, -0.06876055896282196, -0.029895279556512833], [0.04484384134411812, 0.06876055896282196, 0.029895920306444168]], "obb": [[[0.4472681616637853, 0.894399905837371, -6.123233995736766e-17, 0.0005985155095087814], [2.7378922964967745e-17, -8.21534752191753e-17, -1.0, -3.2960235162380984e-19], [-0.894399905837371, 0.4472681616637853, -6.123233995736767e-17, 0.00478429938623572], [0.0, 0.0, 0.0, 1.0]], [0.09984845138933733, 0.13752112, 0.09387220617607164]], "radius": 0.07843624542602227, "volume": 0.00027511480358568624, "num_verts": 1418, "num_faces": 2816, "num_hulls": 0}