{"bbox": [[-0.017291698680748084, -0.05681561566531252, -0.017291698680748084], [0.017291698680748084, -0.05681561566531252, -0.017291698680748084], [0.017291698680748084, 0.05681561566531252, -0.017291698680748084], [-0.017291698680748084, 0.05681561566531252, -0.017291698680748084], [-0.017291698680748084, -0.05681561566531252, 0.017289778680894572], [0.017291698680748084, -0.05681561566531252, 0.017289778680894572], [0.017291698680748084, 0.05681561566531252, 0.017289778680894572], [-0.017291698680748084, 0.05681561566531252, 0.017289778680894572]], "aabb": [[-0.01729169860482216, -0.05681561678647995, -0.01729169860482216], [0.01729169860482216, 0.05681561678647995, 0.0172897782176733]], "obb": [[[-0.8943880715465946, -0.44729182585328314, -6.123233995736767e-17, 6.363195727294148e-08], [2.7376749309955627e-17, 8.215419959155548e-17, -1.0, -5.624492816012569e-24], [0.44729182585328314, -0.8943880715465946, -6.123233995736766e-17, 2.822298114568764e-08], [0.0, 0.0, 0.0, 1.0]], [0.044466076085455095, 0.11363123133062504, 0.044466348524553036]], "radius": 0.05897603900711942, "volume": 8.548543358899786e-05, "num_verts": 780, "num_faces": 1536, "num_hulls": 0}