{"bbox": [[-0.07256550173009638, -0.11126700265281206, -0.08889270211936717], [0.07256550173009638, -0.11126700265281206, -0.08889270211936717], [0.07256550173009638, 0.11126700265281206, -0.08889270211936717], [-0.07256550173009638, 0.11126700265281206, -0.08889270211936717], [-0.07256550173009638, -0.11126700265281206, 0.08889270211936717], [0.07256550173009638, -0.11126700265281206, 0.08889270211936717], [0.07256550173009638, 0.11126700265281206, 0.08889270211936717], [-0.07256550173009638, 0.11126700265281206, 0.08889270211936717]], "aabb": [[-0.07256550341844559, -0.11126700043678284, -0.08889270573854446], [0.07256550341844559, 0.11126700043678284, 0.08889270573854446]], "obb": [[[-4.857204052414407e-17, 1.0, 3.728480033439297e-17, -6.540437432816306e-20], [0.6089069984970703, -1.5538710196725421e-32, 0.7932416196729021, 0.000819919872234818], [0.7932416196729019, 6.123233995736765e-17, -0.6089069984970703, 0.0010681344918992176], [0.0, 0.0, 0.0, 1.0]], [0.14513100346019275, 0.23663536412088043, 0.1915142830267245]], "radius": 0.14762155198419324, "volume": 0.001113461798017614, "num_verts": 495, "num_faces": 986, "num_hulls": 0}