{"bbox": [[-0.04562370108775379, -0.14473725345080501, -0.04247730101273777], [0.04562370108775379, -0.14473725345080501, -0.04247730101273777], [0.04562370108775379, 0.14473725345080501, -0.04247730101273777], [-0.04562370108775379, 0.14473725345080501, -0.04247730101273777], [-0.04562370108775379, -0.14473725345080501, 0.04247730101273777], [0.04562370108775379, -0.14473725345080501, 0.04247730101273777], [0.04562370108775379, 0.14473725345080501, 0.04247730101273777], [-0.04562370108775379, 0.14473725345080501, 0.04247730101273777]], "aabb": [[-0.04562370106577873, -0.14473725855350494, -0.04247730225324631], [0.04562370106577873, 0.14473725855350494, 0.04247730225324631]], "obb": [[[0.3711159131853348, -0.9285865489983229, -1.4518897567448868e-16, 1.5461861035834113e-17], [-1.0668093147687441e-16, 1.137190544962083e-16, -1.0, -2.3184165730916962e-33], [0.928586548998323, 0.3711159131853348, -5.685952724810415e-17, 1.2930956488053462e-18], [0.0, 0.0, 0.0, 1.0]], [0.11562942457191087, 0.28947450690161003, 0.11367472063714593]], "radius": 0.14694266404452413, "volume": 0.0012548666462110607, "num_verts": 767, "num_faces": 1530, "num_hulls": 0}