{"bbox": [[-0.04895507626502409, -0.10722059181971803, -0.04604099648735073], [0.04895507626502409, -0.10722059181971803, -0.04604099648735073], [0.04895507626502409, 0.10723487181862855, -0.04604099648735073], [-0.04895507626502409, 0.10723487181862855, -0.04604099648735073], [-0.04895507626502409, -0.10722059181971803, 0.04604099648735073], [0.04895507626502409, -0.10722059181971803, 0.04604099648735073], [0.04895507626502409, 0.10723487181862855, 0.04604099648735073], [-0.04895507626502409, 0.10723487181862855, 0.04604099648735073]], "aabb": [[-0.048955075442790985, -0.1072205901145935, -0.04604099690914154], [0.048955075442790985, 0.10723487287759781, 0.04604099690914154]], "obb": [[[-0.9231158673431472, -0.384521905044835, -6.123233995736766e-17, 4.371988739397714e-22], [3.2979368598435906e-17, 8.006972061995586e-17, -1.0, 7.139999455257895e-06], [0.384521905044835, -0.9231158673431471, -6.123233995736766e-17, 4.371988739397714e-22], [0.0, 0.0, 0.0, 1.0]], [0.11829267882950702, 0.21445546363834658, 0.12438349602889386]], "radius": 0.11724458571345155, "volume": 0.0011124644427334411, "num_verts": 568, "num_faces": 1124, "num_hulls": 0}