{"bbox": [[-0.11222387143799809, -0.0343417173799349, -0.11222387143799809], [0.11222387143799809, -0.0343417173799349, -0.11222387143799809], [0.11222387143799809, 0.0343417173799349, -0.11222387143799809], [-0.11222387143799809, 0.0343417173799349, -0.11222387143799809], [-0.11222387143799809, -0.0343417173799349, 0.11222387143799809], [0.11222387143799809, -0.0343417173799349, 0.11222387143799809], [0.11222387143799809, 0.0343417173799349, 0.11222387143799809], [-0.11222387143799809, 0.0343417173799349, 0.11222387143799809]], "aabb": [[-0.11222387105226517, -0.0343417190015316, -0.11222387105226517], [0.11222387105226517, 0.0343417190015316, 0.11222387105226517]], "obb": [[[9.394192124249613e-06, 0.6001001839549012, 0.7999248521761548, -6.110347488529241e-07], [0.9999999998774457, -1.565594496470975e-05, 1.1792735395619868e-09, 4.9925912564039e-07], [1.2524287143841484e-05, 0.7999248520781094, -0.6001001840284312, 1.685016885459459e-06], [0.0, 0.0, 0.0, 1.0]], [0.3146630432545964, 0.06868940258079503, 0.31446598192908204]], "radius": 0.11807489320698586, "volume": 0.0004846519399928775, "num_verts": 1305, "num_faces": 2550, "num_hulls": 0}