{"bbox": [[-0.01745393866837016, -0.0573486556246448, -0.01745393866837016], [0.01745393866837016, -0.0573486556246448, -0.01745393866837016], [0.01745393866837016, 0.0573486556246448, -0.01745393866837016], [-0.01745393866837016, 0.0573486556246448, -0.01745393866837016], [-0.01745393866837016, -0.0573486556246448, 0.01745393866837016], [0.01745393866837016, -0.0573486556246448, 0.01745393866837016], [0.01745393866837016, 0.0573486556246448, 0.01745393866837016], [-0.01745393866837016, 0.0573486556246448, 0.01745393866837016]], "aabb": [[-0.017453938722610474, -0.05734865739941597, -0.017453938722610474], [0.017453938722610474, 0.05734865739941597, 0.017453938722610474]], "obb": [[[0.9898870026126955, -0.14185810536748883, 6.123233995736767e-17, 3.4343604439931156e-18], [-5.19267937297901e-17, 6.929940119693041e-17, 1.0, -1.8015725623054432e-34], [-0.14185810536748883, -0.9898870026126955, 6.123233995736767e-17, -4.921691712771488e-19], [0.0, 0.0, 0.0, 1.0]], [0.03910728704439636, 0.1146973112492896, 0.03910728704439636]], "radius": 0.058797039658959216, "volume": 6.54797852569572e-05, "num_verts": 1169, "num_faces": 2330, "num_hulls": 0}