{"bbox": [[-0.0314442, -0.0425422, -0.0850844], [0.0314442, -0.0425422, -0.0850844], [0.0314442, 0.0425422, -0.0850844], [-0.0314442, 0.0425422, -0.0850844], [-0.0314442, -0.0425422, 0.0850844], [0.0314442, -0.0425422, 0.0850844], [0.0314442, 0.0425422, 0.0850844], [-0.0314442, 0.0425422, 0.0850844]], "aabb": [[-0.03144419938325882, -0.04254220053553581, -0.08508440107107162], [0.03144419938325882, 0.04254220053553581, 0.08508440107107162]], "obb": [[[0.9983525184676718, 6.123233995736765e-17, -0.05737812186937516, -0.0033509307441640475], [-6.46448574725275e-17, 1.0, -5.761806414368581e-17, 2.5928840837019784e-19], [0.05737812186937516, 6.123233995736766e-17, 0.9983525184676718, -0.0008835703144387184], [0.0, 0.0, 0.0, 1.0]], [0.0697901770801037, 0.08508440000000002, 0.1750657970593134]], "radius": 0.09751112874605647, "volume": 0.00035336647262655386, "num_verts": 960, "num_faces": 1828, "num_hulls": 0}