{"bbox": [[-0.026292, -0.0755896, -0.026291039999999998], [0.026292, -0.0755896, -0.026291039999999998], [0.026292, 0.0755896, -0.026291039999999998], [-0.026292, 0.0755896, -0.026291039999999998], [-0.026292, -0.0755896, 0.026292], [0.026292, -0.0755896, 0.026292], [0.026292, 0.0755896, 0.026292], [-0.026292, 0.0755896, 0.026292]], "aabb": [[-0.026291999965906143, -0.07558959722518921, -0.02629104070365429], [0.026291999965906143, 0.07558959722518921, 0.026291999965906143]], "obb": [[[-0.4477371880763087, 0.8941652030880649, -5.475182769353708e-17, 2.2295622784176e-07], [-0.0, -6.123233995736766e-17, -1.0, 1.2056625011739391e-24], [-0.8941652030880648, -0.44773718807630863, 2.7415995711844394e-17, 4.892371450646331e-07], [0.0, 0.0, 0.0, 1.0]], [0.06903826341042042, 0.1511792, 0.0690378641131334]], "radius": 0.07897882319581118, "volume": 0.00019561301648328078, "num_verts": 1924, "num_faces": 3724, "num_hulls": 0}