{"bbox": [[-0.05764091560234714, -0.10198007221953795, -0.05985791543320347], [0.05764091560234714, -0.10198007221953795, -0.05985791543320347], [0.05764091560234714, 0.10198007221953795, -0.05985791543320347], [-0.05764091560234714, 0.10198007221953795, -0.05985791543320347], [-0.05764091560234714, -0.10198007221953795, 0.05985791543320347], [0.05764091560234714, -0.10198007221953795, 0.05985791543320347], [0.05764091560234714, 0.10198007221953795, 0.05985791543320347], [-0.05764091560234714, 0.10198007221953795, 0.05985791543320347]], "aabb": [[-0.057640913873910904, -0.10198007524013519, -0.059857916086912155], [0.057640913873910904, 0.10198007524013519, 0.059857916086912155]], "obb": [[[0.8944723276156473, -0.4471233108772636, -6.123233995736766e-17, -0.00022266331540845522], [-8.214904022151964e-17, -2.7392227072518857e-17, -1.0, 5.429822537647567e-20], [0.4471233108772636, 0.8944723276156471, -6.123233995736765e-17, -0.0006640939996685156], [0.0, 0.0, 0.0, 1.0]], [0.1565061565131214, 0.2039601444390759, 0.15739037078206622]], "radius": 0.11734026370509872, "volume": 0.0017701983878558487, "num_verts": 872, "num_faces": 1732, "num_hulls": 0}