{"bbox": [[-0.05639744000000001, -0.06485704, -0.05639744000000001], [0.05639744000000001, -0.06485704, -0.05639744000000001], [0.05639744000000001, 0.06485448, -0.05639744000000001], [-0.05639744000000001, 0.06485448, -0.05639744000000001], [-0.05639744000000001, -0.06485704, 0.05639744000000001], [0.05639744000000001, -0.06485704, 0.05639744000000001], [0.05639744000000001, 0.06485448, 0.05639744000000001], [-0.05639744000000001, 0.06485448, 0.05639744000000001]], "aabb": [[-0.056397441774606705, -0.06485704332590103, -0.056397441774606705], [0.056397441774606705, 0.06485448032617569, 0.056397441774606705]], "obb": [[[0.04553787062839068, -0.9989626130835089, -6.123233995736767e-17, -7.837739514496515e-23], [-6.395720870428198e-17, 5.83804279537775e-17, -1.0, -1.2799999999923983e-06], [0.9989626130835086, 0.04553787062839068, -6.123233995736766e-17, -7.837739514496514e-23], [0.0, 0.0, 0.0, 1.0]], [0.1174242571551227, 0.12971152000000002, 0.11742425715512264]], "radius": 0.07868062671738196, "volume": 0.001169565967033171, "num_verts": 534, "num_faces": 1060, "num_hulls": 0}