{"bbox": [[-0.02521168, -0.02678744, -0.07248368000000001], [0.02521168, -0.02678744, -0.07248368000000001], [0.02521168, 0.02678744, -0.07248368000000001], [-0.02521168, 0.02678744, -0.07248368000000001], [-0.02521168, -0.02678744, 0.07248368000000001], [0.02521168, -0.02678744, 0.07248368000000001], [0.02521168, 0.02678744, 0.07248368000000001], [-0.02521168, 0.02678744, 0.07248368000000001]], "aabb": [[-0.025211680680513382, -0.026787439361214638, -0.07248368114233017], [0.025211680680513382, 0.026787439361214638, 0.07248368114233017]], "obb": [[[0.9995713367430351, 0.029269780662649108, -0.0006501551370609201, 0.00033860954290038635], [-0.029277000559173306, 0.9993248360263632, -0.022197507498376165, -0.0002571594382479453], [1.2237623906233862e-16, 0.02220702683482669, 0.9997533935722136, 0.00016687202906829284], [0.0, 0.0, 0.0, 1.0]], [0.05226109495772147, 0.057834975996214025, 0.14658739413002256]], "radius": 0.07808899533515848, "volume": 0.00018379184664311834, "num_verts": 821, "num_faces": 1610, "num_hulls": 0}