{"bbox": [[-0.029002317787298754, -0.11600915114920417, -0.029002317787298754], [0.029002317787298754, -0.11600915114920417, -0.029002317787298754], [0.029002317787298754, 0.11600915114920417, -0.029002317787298754], [-0.029002317787298754, 0.11600915114920417, -0.029002317787298754], [-0.029002317787298754, -0.11600915114920417, 0.029002317787298754], [0.029002317787298754, -0.11600915114920417, 0.029002317787298754], [0.029002317787298754, 0.11600915114920417, 0.029002317787298754], [-0.029002317787298754, 0.11600915114920417, 0.029002317787298754]], "aabb": [[-0.029002318158745766, -0.11600915342569351, -0.029002318158745766], [0.029002318158745766, 0.11600915342569351, 0.029002318158745766]], "obb": [[[0.4468584501604584, -0.8946046754301176, 1.4790775244211687e-05, -4.197278253940376e-07], [6.295163942538423e-17, -1.6533308676316447e-05, -0.9999999998633249, -4.199266039744107e-08], [0.8946046755523879, 0.4468584500993839, -7.388048691066909e-06, 2.0965565088905715e-07], [0.0, 0.0, 0.0, 1.0]], [0.07715488328871571, 0.2320198217536381, 0.07715201793201833]], "radius": 0.11770955165078616, "volume": 0.0005415534589755965, "num_verts": 614, "num_faces": 1224, "num_hulls": 0}