{"bbox": [[-0.033648477432824904, -0.11465411125258551, -0.033648477432824904], [0.033648477432824904, -0.11465411125258551, -0.033648477432824904], [0.033648477432824904, 0.11465411125258551, -0.033648477432824904], [-0.033648477432824904, 0.11465411125258551, -0.033648477432824904], [-0.033648477432824904, -0.11465411125258551, 0.033648477432824904], [0.033648477432824904, -0.11465411125258551, 0.033648477432824904], [0.033648477432824904, 0.11465411125258551, 0.033648477432824904], [-0.033648477432824904, 0.11465411125258551, 0.033648477432824904]], "aabb": [[-0.033648476004600525, -0.11465410888195038, -0.033648476004600525], [0.033648476004600525, 0.11465410888195038, 0.033648476004600525]], "obb": [[[0.7071067811865476, 0.7071067811865475, -6.123233995736766e-17, 4.906538933386797e-18], [-1.232595164407831e-32, -8.659560562354932e-17, -1.0, -6.0087771996640085e-34], [-0.7071067811865475, 0.7071067811865476, -6.123233995736766e-17, 4.9065389333867974e-18], [0.0, 0.0, 0.0, 1.0]], [0.09387071283823298, 0.22930822250517102, 0.09387071283823298]], "radius": 0.11749644485100122, "volume": 0.0005693849420006378, "num_verts": 687, "num_faces": 1370, "num_hulls": 0}