{"bbox": [[-0.031378, -0.07216944, -0.031378], [0.030985839999999997, -0.07216944, -0.031378], [0.030985839999999997, 0.07216792, -0.031378], [-0.031378, 0.07216792, -0.031378], [-0.031378, -0.07216944, 0.031378], [0.030985839999999997, -0.07216944, 0.031378], [0.030985839999999997, 0.07216792, 0.031378], [-0.031378, 0.07216792, 0.031378]], "aabb": [[-0.03137800097465515, -0.07216943800449371, -0.03137800097465515], [0.030985839664936066, 0.07216791808605194, 0.03137800097465515]], "obb": [[[0.9898917201804219, -0.14182518224294705, -6.123233995736767e-17, -2.9920628846639307e-05], [-6.929767410468681e-17, -5.192909855745531e-17, -1.0, -7.60000000002389e-07], [0.14182518224294705, 0.989891720180422, -6.123233995736767e-17, -0.0005661181139922008], [0.0, 0.0, 0.0, 1.0]], [0.06967824593442189, 0.14433736, 0.07043017899418484]], "radius": 0.07828277225570389, "volume": 0.00039243597082515, "num_verts": 385, "num_faces": 762, "num_hulls": 0}