{"bbox": [[-0.008271839368908738, -0.03825725708120292, -0.04756199637130765], [0.008271839368908738, -0.03825725708120292, -0.04756199637130765], [0.008271839368908738, 0.03799877710092338, -0.04756199637130765], [-0.008271839368908738, 0.03799877710092338, -0.04756199637130765], [-0.008271839368908738, -0.03825725708120292, 0.04756187637131681], [0.008271839368908738, -0.03825725708120292, 0.04756187637131681], [0.008271839368908738, 0.03799877710092338, 0.04756187637131681], [-0.008271839368908738, 0.03799877710092338, 0.04756187637131681]], "aabb": [[-0.00827183946967125, -0.038257256150245667, -0.047561995685100555], [0.00827183946967125, 0.03799877688288689, 0.047561876475811005]], "obb": [[[-0.9998572237226125, 6.126617010112781e-17, -0.01689769717178279, -0.00025407309380240297], [-0.00015361329489821344, 0.999958677980239, 0.00908948485716455, -0.0002472344715994989], [0.01689699892480634, 0.009090782805292024, -0.9998159076026557, -0.00020278207124370328], [0.0, 0.0, 0.0, 1.0]], [0.018131684758011645, 0.07654088454974094, 0.0962990823368943]], "radius": 0.05891354979600694, "volume": 5.1533301589475516e-05, "num_verts": 932, "num_faces": 1812, "num_hulls": 0}