{"bbox": [[-0.05976179544053684, -0.10573235193326172, -0.05976179544053684], [0.05976179544053684, -0.10573235193326172, -0.05976179544053684], [0.05976179544053684, 0.10573235193326172, -0.05976179544053684], [-0.05976179544053684, 0.10573235193326172, -0.05976179544053684], [-0.05976179544053684, -0.10573235193326172, 0.05976179544053684], [0.05976179544053684, -0.10573235193326172, 0.05976179544053684], [0.05976179544053684, 0.10573235193326172, 0.05976179544053684], [-0.05976179544053684, 0.10573235193326172, 0.05976179544053684]], "aabb": [[-0.05976179614663124, -0.10573235154151917, -0.05976179614663124], [0.05976179614663124, 0.10573235154151917, 0.05976179614663124]], "obb": [[[0.4474846503146048, -0.8942916122022865, 8.800630655518466e-06, -1.0322998154748106e-06], [2.7251344980743006e-09, -9.839532294801517e-06, -0.9999999999515916, 2.021037720239037e-08], [0.8942916122455894, 0.4474846502929668, -4.400602603274766e-06, 7.865704309287119e-07], [0.0, 0.0, 0.0, 1.0]], [0.15724194374143846, 0.21146682824557803, 0.15724068941272654]], "radius": 0.11771858417985852, "volume": 0.00217582671823619, "num_verts": 1164, "num_faces": 2236, "num_hulls": 0}