{"bbox": [[-0.018278878605432234, -0.05605517572332949, -0.018278878605432234], [0.018278878605432234, -0.05605517572332949, -0.018278878605432234], [0.018278878605432234, 0.05605517572332949, -0.018278878605432234], [-0.018278878605432234, 0.05605517572332949, -0.018278878605432234], [-0.018278878605432234, -0.05605517572332949, 0.018278878605432234], [0.018278878605432234, -0.05605517572332949, 0.018278878605432234], [0.018278878605432234, 0.05605517572332949, 0.018278878605432234], [-0.018278878605432234, 0.05605517572332949, 0.018278878605432234]], "aabb": [[-0.018278878182172775, -0.05605517700314522, -0.018278878182172775], [0.018278878182172775, 0.05605517700314522, 0.018278878182172775]], "obb": [[[-0.7071067811865476, 0.7071067811865475, 6.123233995736766e-17, 2.4532694666933983e-18], [1.232595164407831e-32, -8.659560562354932e-17, 1.0, -3.0043885998320043e-34], [0.7071067811865475, 0.7071067811865476, 6.123233995736766e-17, 2.4532694666933987e-18], [0.0, 0.0, 0.0, 1.0]], [0.05077151612644073, 0.11211035144665898, 0.05077151612644073]], "radius": 0.058773322576753335, "volume": 8.392046546653527e-05, "num_verts": 573, "num_faces": 1142, "num_hulls": 0}