{"bbox": [[-0.061487155308902336, -0.10474115200888429, -0.061487155308902336], [0.061487155308902336, -0.10474115200888429, -0.061487155308902336], [0.061487155308902336, 0.10475591200775818, -0.061487155308902336], [-0.061487155308902336, 0.10475591200775818, -0.061487155308902336], [-0.061487155308902336, -0.10474115200888429, 0.061487155308902336], [0.061487155308902336, -0.10474115200888429, 0.061487155308902336], [0.061487155308902336, 0.10475591200775818, 0.061487155308902336], [-0.061487155308902336, 0.10475591200775818, 0.061487155308902336]], "aabb": [[-0.06148715689778328, -0.10474114865064621, -0.06148715689778328], [0.06148715689778328, 0.10475591570138931, 0.06148715689778328]], "obb": [[[0.4472079342727674, 0.8944300215910888, -2.205856294479716e-07, 7.285254363191768e-09], [-5.47671813891183e-17, -2.466214506430319e-07, -0.9999999999999696, 7.379120488846665e-06], [-0.894430021591116, 0.44720793427275374, -1.1029106944043814e-07, 3.642569542353354e-09], [0.0, 0.0, 0.0, 1.0]], [0.1612194209559429, 0.20949711901524962, 0.16121938353249907]], "radius": 0.11873516923732441, "volume": 0.0021995006937817374, "num_verts": 1070, "num_faces": 2128, "num_hulls": 0}