{"bbox": [[-0.016752538721882725, -0.051374456080440056, -0.031271397614181705], [0.016752538721882725, -0.051374456080440056, -0.031271397614181705], [0.016752538721882725, 0.051374456080440056, -0.031271397614181705], [-0.016752538721882725, 0.051374456080440056, -0.031271397614181705], [-0.016752538721882725, -0.051374456080440056, 0.031271397614181705], [0.016752538721882725, -0.051374456080440056, 0.031271397614181705], [0.016752538721882725, 0.051374456080440056, 0.031271397614181705], [-0.016752538721882725, 0.051374456080440056, 0.031271397614181705]], "aabb": [[-0.016752539202570915, -0.05137445777654648, -0.031271398067474365], [0.016752539202570915, 0.05137445777654648, 0.031271398067474365]], "obb": [[[-0.9733553675541073, -0.2267837430161876, -0.03388897102563906, 0.00025121050644037345], [-0.03236605030782489, -0.010431534026441395, 0.9994216436946555, -8.8078524776064e-05], [-0.2270060951628395, 0.9738892734810375, 0.0028134956010012827, 0.0001353351954212099], [0.0, 0.0, 0.0, 1.0]], [0.03888189572369757, 0.10408977648352652, 0.06536793593572592]], "radius": 0.05906846201104577, "volume": 0.0001233695981482324, "num_verts": 415, "num_faces": 826, "num_hulls": 0}