{"bbox": [[-0.0695028, -0.06799190000000001, -0.0634567], [0.0695028, -0.06799190000000001, -0.0634567], [0.0695028, 0.06799190000000001, -0.0634567], [-0.0695028, 0.06799190000000001, -0.0634567], [-0.0695028, -0.06799190000000001, 0.0634591], [0.0695028, -0.06799190000000001, 0.0634591], [0.0695028, 0.06799190000000001, 0.0634591], [-0.0695028, 0.06799190000000001, 0.0634591]], "aabb": [[-0.0695028007030487, -0.06799189746379852, -0.0634566992521286], [0.0695028007030487, 0.06799189746379852, 0.06345909833908081]], "obb": [[[0.05389454271838529, 6.123800382240456e-17, -0.9985466329947621, -0.0004508754765842995], [-0.061023163972690066, -0.9981309160838826, -0.0032936023304927496, 0.0005183953244506987], [-0.9966802655435384, 0.06111198211111505, -0.053793809295423864, -0.0026116654334652975], [0.0, 0.0, 0.0, 1.0]], [0.14181619525599592, 0.14056905591261176, 0.14646144198103658]], "radius": 0.09786478419109705, "volume": 0.0014023031961615275, "num_verts": 2328, "num_faces": 4624, "num_hulls": 0}