{"bbox": [[-0.0633021, -0.0730408, -0.074664], [0.0632897, -0.0730408, -0.074664], [0.0632897, 0.0730408, -0.074664], [-0.0633021, 0.0730408, -0.074664], [-0.0633021, -0.0730408, 0.074664], [0.0632897, -0.0730408, 0.074664], [0.0632897, 0.0730408, 0.074664], [-0.0633021, 0.0730408, 0.074664]], "aabb": [[-0.06330209970474243, -0.07304079830646515, -0.07466399669647217], [0.06328970193862915, 0.07304079830646515, 0.07466399669647217]], "obb": [[[0.8858352460556153, 0.4639840355154307, 0.0038381808715828984, 0.0009659333428904757], [0.463947665737527, -0.885829329280314, 0.0076787266840891814, 0.001260486658812979], [0.006962779781634531, -0.005021371685544646, -0.9999631520831695, -0.000257605208669893], [0.0, 0.0, 0.0, 1.0]], [0.15811287956565587, 0.1723874494096808, 0.15063912841577642]], "radius": 0.09877865379974562, "volume": 0.0017780140918365458, "num_verts": 1434, "num_faces": 2860, "num_hulls": 0}