{"bbox": [[-0.06381160000000001, -0.056875600000000005, -0.03884184], [0.06381160000000001, -0.056875600000000005, -0.03884184], [0.06381160000000001, 0.056873120000000006, -0.03884184], [-0.06381160000000001, 0.056873120000000006, -0.03884184], [-0.06381160000000001, -0.056875600000000005, 0.03884184], [0.06381160000000001, -0.056875600000000005, 0.03884184], [0.06381160000000001, 0.056873120000000006, 0.03884184], [-0.06381160000000001, 0.056873120000000006, 0.03884184]], "aabb": [[-0.06381160020828247, -0.056875601410865784, -0.038841839879751205], [0.06381160020828247, 0.05687312036752701, 0.038841839879751205]], "obb": [[[-0.46934690166419035, -0.09385144513800589, -0.8780121822296846, -0.0015935588065215279], [0.10576780892340308, -0.9931520660690712, 0.04961999857192454, -0.0012292200659270126], [-0.876656521388946, -0.06957643213217513, 0.47605930680744957, -0.0017257798667307171], [0.0, 0.0, 0.0, 1.0]], [0.1460641071255736, 0.12099594765897363, 0.09632204224427389]], "radius": 0.07879408376580567, "volume": 0.00014169029931478477, "num_verts": 1953, "num_faces": 3878, "num_hulls": 0}