{"bbox": [[-0.022721158266513195, -0.026313837992413484, -0.055019875802316605], [0.022721158266513195, -0.026313837992413484, -0.055019875802316605], [0.022721158266513195, 0.026313837992413484, -0.055019875802316605], [-0.022721158266513195, 0.026313837992413484, -0.055019875802316605], [-0.022721158266513195, -0.026313837992413484, 0.055019875802316605], [0.022721158266513195, -0.026313837992413484, 0.055019875802316605], [0.022721158266513195, 0.026313837992413484, 0.055019875802316605], [-0.022721158266513195, 0.026313837992413484, 0.055019875802316605]], "aabb": [[-0.02272115834057331, -0.026313837617635727, -0.05501987412571907], [0.02272115834057331, 0.026313837617635727, 0.05501987412571907]], "obb": [[[0.9486160561858573, -0.3164105432092016, 0.0034563119720793577, 0.0003617776563575868], [0.3164062852288144, 0.9486221944417731, 0.0017305722108387899, 9.74849056437209e-05], [-0.0038263055409235433, -0.0005480497539132256, 0.9999925294857831, 1.202144007163998e-05], [0.0, 0.0, 0.0, 1.0]], [0.05980133026157973, 0.06265381063586384, 0.11036290846022614]], "radius": 0.059190416253207985, "volume": 0.0001974024226126314, "num_verts": 546, "num_faces": 1088, "num_hulls": 0}