{"bbox": [[-0.1131704313657813, -0.036905877184305026, -0.036905877184305026], [0.11317787136521368, -0.036905877184305026, -0.036905877184305026], [0.11317787136521368, 0.036905877184305026, -0.036905877184305026], [-0.1131704313657813, 0.036905877184305026, -0.036905877184305026], [-0.1131704313657813, -0.036905877184305026, 0.036905877184305026], [0.11317787136521368, -0.036905877184305026, 0.036905877184305026], [0.11317787136521368, 0.036905877184305026, 0.036905877184305026], [-0.1131704313657813, 0.036905877184305026, 0.036905877184305026]], "aabb": [[-0.11317043006420135, -0.03690587729215622, -0.03690587729215622], [0.11317787319421768, 0.03690587729215622, 0.03690587729215622]], "obb": [[[-5.686207172475214e-17, -2.2717928070662308e-17, 1.0, 3.7199997161979637e-06], [0.3710119209306621, -0.9286281034554901, -0.0, -3.8692395296415496e-18], [0.92862810345549, 0.37101192093066204, 6.123233995736766e-17, 9.018292026774175e-18], [0.0, 0.0, 0.0, 1.0]], [0.226348302730995, 0.09558974911396059, 0.09558974911396059]], "radius": 0.11743472091140972, "volume": 0.0005032698574872479, "num_verts": 1164, "num_faces": 2320, "num_hulls": 0}