{"bbox": [[-0.028140657853038188, -0.025889458024791107, -0.05177885604958679], [0.028140657853038188, -0.025889458024791107, -0.05177885604958679], [0.028140657853038188, 0.025889458024791107, -0.05177885604958679], [-0.028140657853038188, 0.025889458024791107, -0.05177885604958679], [-0.028140657853038188, -0.025889458024791107, 0.05177885604958679], [0.028140657853038188, -0.025889458024791107, 0.05177885604958679], [0.028140657853038188, 0.025889458024791107, 0.05177885604958679], [-0.028140657853038188, 0.025889458024791107, 0.05177885604958679]], "aabb": [[-0.028140658512711525, -0.025889458134770393, -0.05177885666489601], [0.028140658512711525, 0.025889458134770393, 0.05177885666489601]], "obb": [[[0.0032465316127765096, 0.999993191609387, 0.0017540716514788432, -3.727749882746829e-05], [0.9978833031471488, -0.0031257453683437497, -0.06495493065216548, 0.0010772183008535459], [-0.06494900563228506, 0.0019612370493024443, -0.997886656998987, -0.00041966022357492775], [0.0, 0.0, 0.0, 1.0]], [0.05663909865451669, 0.05562833023517563, 0.10796402999117787]], "radius": 0.059158002468325706, "volume": 0.00011312438197875148, "num_verts": 2011, "num_faces": 3982, "num_hulls": 0}