{"bbox": [[-0.07315176, -0.03339536, -0.036575920000000005], [0.07315176, -0.03339536, -0.036575920000000005], [0.07315176, 0.03339536, -0.036575920000000005], [-0.07315176, 0.03339536, -0.036575920000000005], [-0.07315176, -0.03339536, 0.036575920000000005], [0.07315176, -0.03339536, 0.036575920000000005], [0.07315176, 0.03339536, 0.036575920000000005], [-0.07315176, 0.03339536, 0.036575920000000005]], "aabb": [[-0.07315175980329514, -0.03339536115527153, -0.03657592087984085], [0.07315175980329514, 0.03339536115527153, 0.03657592087984085]], "obb": [[[5.3172222122576535e-17, 3.036633417457607e-17, -1.0, 1.2024374774685361e-20], [0.4959198716841181, -0.8683682864250674, -0.0, 0.0004505059918606671], [-0.8683682864250674, -0.4959198716841181, -6.123233995736766e-17, -0.00019637294251791126], [0.0, 0.0, 0.0, 1.0]], [0.14630352, 0.0963640479394767, 0.0934991044144592]], "radius": 0.07911798779605053, "volume": 0.00032252085335646066, "num_verts": 1012, "num_faces": 2012, "num_hulls": 0}