{"bbox": [[-0.04909325625448179, -0.04909325625448179, -0.03948809698729729], [0.04909325625448179, -0.04909325625448179, -0.03948809698729729], [0.04909325625448179, 0.04909325625448179, -0.03948809698729729], [-0.04909325625448179, 0.04909325625448179, -0.03948809698729729], [-0.04909325625448179, -0.04909325625448179, 0.03948809698729729], [0.04909325625448179, -0.04909325625448179, 0.03948809698729729], [0.04909325625448179, 0.04909325625448179, 0.03948809698729729], [-0.04909325625448179, 0.04909325625448179, 0.03948809698729729]], "aabb": [[-0.04909325763583183, -0.04909325763583183, -0.03948809579014778], [0.04909325763583183, 0.04909325763583183, 0.03948809579014778]], "obb": [[[0.019997956592603238, -0.7072680174131116, 0.7066626021494606, 4.693312294205405e-05], [-3.680743300842294e-18, 0.7068039481879343, 0.7074094845462193, 1.5628848675411312e-05], [-0.9998000208702341, -0.014146744165151126, 0.014134634675342893, -0.0003939046386809384], [0.0, 0.0, 0.0, 1.0]], [0.13963782871132102, 0.13808858939732516, 0.08164189119970472]], "radius": 0.05928383215684304, "volume": 0.00048657891249457284, "num_verts": 2156, "num_faces": 4300, "num_hulls": 0}