{"bbox": [[-0.0572456, -0.069623, -0.0711702], [0.0572456, -0.069623, -0.0711702], [0.0572456, 0.069623, -0.0711702], [-0.0572456, 0.069623, -0.0711702], [-0.0572456, -0.069623, 0.0711702], [0.0572456, -0.069623, 0.0711702], [0.0572456, 0.069623, 0.0711702], [-0.0572456, 0.069623, 0.0711702]], "aabb": [[-0.05724560096859932, -0.06962300091981888, -0.07117020338773727], [0.05724560096859932, 0.06962300091981888, 0.07117020338773727]], "obb": [[[0.8216277997499901, 0.00040570962397284467, 0.5700242048173841, -0.0001575874004524273], [0.5700241353239792, 0.00028147085294344566, -0.8216278999171758, -0.00010989537742199363], [-0.000493787545449354, 0.9999998780869226, -6.124323187561041e-17, -3.45247049471951e-06], [0.0, 0.0, 0.0, 1.0]], [0.12685610233116917, 0.1529137536292195, 0.14236797769369422]], "radius": 0.09856338974132332, "volume": 0.0009419085053542853, "num_verts": 992, "num_faces": 1976, "num_hulls": 0}