{"bbox": [[-0.05427255129395846, -0.11888265283438332, -0.09043650215617423], [0.05427255129395846, -0.11888265283438332, -0.09043650215617423], [0.05427255129395846, 0.11888265283438332, -0.09043650215617423], [-0.05427255129395846, 0.11888265283438332, -0.09043650215617423], [-0.05427255129395846, -0.11888265283438332, 0.09043650215617423], [0.05427255129395846, -0.11888265283438332, 0.09043650215617423], [0.05427255129395846, 0.11888265283438332, 0.09043650215617423], [-0.05427255129395846, 0.11888265283438332, 0.09043650215617423]], "aabb": [[-0.05427255108952522, -0.11888265609741211, -0.09043650329113007], [0.05427255108952522, 0.11888265609741211, 0.09043650329113007]], "obb": [[[-0.9308914169520529, -0.3646442058027733, 0.021812221791093565, -0.001176316641922747], [0.027320277097504085, -0.009952748961835258, 0.9995771832367014, 1.2653086720611797e-05], [-0.3642729365521335, 0.9310937363995998, 0.019227109328181963, 0.0004923827738636428], [0.0, 0.0, 0.0, 1.0]], [0.12613504374807027, 0.24197269441348562, 0.1923771271124939]], "radius": 0.147284014586573, "volume": 0.0022871786602524447, "num_verts": 505, "num_faces": 1006, "num_hulls": 0}