{"bbox": [[-0.10825605258102541, -0.09648915230048065, -0.0776620518516076], [0.10825605258102541, -0.09648915230048065, -0.0776620518516076], [0.10825605258102541, 0.09648450230036978, -0.0776620518516076], [-0.10825605258102541, 0.09648450230036978, -0.0776620518516076], [-0.10825605258102541, -0.09648915230048065, 0.0776620518516076], [0.10825605258102541, -0.09648915230048065, 0.0776620518516076], [0.10825605258102541, 0.09648450230036978, 0.0776620518516076], [-0.10825605258102541, 0.09648450230036978, 0.0776620518516076]], "aabb": [[-0.10825604945421219, -0.09648915380239487, -0.07766205072402954], [0.10825604945421219, 0.09648450464010239, 0.07766205072402954]], "obb": [[[-0.05260325855981377, 6.123233995736766e-17, -0.9986154901606971, -0.00010729572142516259], [-5.792654256921332e-17, 1.0, 6.436858379121296e-17, -2.3250000554392044e-06], [0.9986154901606971, 6.123233995736766e-17, -0.05260325855981377, -0.0003155578106893223], [0.0, 0.0, 0.0, 1.0]], [0.2302467355573622, 0.19297365460085045, 0.16178457972505544]], "radius": 0.14776907733750425, "volume": 0.003173530939163691, "num_verts": 1757, "num_faces": 3482, "num_hulls": 0}