{"bbox": [[-0.0390416, -0.0390416, -0.0945402], [0.0390416, -0.0390416, -0.0945402], [0.0390416, 0.0390416, -0.0945402], [-0.0390416, 0.0390416, -0.0945402], [-0.0390416, -0.0390416, 0.0945402], [0.0390416, -0.0390416, 0.0945402], [0.0390416, 0.0390416, 0.0945402], [-0.0390416, 0.0390416, 0.0945402]], "aabb": [[-0.03904160112142563, -0.03904160112142563, -0.09454020112752914], [0.03904160112142563, 0.03904160112142563, 0.09454020112752914]], "obb": [[[-0.707101407416568, 0.7071121538875632, -3.8131346845238055e-05, -1.4390167826355328e-06], [0.7071121526921054, 0.7071014084414379, 4.117367978299991e-05, -2.4172319762785716e-06], [5.607713845487068e-05, 2.150828170292737e-06, -0.9999999984253642, 4.1062347469841806e-07], [0.0, 0.0, 0.0, 1.0]], [0.10960661455344708, 0.10960718974749559, 0.1890871935038158]], "radius": 0.09875735782877143, "volume": 0.00045510687664571505, "num_verts": 2398, "num_faces": 4744, "num_hulls": 0}