{"bbox": [[-0.09143970000000001, -0.0417442, -0.04571990000000001], [0.09143970000000001, -0.0417442, -0.04571990000000001], [0.09143970000000001, 0.0417442, -0.04571990000000001], [-0.09143970000000001, 0.0417442, -0.04571990000000001], [-0.09143970000000001, -0.0417442, 0.04571990000000001], [0.09143970000000001, -0.0417442, 0.04571990000000001], [0.09143970000000001, 0.0417442, 0.04571990000000001], [-0.09143970000000001, 0.0417442, 0.04571990000000001]], "aabb": [[-0.09143970161676407, -0.04174419865012169, -0.045719899237155914], [0.09143970161676407, 0.04174419865012169, 0.045719899237155914]], "obb": [[[5.3172222122576535e-17, 3.036633417457607e-17, -1.0, 1.503046846835679e-20], [0.4959198716841181, -0.8683682864250674, -0.0, 0.0005631324898258347], [-0.8683682864250674, -0.4959198716841181, -6.123233995736766e-17, -0.00024546617814739057], [0.0, 0.0, 0.0, 1.0]], [0.18287940000000003, 0.1204550599243459, 0.11687388051807401]], "radius": 0.09889748474506316, "volume": 0.0006299235417118374, "num_verts": 1012, "num_faces": 2012, "num_hulls": 0}