{"bbox": [[-0.04158896, -0.04158896, -0.07084992], [0.04158896, -0.04158896, -0.07084992], [0.04158896, 0.04158896, -0.07084992], [-0.04158896, 0.04158896, -0.07084992], [-0.04158896, -0.04158896, 0.0708552], [0.04158896, -0.04158896, 0.0708552], [0.04158896, 0.04158896, 0.0708552], [-0.04158896, 0.04158896, 0.0708552]], "aabb": [[-0.041588958352804184, -0.041588958352804184, -0.07084991782903671], [0.041588958352804184, 0.041588958352804184, 0.07085520029067993]], "obb": [[[-0.7071067811865476, -0.7071067811865475, -4.329780281177466e-17, 0.0003847199999999966], [-0.7071067811865475, 0.7071067811865476, 4.329780281177467e-17, -0.00038471999999999666], [-0.0, 6.123233995736766e-17, -1.0, 2.639999999998166e-06], [0.0, 0.0, 0.0, 1.0]], [0.11679184000000001, 0.11679184000000001, 0.14170512]], "radius": 0.07880561529001487, "volume": 0.0006147968916339184, "num_verts": 1317, "num_faces": 2626, "num_hulls": 0}