{"bbox": [[-0.06367605151815538, -0.11716395279340631, -0.09676860230714326], [0.06367605151815538, -0.11716395279340631, -0.09676860230714326], [0.06367605151815538, 0.11716395279340631, -0.09676860230714326], [-0.06367605151815538, 0.11716395279340631, -0.09676860230714326], [-0.06367605151815538, -0.11716395279340631, 0.09676860230714326], [0.06367605151815538, -0.11716395279340631, 0.09676860230714326], [0.06367605151815538, 0.11716395279340631, 0.09676860230714326], [-0.06367605151815538, 0.11716395279340631, 0.09676860230714326]], "aabb": [[-0.06367605179548264, -0.11716395616531372, -0.09676860272884369], [0.06367605179548264, 0.11716395616531372, 0.09676860272884369]], "obb": [[[-0.9695966760921916, -0.24443547044082597, -0.011557962681441424, 0.0023584091841142387], [-0.01101204644876859, -0.0035999003726214043, 0.9999328855229822, 0.0002333535116952177], [-0.2444606727962264, 0.9696588789402587, 0.0007987166813357783, -1.513425005244932e-05], [0.0, 0.0, 0.0, 1.0]], [0.1406432987365028, 0.2363125693478815, 0.2038477492191065]], "radius": 0.1479654508707294, "volume": 0.003597378183262744, "num_verts": 720, "num_faces": 1432, "num_hulls": 0}