{"bbox": [[-0.01942008, -0.06871711999999999, -0.04033392], [0.01942008, -0.06871711999999999, -0.04033392], [0.01942008, 0.06871711999999999, -0.04033392], [-0.01942008, 0.06871711999999999, -0.04033392], [-0.01942008, -0.06871711999999999, 0.04033392], [0.01942008, -0.06871711999999999, 0.04033392], [0.01942008, 0.06871711999999999, 0.04033392], [-0.01942008, 0.06871711999999999, 0.04033392]], "aabb": [[-0.0194200798869133, -0.0687171220779419, -0.04033391922712326], [0.0194200798869133, 0.0687171220779419, 0.04033391922712326]], "obb": [[[-0.9897622538553094, -0.1374938044206553, -0.038290136970150226, -5.133706836188235e-05], [-0.036836886384386106, -0.01309951261643621, 0.9992354310024818, -2.8851116134292716e-05], [-0.13789026305277002, 0.99041600174631, 0.00790055947964928, -0.00010626001321612363], [0.0, 0.0, 0.0, 1.0]], [0.042069275165453605, 0.13973280186218745, 0.08406132810073638]], "radius": 0.07841361993653949, "volume": 0.00026860703669015544, "num_verts": 277, "num_faces": 550, "num_hulls": 0}