{"bbox": [[-0.03171576, -0.0446904, -0.0663148], [0.03171576, -0.0446904, -0.0663148], [0.03171576, 0.0446904, -0.0663148], [-0.03171576, 0.0446904, -0.0663148], [-0.03171576, -0.0446904, 0.0663148], [0.03171576, -0.0446904, 0.0663148], [0.03171576, 0.0446904, 0.0663148], [-0.03171576, 0.0446904, 0.0663148]], "aabb": [[-0.0317157581448555, -0.04469040036201477, -0.06631480157375336], [0.0317157581448555, 0.04469040036201477, 0.06631480157375336]], "obb": [[[-0.980002958006046, 0.01154758502746279, 0.19864756625600444, -0.00039519561435456466], [0.01316971807808341, 0.9998898355960265, 0.006846546391783048, 3.6392310407625334e-08], [-0.19854662128866352, 0.009325768160561982, -0.9800470750035792, -9.523002696718793e-05], [0.0, 0.0, 0.0, 1.0]], [0.06873602772727286, 0.0905559967211153, 0.13758217906833867]], "radius": 0.07845168379072562, "volume": 0.0004592372126540211, "num_verts": 398, "num_faces": 792, "num_hulls": 0}