{"bbox": [[-0.02180699833625806, -0.04776767635561551, -0.03633785722764151], [0.02180699833625806, -0.04776767635561551, -0.03633785722764151], [0.02180699833625806, 0.04776767635561551, -0.03633785722764151], [-0.02180699833625806, 0.04776767635561551, -0.03633785722764151], [-0.02180699833625806, -0.04776767635561551, 0.03633785722764151], [0.02180699833625806, -0.04776767635561551, 0.03633785722764151], [0.02180699833625806, 0.04776767635561551, 0.03633785722764151], [-0.02180699833625806, 0.04776767635561551, 0.03633785722764151]], "aabb": [[-0.021806998178362846, -0.047767676413059235, -0.03633785620331764], [0.021806998178362846, 0.047767676413059235, 0.03633785620331764]], "obb": [[[-0.948654658007199, -0.31630708047488254, -0.0020422249387501198, -0.00030610899940509794], [0.0001340009170641197, -0.0068582008433095, 0.9999764732857205, -3.488048576411417e-05], [-0.31631364479737273, 0.9486320656200954, 0.006548449614411965, -0.00012499125483593032], [0.0, 0.0, 0.0, 1.0]], [0.04998773199353401, 0.09614267248378709, 0.07688562229792238]], "radius": 0.05864623626770676, "volume": 0.00017879038490251458, "num_verts": 354, "num_faces": 704, "num_hulls": 0}