{"bbox": [[-0.03390592, -0.03390592, -0.06781184], [0.03390592, -0.03390592, -0.06781184], [0.03390592, 0.03390592, -0.06781184], [-0.03390592, 0.03390592, -0.06781184], [-0.03390592, -0.03390592, 0.06781184], [0.03390592, -0.03390592, 0.06781184], [0.03390592, 0.03390592, 0.06781184], [-0.03390592, 0.03390592, 0.06781184]], "aabb": [[-0.03390591964125633, -0.03390591964125633, -0.06781183928251266], [0.03390591964125633, 0.03390591964125633, 0.06781183928251266]], "obb": [[[-0.20241450060303118, 0.9792872634607709, -0.004982526381334349, -0.00022063061652219756], [-0.9792739793366817, -0.20244356064329586, -0.006251251727836427, -0.00011846583094628954], [-0.007130451579393829, 0.0036139144399654375, 0.9999680476308704, -4.576133117445135e-06], [0.0, 0.0, 0.0, 1.0]], [0.07279093435942458, 0.07251454916593036, 0.1368432602474149]], "radius": 0.07813298200576758, "volume": 0.0004857602127583639, "num_verts": 223, "num_faces": 442, "num_hulls": 0}