{"bbox": [[-0.03431816, -0.06314536000000001, -0.04941816], [0.03431816, -0.06314536000000001, -0.04941816], [0.03431816, 0.06314536000000001, -0.04941816], [-0.03431816, 0.06314536000000001, -0.04941816], [-0.03431816, -0.06314536000000001, 0.04941816], [0.03431816, -0.06314536000000001, 0.04941816], [0.03431816, 0.06314536000000001, 0.04941816], [-0.03431816, 0.06314536000000001, 0.04941816]], "aabb": [[-0.03431816026568413, -0.06314536184072495, -0.04941815882921219], [0.03431816026568413, 0.06314536184072495, 0.04941815882921219]], "obb": [[[-0.9627862553092519, -0.2702297021003364, 0.004305193416264502, -0.000624114100605458], [0.009234471906204978, -0.01697234941805899, 0.9998133145161875, -0.00015009467864729765], [-0.27010618489068616, 0.9626462732790247, 0.018836173332280874, -4.730772328588679e-05], [0.0, 0.0, 0.0, 1.0]], [0.0746580485970118, 0.1284812482092507, 0.10567274988429479]], "radius": 0.07857282402410645, "volume": 0.0005559549144308703, "num_verts": 442, "num_faces": 880, "num_hulls": 0}