{"bbox": [[-0.037397200000000005, -0.049333800000000004, -0.09557070000000001], [0.037397200000000005, -0.049333800000000004, -0.09557070000000001], [0.037397200000000005, 0.0498532, -0.09557070000000001], [-0.037397200000000005, 0.0498532, -0.09557070000000001], [-0.037397200000000005, -0.049333800000000004, 0.09557070000000001], [0.037397200000000005, -0.049333800000000004, 0.09557070000000001], [0.037397200000000005, 0.0498532, 0.09557070000000001], [-0.037397200000000005, 0.0498532, 0.09557070000000001]], "aabb": [[-0.037397198379039764, -0.04933379963040352, -0.09557069838047028], [0.037397198379039764, 0.04985319823026657, 0.09557069838047028]], "obb": [[[0.8925405631583985, -0.4498675926486278, 0.03147208606713333, 0.0004870171415293794], [0.44958818062385225, 0.8930952631631904, 0.015853036264581073, -0.0002695550044973288], [-0.03523933824893951, 5.88358205905525e-17, 0.999378901638301, 5.685468236359708e-06], [0.0, 0.0, 0.0, 1.0]], [0.10713958012240804, 0.12270226003584156, 0.19407748316785678]], "radius": 0.0987065741914894, "volume": 0.0008509467895920437, "num_verts": 1043, "num_faces": 2082, "num_hulls": 0}