{"bbox": [[-0.14443065344349512, -0.13187145314406046, -0.10047345239547377], [0.14443065344349512, -0.13187145314406046, -0.10047345239547377], [0.14443065344349512, 0.13187145314406046, -0.10047345239547377], [-0.14443065344349512, 0.13187145314406046, -0.10047345239547377], [-0.14443065344349512, -0.13187145314406046, 0.10047345239547377], [0.14443065344349512, -0.13187145314406046, 0.10047345239547377], [0.14443065344349512, 0.13187145314406046, 0.10047345239547377], [-0.14443065344349512, 0.13187145314406046, 0.10047345239547377]], "aabb": [[-0.14443065226078033, -0.13187144696712494, -0.10047345608472824], [0.14443065226078033, 0.13187144696712494, 0.10047345608472824]], "obb": [[[-0.046365543221272766, -0.9224147789298487, 0.38340737083889587, 0.0006663287690189903], [-0.5549719733518335, 0.3429213132920294, 0.7578991236860229, -0.00024557499543518494], [-0.8305759117598873, -0.1776399406154712, -0.5278140830845305, 0.0015846452494758395], [0.0, 0.0, 0.0, 1.0]], [0.38243064735431076, 0.3707261266044049, 0.28183474221020344]], "radius": 0.14797020425479615, "volume": 0.003606812445437029, "num_verts": 2901, "num_faces": 5758, "num_hulls": 0}