{"bbox": [[-0.018108778618409833, -0.03408713739935781, -0.049000256261577134], [0.018108778618409833, -0.03408713739935781, -0.049000256261577134], [0.018108778618409833, 0.03408713739935781, -0.049000256261577134], [-0.018108778618409833, 0.03408713739935781, -0.049000256261577134], [-0.018108778618409833, -0.03408713739935781, 0.049000256261577134], [0.018108778618409833, -0.03408713739935781, 0.049000256261577134], [0.018108778618409833, 0.03408713739935781, 0.049000256261577134], [-0.018108778618409833, 0.03408713739935781, 0.049000256261577134]], "aabb": [[-0.018108777701854706, -0.03408713638782501, -0.04900025576353073], [0.018108777701854706, 0.03408713638782501, 0.04900025576353073]], "obb": [[[-0.9708794255095723, -0.050076462778863726, -0.2342765225065455, 0.00011097524937685062], [0.05387675449457413, -0.9984990559018185, -0.009845338404961074, 7.540508946620479e-05], [-0.23343186682056555, -0.022180695181483658, 0.9721201470569015, -0.0003627949632735013], [0.0, 0.0, 0.0, 1.0]], [0.04111126584395367, 0.07010996081555984, 0.1012575161840391]], "radius": 0.05915770682271049, "volume": 9.03935106937787e-05, "num_verts": 394, "num_faces": 784, "num_hulls": 0}