{"bbox": [[-0.020743258417414978, -0.031724997579574775, -0.056128795717712725], [0.020743258417414978, -0.031724997579574775, -0.056128795717712725], [0.020743258417414978, 0.031724997579574775, -0.056128795717712725], [-0.020743258417414978, 0.031724997579574775, -0.056128795717712725], [-0.020743258417414978, -0.031724997579574775, 0.056128795717712725], [0.020743258417414978, -0.031724997579574775, 0.056128795717712725], [0.020743258417414978, 0.031724997579574775, 0.056128795717712725], [-0.020743258417414978, 0.031724997579574775, 0.056128795717712725]], "aabb": [[-0.02074325829744339, -0.031724996864795685, -0.05612879619002342], [0.02074325829744339, 0.031724996864795685, 0.05612879619002342]], "obb": [[[-1.0, -1.4856709535083325e-17, 5.94026736641105e-17, -1.1647233329715525e-19], [-3.176401055767106e-33, 0.9701192818283437, 0.2426284794183457, -0.001235506848388528], [-6.123233995736765e-17, 0.2426284794183457, -0.9701192818283436, 0.0019021375531009892], [0.0, 0.0, 0.0, 1.0]], [0.04148651683482997, 0.06938275529754588, 0.1192206222878255]], "radius": 0.059238491563411905, "volume": 0.00017784509804404284, "num_verts": 537, "num_faces": 1062, "num_hulls": 0}