{"bbox": [[-0.0698554, -0.0698554, -0.0945102], [0.0698554, -0.0698554, -0.0945102], [0.0698554, 0.0698554, -0.0945102], [-0.0698554, 0.0698554, -0.0945102], [-0.0698554, -0.0698554, 0.0945102], [0.0698554, -0.0698554, 0.0945102], [0.0698554, 0.0698554, 0.0945102], [-0.0698554, 0.0698554, 0.0945102]], "aabb": [[-0.06985539942979813, -0.06985539942979813, -0.09451019763946533], [0.06985539942979813, 0.06985539942979813, 0.09451019763946533]], "obb": [[[-0.8761562248008758, 0.02081707462438053, -0.4815775318126461, 0.0018638201835770244], [0.19914036250435488, -0.8941899097020899, -0.40095825394746826, 0.0023252631490579346], [-0.4389685475797911, -0.4472035943404875, 0.7793045357526399, -0.0035400301097352703], [0.0, 0.0, 0.0, 1.0]], [0.21318084387400357, 0.2280419875076082, 0.2642719555985425]], "radius": 0.09887440341832664, "volume": 0.0017835549764888038, "num_verts": 2028, "num_faces": 4048, "num_hulls": 0}