{"bbox": [[-0.02277149826267256, -0.015583558811068817, -0.055141735793019425], [0.02277149826267256, -0.015583558811068817, -0.055141735793019425], [0.02277149826267256, 0.015583558811068817, -0.055141735793019425], [-0.02277149826267256, 0.015583558811068817, -0.055141735793019425], [-0.02277149826267256, -0.015583558811068817, 0.055141735793019425], [0.02277149826267256, -0.015583558811068817, 0.055141735793019425], [0.02277149826267256, 0.015583558811068817, 0.055141735793019425], [-0.02277149826267256, 0.015583558811068817, 0.055141735793019425]], "aabb": [[-0.022771498188376427, -0.015583558939397335, -0.05514173582196236], [0.022771498188376427, 0.015583558939397335, 0.05514173582196236]], "obb": [[[-6.123233995736766e-17, -0.9980630771430847, -0.06221007992019354, 0.0024721815954381124], [-1.0, 5.730446887607353e-17, 6.492300640097012e-17, -3.59079705722269e-18], [-6.123233995736766e-17, 0.06221007992019354, -0.9980630771430847, -0.0004903839807533817], [0.0, 0.0, 0.0, 1.0]], [0.051362961099398766, 0.031167117622137645, 0.11448455352001659]], "radius": 0.05922451666094824, "volume": 9.985808722518768e-05, "num_verts": 425, "num_faces": 846, "num_hulls": 0}