{"bbox": [[-0.03641265086814525, -0.12884460307189471, -0.07562610180306677], [0.03641265086814525, -0.12884460307189471, -0.07562610180306677], [0.03641265086814525, 0.12884460307189471, -0.07562610180306677], [-0.03641265086814525, 0.12884460307189471, -0.07562610180306677], [-0.03641265086814525, -0.12884460307189471, 0.07562610180306677], [0.03641265086814525, -0.12884460307189471, 0.07562610180306677], [0.03641265086814525, 0.12884460307189471, 0.07562610180306677], [-0.03641265086814525, 0.12884460307189471, 0.07562610180306677]], "aabb": [[-0.03641265258193016, -0.12884460389614105, -0.07562610507011414], [0.03641265258193016, 0.12884460389614105, 0.07562610507011414]], "obb": [[[-0.9897622538553096, -0.13749380442065454, -0.03829013697015023, -9.625700547347707e-05], [-0.03683688638438612, -0.013099512616436135, 0.9992354310024818, -5.409584404154e-05], [-0.13789026305276925, 0.99041600174631, 0.007900559479649235, -0.00019923752953042974], [0.0, 0.0, 0.0, 1.0]], [0.07887989281586866, 0.26199900973814466, 0.15761499394671494]], "radius": 0.1470255408863736, "volume": 0.0017706031517005802, "num_verts": 277, "num_faces": 550, "num_hulls": 0}