{"bbox": [[-0.04044256, -0.07834624, -0.03576672], [0.04086832000000001, -0.07834624, -0.03576672], [0.04086832000000001, 0.07834624, -0.03576672], [-0.04044256, 0.07834624, -0.03576672], [-0.04044256, -0.07834624, 0.03576672], [0.04086832000000001, -0.07834624, 0.03576672], [0.04086832000000001, 0.07834624, 0.03576672], [-0.04044256, 0.07834624, 0.03576672]], "aabb": [[-0.040442559868097305, -0.07834623754024506, -0.03576672077178955], [0.04086831957101822, 0.07834623754024506, 0.03576672077178955]], "obb": [[[0.8724396372230941, -0.4887218834900234, -6.123233995736765e-17, 0.000281582246581041], [-8.334710497319314e-17, -2.3495935944260875e-17, -1.0, -2.698008139035541e-20], [0.4887218834900234, 0.8724396372230941, -6.123233995736766e-17, 0.00015903592037354533], [0.0, 0.0, 0.0, 1.0]], [0.10162893622098003, 0.15669248, 0.1053928746181826]], "radius": 0.07853102339504774, "volume": 0.0004518044370823824, "num_verts": 1000, "num_faces": 1992, "num_hulls": 0}