{"bbox": [[-0.09541630000000001, -0.045633900000000005, -0.043559600000000004], [0.09541630000000001, -0.045633900000000005, -0.043559600000000004], [0.09541630000000001, 0.045633900000000005, -0.043559600000000004], [-0.09541630000000001, 0.045633900000000005, -0.043559600000000004], [-0.09541630000000001, -0.045633900000000005, 0.043559600000000004], [0.09541630000000001, -0.045633900000000005, 0.043559600000000004], [0.09541630000000001, 0.045633900000000005, 0.043559600000000004], [-0.09541630000000001, 0.045633900000000005, 0.043559600000000004]], "aabb": [[-0.09541629999876022, -0.04563390091061592, -0.04355959966778755], [0.09541629999876022, 0.04563390091061592, 0.04355959966778755]], "obb": [[[-0.00029495584360636777, 0.007970705750833296, -0.9999681899195014, -2.4255689393573627e-05], [0.4467592738641682, -0.8946247274775455, -0.007262795748771932, -0.0008572431231260106], [-0.8946541590007904, -0.44674720461975, -0.0032971119222229765, 0.00010933182494019577], [0.0, 0.0, 0.0, 1.0]], [0.19171127674922317, 0.1215472371154973, 0.11982059871232657]], "radius": 0.09796515681700305, "volume": 0.00045896016234139414, "num_verts": 4249, "num_faces": 8346, "num_hulls": 0}