{"bbox": [[-0.06545111500647621, -0.06374327513677407, -0.10472663200999206], [0.06545171500643043, -0.06374327513677407, -0.10472663200999206], [0.06545171500643043, 0.0637442351367008, -0.10472663200999206], [-0.06545111500647621, 0.0637442351367008, -0.10472663200999206], [-0.06545111500647621, -0.06374327513677407, 0.10472663200999206], [0.06545171500643043, -0.06374327513677407, 0.10472663200999206], [0.06545171500643043, 0.0637442351367008, 0.10472663200999206], [-0.06545111500647621, 0.0637442351367008, 0.10472663200999206]], "aabb": [[-0.06545111536979675, -0.06374327838420868, -0.1047266349196434], [0.0654517114162445, 0.06374423205852509, 0.1047266349196434]], "obb": [[[-0.023926031177940173, 0.9982859275235204, 0.05341115932627344, 0.004525969007189629], [0.9985077548350045, 0.02123959344646611, 0.050310468141207626, 0.003399072609859162], [0.04908980104289351, 0.054535186611335294, -0.9973044193498973, 0.000524766283166189], [0.0, 0.0, 0.0, 1.0]], [0.14374328871083328, 0.1377184822587356, 0.22574552161936512]], "radius": 0.11746324352614806, "volume": 0.001843573601070634, "num_verts": 2027, "num_faces": 3958, "num_hulls": 0}