{"bbox": [[-0.04544231653302639, -0.05262767598482697, -0.11003975160463321], [0.04544231653302639, -0.05262767598482697, -0.11003975160463321], [0.04544231653302639, 0.05262767598482697, -0.11003975160463321], [-0.04544231653302639, 0.05262767598482697, -0.11003975160463321], [-0.04544231653302639, -0.05262767598482697, 0.11003975160463321], [0.04544231653302639, -0.05262767598482697, 0.11003975160463321], [0.04544231653302639, 0.05262767598482697, 0.11003975160463321], [-0.04544231653302639, 0.05262767598482697, 0.11003975160463321]], "aabb": [[-0.04544231668114662, -0.052627675235271454, -0.11003974825143814], [0.04544231668114662, 0.052627675235271454, 0.11003974825143814]], "obb": [[[0.9486160561858573, -0.3164105432092016, 0.0034563119720793577, 0.0007235553127151736], [0.3164062852288144, 0.9486221944417731, 0.0017305722108387899, 0.0001949698112874418], [-0.0038263055409235433, -0.0005480497539132256, 0.9999925294857831, 2.404288014327996e-05], [0.0, 0.0, 0.0, 1.0]], [0.11960266052315946, 0.12530762127172768, 0.2207258169204523]], "radius": 0.11838083250641597, "volume": 0.0015792193809010511, "num_verts": 546, "num_faces": 1088, "num_hulls": 0}