{"bbox": [[-0.04423319662527492, -0.033658737432042125, -0.04135217684507928], [0.04423721662496822, -0.033658737432042125, -0.04135217684507928], [0.04423721662496822, 0.033658737432042125, -0.04135217684507928], [-0.04423319662527492, 0.033658737432042125, -0.04135217684507928], [-0.04423319662527492, -0.033658737432042125, 0.04135217684507928], [0.04423721662496822, -0.033658737432042125, 0.04135217684507928], [0.04423721662496822, 0.033658737432042125, 0.04135217684507928], [-0.04423319662527492, 0.033658737432042125, 0.04135217684507928]], "aabb": [[-0.04423319548368454, -0.03365873917937279, -0.041352175176143646], [0.04423721507191658, 0.03365873917937279, 0.041352175176143646]], "obb": [[[0.5072871601458875, -0.005935068178262898, -0.8617566432101582, 0.0002444472905235696], [0.8616999584588522, -0.009884518228948133, 0.5073218681383584, -5.942376863382323e-05], [-0.011529039124452823, -0.9999335334236477, 9.995882088624016e-05, 9.278499643467024e-07], [0.0, 0.0, 0.0, 1.0]], [0.09589058400054065, 0.07473258320256818, 0.08327132005776065]], "radius": 0.059401445298487225, "volume": 0.00021687938493277772, "num_verts": 1086, "num_faces": 2164, "num_hulls": 0}