{"bbox": [[-0.1038301120783911, -0.1038301120783911, -0.097058632595014], [0.1038301120783911, -0.1038301120783911, -0.097058632595014], [0.1038301120783911, 0.1038301120783911, -0.097058632595014], [-0.1038301120783911, 0.1038301120783911, -0.097058632595014], [-0.1038301120783911, -0.1038301120783911, 0.097058632595014], [0.1038301120783911, -0.1038301120783911, 0.097058632595014], [0.1038301120783911, 0.1038301120783911, 0.097058632595014], [-0.1038301120783911, 0.1038301120783911, 0.097058632595014]], "aabb": [[-0.10383011400699615, -0.10383011400699615, -0.09705863147974014], [0.10383011400699615, 0.10383011400699615, 0.09705863147974014]], "obb": [[[5.186986913137906e-17, 0.9897701782100656, 0.1426709302065942, 0.00047791851402130043], [6.934201893226715e-17, 0.1426709302065942, -0.9897701782100656, 6.889153917802638e-05], [-1.0, 6.123233995736766e-17, -6.123233995736766e-17, 2.956664919170374e-20], [0.0, 0.0, 0.0, 1.0]], [0.23408055188786314, 0.23544399803647148, 0.194117265190028]], "radius": 0.11888341998278834, "volume": 0.00451919090352419, "num_verts": 2739, "num_faces": 5458, "num_hulls": 0}