{"bbox": [[-0.039471900000000004, -0.08750390000000001, -0.043752000000000006], [0.0399474, -0.08750390000000001, -0.043752000000000006], [0.0399474, 0.08750390000000001, -0.043752000000000006], [-0.039471900000000004, 0.08750390000000001, -0.043752000000000006], [-0.039471900000000004, -0.08750390000000001, 0.043752000000000006], [0.0399474, -0.08750390000000001, 0.043752000000000006], [0.0399474, 0.08750390000000001, 0.043752000000000006], [-0.039471900000000004, 0.08750390000000001, 0.043752000000000006]], "aabb": [[-0.03947189822793007, -0.08750390261411667, -0.043751999735832214], [0.039947401732206345, 0.08750390261411667, 0.043751999735832214]], "obb": [[[-0.963814667847437, -0.26510246501762613, 0.027963710120673585, -0.00013214463351027278], [0.024134417542219695, 0.01769157999959949, 0.9995521686670567, 0.00013877549799163813], [-0.2654784660420362, 0.9640579292961062, -0.010653310718803257, -0.0002831727653074838], [0.0, 0.0, 0.0, 1.0]], [0.09121128988563564, 0.17874885544176528, 0.09935049008578853]], "radius": 0.09805035139977827, "volume": 0.0008499866199777998, "num_verts": 454, "num_faces": 904, "num_hulls": 0}