{"bbox": [[-0.09633135229671841, -0.13391505319278366, -0.03356340080021383], [0.09633135229671841, -0.13391505319278366, -0.03356340080021383], [0.09633135229671841, 0.13428000320148475, -0.03356340080021383], [-0.09633135229671841, 0.13428000320148475, -0.03356340080021383], [-0.09633135229671841, -0.13391505319278366, 0.03356340080021383], [0.09633135229671841, -0.13391505319278366, 0.03356340080021383], [0.09633135229671841, 0.13428000320148475, 0.03356340080021383], [-0.09633135229671841, 0.13428000320148475, 0.03356340080021383]], "aabb": [[-0.09633135050535202, -0.13391505181789398, -0.03356340155005455], [0.09633135050535202, 0.1342799961566925, 0.03356340155005455]], "obb": [[[-5.29224784746273e-06, -0.8572241299443265, -0.5149434833194652, 0.0016439342759805046], [-5.3917592627795935e-06, 0.5149434833436519, -0.8572241299291772, 0.0009231528984752486], [0.9999999999714604, -1.7601912604150846e-06, -7.3471546841959036e-06, 8.927768899735599e-07], [0.0, 0.0, 0.0, 1.0]], [0.2061857690393543, 0.2810583881158139, 0.06712917813179664]], "radius": 0.14696243567474973, "volume": 0.0008293396287127605, "num_verts": 871, "num_faces": 1738, "num_hulls": 0}