{"bbox": [[-0.05454512, -0.07840864, -0.05454512], [0.05454512, -0.07840864, -0.05454512], [0.05454512, 0.07840864, -0.05454512], [-0.05454512, 0.07840864, -0.05454512], [-0.05454512, -0.07840864, 0.05454512], [0.05454512, -0.07840864, 0.05454512], [0.05454512, 0.07840864, 0.05454512], [-0.05454512, 0.07840864, 0.05454512]], "aabb": [[-0.054545119404792786, -0.07840864360332489, -0.054545119404792786], [0.054545119404792786, 0.07840864360332489, 0.054545119404792786]], "obb": [[[-0.8165480819973983, 0.5772755520327999, 0.0014720093737112683, 0.0004163643423617725], [0.40678939230074806, 0.577203344146315, -0.7080668681825881, -0.0004198420331527995], [-0.4095993409393602, -0.577571845341804, -0.7061438545866594, -0.00041996567386307174], [0.0, 0.0, 0.0, 1.0]], [0.16349459313359338, 0.20719249017788724, 0.20731208540157264]], "radius": 0.07855648890174255, "volume": 0.0009058607394097802, "num_verts": 1955, "num_faces": 3906, "num_hulls": 0}