{"bbox": [[-0.04947192, -0.05441392, -0.05689272], [0.049464720000000004, -0.05441392, -0.05689272], [0.049464720000000004, 0.05441912, -0.05689272], [-0.04947192, 0.05441912, -0.05689272], [-0.04947192, -0.05441392, 0.05689272], [0.049464720000000004, -0.05441392, 0.05689272], [0.049464720000000004, 0.05441912, 0.05689272], [-0.04947192, 0.05441912, 0.05689272]], "aabb": [[-0.04947191849350929, -0.054413918405771255, -0.056892719119787216], [0.049464721232652664, 0.05441911891102791, 0.056892719119787216]], "obb": [[[-0.7619522239268323, 0.014511237087350904, -0.6474706421538731, 2.5896616763346006e-05], [-0.6476018389182079, -0.007227687944681568, 0.7619446297184133, 0.00034033698361074613], [0.006377043414446909, 0.9998685836274529, 0.014904656726045821, -0.0005446419078472487], [0.0, 0.0, 0.0, 1.0]], [0.11262357769948576, 0.12128072620332195, 0.11610692159785643]], "radius": 0.07878994415553295, "volume": 0.0005036838861632709, "num_verts": 1118, "num_faces": 2228, "num_hulls": 0}