{"bbox": [[-0.0650516, -0.0633836, -0.0767275], [0.0650516, -0.0633836, -0.0767275], [0.0650516, 0.0633836, -0.0767275], [-0.0650516, 0.0633836, -0.0767275], [-0.0650516, -0.0633836, 0.0767275], [0.0650516, -0.0633836, 0.0767275], [0.0650516, 0.0633836, 0.0767275], [-0.0650516, 0.0633836, 0.0767275]], "aabb": [[-0.0650516003370285, -0.06338360160589218, -0.0767275020480156], [0.0650516003370285, 0.06338360160589218, 0.0767275020480156]], "obb": [[[-0.9764149259128908, 0.21559124584637143, -0.011589096985245979, 0.00025225802976167055], [0.21388036748893044, 0.9732046829022777, 0.084426498090807, 0.0044043475392458835], [0.029480177362493438, 0.07995661255635088, -0.9963623132431243, -0.002113698931259834], [0.0, 0.0, 0.0, 1.0]], [0.14831189043147697, 0.16112411904300697, 0.16689129958034482]], "radius": 0.09885671894949781, "volume": 0.001556712265705242, "num_verts": 1644, "num_faces": 3252, "num_hulls": 0}