{"bbox": [[-0.0830939936604314, -0.07767479407388352, -0.0830939936604314], [0.08308343366123706, -0.07767479407388352, -0.0830939936604314], [0.08308343366123706, 0.07767479407388352, -0.0830939936604314], [-0.0830939936604314, 0.07767479407388352, -0.0830939936604314], [-0.0830939936604314, -0.07767479407388352, 0.0830939936604314], [0.08308343366123706, -0.07767479407388352, 0.0830939936604314], [0.08308343366123706, 0.07767479407388352, 0.0830939936604314], [-0.0830939936604314, 0.07767479407388352, 0.0830939936604314]], "aabb": [[-0.08309399336576462, -0.07767479121685028, -0.08309399336576462], [0.08308343589305878, 0.07767479121685028, 0.08309399336576462]], "obb": [[[0.6592957320114289, 0.013355350849595195, 0.7517651045075173, 0.00019181891553222294], [0.7515841083589617, 0.01651746670493145, -0.6594304370863661, 2.414085536971323e-06], [-0.021224179931822556, 0.9997743784961363, 0.0008522258420880759, -8.674538481390766e-05], [0.0, 0.0, 0.0, 1.0]], [0.18429304957303705, 0.17340855025285065, 0.16799749754064544]], "radius": 0.11804950269767647, "volume": 0.0017559161405016192, "num_verts": 1082, "num_faces": 2156, "num_hulls": 0}