{"bbox": [[-0.07525672, -0.02460712, -0.024402080000000003], [0.07546184, -0.02460712, -0.024402080000000003], [0.07546184, 0.02460712, -0.024402080000000003], [-0.07525672, 0.02460712, -0.024402080000000003], [-0.07525672, -0.02460712, 0.024402080000000003], [0.07546184, -0.02460712, 0.024402080000000003], [0.07546184, 0.02460712, 0.024402080000000003], [-0.07525672, 0.02460712, 0.024402080000000003]], "aabb": [[-0.07525672018527985, -0.02460712008178234, -0.024402080103754997], [0.07546184211969376, 0.02460712008178234, 0.024402080103754997]], "obb": [[[-7.375427569320323e-18, 0.027810883571327678, -0.9996132025713657, -2.1475135219453324e-05], [0.11483020013021325, -0.9930008955296037, -0.027626918312762396, 0.001761115078140614], [-0.9933851343452121, -0.11478578410407331, -0.0031935293262936103, 6.13871367011009e-05], [0.0, 0.0, 0.0, 1.0]], [0.15183491758573817, 0.058229944298986036, 0.054432994988962424]], "radius": 0.07806062929082752, "volume": 0.0001452303399258967, "num_verts": 1738, "num_faces": 3440, "num_hulls": 0}