{"bbox": [[-0.023234998227310316, -0.02690897794700791, -0.056264155707385584], [0.023234998227310316, -0.02690897794700791, -0.056264155707385584], [0.023234998227310316, 0.02690897794700791, -0.056264155707385584], [-0.023234998227310316, 0.02690897794700791, -0.056264155707385584], [-0.023234998227310316, -0.02690897794700791, 0.056264155707385584], [0.023234998227310316, -0.02690897794700791, 0.056264155707385584], [0.023234998227310316, 0.02690897794700791, 0.056264155707385584], [-0.023234998227310316, 0.02690897794700791, 0.056264155707385584]], "aabb": [[-0.023234998807311058, -0.026908978819847107, -0.056264154613018036], [0.023234998807311058, 0.026908978819847107, 0.056264154613018036]], "obb": [[[0.7982131098521227, -0.6001098327244131, 0.05219214431004218, 0.0008519586080571666], [0.5988310891556664, 0.7999176136749816, 0.039155306066499536, 0.0010982380007275596], [-0.06524689970290945, 0.0, 0.997869150780381, -1.5734069540819398e-05], [0.0, 0.0, 0.0, 1.0]], [0.0675152561410049, 0.07166598123839726, 0.11526654852557348]], "radius": 0.05921858122153726, "volume": 0.00014631110734456966, "num_verts": 996, "num_faces": 1988, "num_hulls": 0}