{"bbox": [[-0.03966557697375664, -0.03588437726223928, -0.0434432966855395], [0.03966557697375664, -0.03588437726223928, -0.0434432966855395], [0.03966557697375664, 0.0358879172619692, -0.0434432966855395], [-0.03966557697375664, 0.0358879172619692, -0.0434432966855395], [-0.03966557697375664, -0.03588437726223928, 0.0434432966855395], [0.03966557697375664, -0.03588437726223928, 0.0434432966855395], [0.03966557697375664, 0.0358879172619692, 0.0434432966855395], [-0.03966557697375664, 0.0358879172619692, 0.0434432966855395]], "aabb": [[-0.039665576070547104, -0.03588437661528587, -0.04344329610466957], [0.039665576070547104, 0.03588791564106941, 0.04344329610466957]], "obb": [[[0.6349778058171244, 0.020913749259830673, 0.7722472409866981, -0.0001784966047885747], [0.7720055557557371, 0.01966265540521415, -0.6353115785696742, -0.00021020098591373313], [-0.02847117844322219, 0.9995879126291556, -0.0036601808345306085, -0.00025739699438591363], [0.0, 0.0, 0.0, 1.0]], [0.09057599170448846, 0.0821757544770005, 0.08812757236388728]], "radius": 0.05916200433087253, "volume": 0.00020642714190871446, "num_verts": 1073, "num_faces": 2138, "num_hulls": 0}