{"bbox": [[-0.06137550146330598, -0.10083105240399962, -0.10083105240399962], [0.06137550146330598, -0.10083105240399962, -0.10083105240399962], [0.06137550146330598, 0.10083105240399962, -0.10083105240399962], [-0.06137550146330598, 0.10083105240399962, -0.10083105240399962], [-0.06137550146330598, -0.10083105240399962, 0.10082190240378147], [0.06137550146330598, -0.10083105240399962, 0.10082190240378147], [0.06137550146330598, 0.10083105240399962, 0.10082190240378147], [-0.06137550146330598, 0.10083105240399962, 0.10082190240378147]], "aabb": [[-0.06137550249695778, -0.1008310541510582, -0.1008310541510582], [0.06137550249695778, 0.1008310541510582, 0.10082190483808517]], "obb": [[[-0.997844937522452, -0.02365466832314049, -0.06120406299696269, -0.0003472401660019036], [0.024373541565157288, -0.9996421191294123, -0.011025612637370345, 0.00028280927839867924], [-0.06092135202361741, -0.012493611526696544, 0.9980643759490839, 0.0005163775595691116], [0.0, 0.0, 0.0, 1.0]], [0.13387967297649103, 0.20665259155852922, 0.21145871076325234]], "radius": 0.1468039460602584, "volume": 0.004436490859947562, "num_verts": 588, "num_faces": 1168, "num_hulls": 0}