{"bbox": [[-0.0575519956091312, -0.016265338759053137, -0.016265338759053137], [0.0575541556089664, -0.016265338759053137, -0.016265338759053137], [0.0575541556089664, 0.016265338759053137, -0.016265338759053137], [-0.0575519956091312, 0.016265338759053137, -0.016265338759053137], [-0.0575519956091312, -0.016265338759053137, 0.016265338759053137], [0.0575541556089664, -0.016265338759053137, 0.016265338759053137], [0.0575541556089664, 0.016265338759053137, 0.016265338759053137], [-0.0575519956091312, 0.016265338759053137, 0.016265338759053137]], "aabb": [[-0.057551994919776917, -0.01626533828675747, -0.01626533828675747], [0.057554155588150024, 0.01626533828675747, 0.01626533828675747]], "obb": [[[-5.810975848061924e-17, -1.930428517140029e-17, -1.0, 1.079999917601163e-06], [-0.3152629016764782, 0.9490043745033672, 6.494149013026796e-33, 0.0001553495395429046], [0.9490043745033673, 0.3152629016764782, -6.123233995736767e-17, -5.2588013603655744e-05], [0.0, 0.0, 0.0, 1.0]], [0.1151061512180976, 0.04082563189261339, 0.040785115353709614]], "radius": 0.05871613301472746, "volume": 4.8687018496704036e-05, "num_verts": 959, "num_faces": 1910, "num_hulls": 0}