{"bbox": [[-0.05920785141162518, -0.1312558531293834, -0.06562800156469349], [0.059921101428630386, -0.1312558531293834, -0.06562800156469349], [0.059921101428630386, 0.1312558531293834, -0.06562800156469349], [-0.05920785141162518, 0.1312558531293834, -0.06562800156469349], [-0.05920785141162518, -0.1312558531293834, 0.06562800156469349], [0.059921101428630386, -0.1312558531293834, 0.06562800156469349], [0.059921101428630386, 0.1312558531293834, 0.06562800156469349], [-0.05920785141162518, 0.1312558531293834, 0.06562800156469349]], "aabb": [[-0.05920785292983055, -0.1312558501958847, -0.06562799960374832], [0.05992110073566437, 0.1312558501958847, 0.06562799960374832]], "obb": [[[-0.963814667847437, -0.2651024650176267, 0.027963710120673613, -0.00019821695499126622], [0.02413441754221972, 0.017691579999599506, 0.9995521686670567, 0.0002081632519504622], [-0.26547846604203673, 0.9640579292961062, -0.010653310718803257, -0.00042475915808826815], [0.0, 0.0, 0.0, 1.0]], [0.1368169380904235, 0.2681232895552052, 0.14902573868173333]], "radius": 0.1470755306062213, "volume": 0.0028687050476108424, "num_verts": 454, "num_faces": 904, "num_hulls": 0}