{"bbox": [[-0.06333208, -0.06936376, -0.06031632], [0.06333208, -0.06936376, -0.06031632], [0.06333208, 0.06936376, -0.06031632], [-0.06333208, 0.06936376, -0.06031632], [-0.06333208, -0.06936376, 0.06031632], [0.06333208, -0.06936376, 0.06031632], [0.06333208, 0.06936376, 0.06031632], [-0.06333208, 0.06936376, 0.06031632]], "aabb": [[-0.06333208084106445, -0.06936375796794891, -0.06031632050871849], [0.06333208084106445, 0.06936375796794891, 0.06031632050871849]], "obb": [[[0.8954012810235902, -0.4052361448647693, -0.18449989928575447, 7.17181892364278e-05], [-0.002522320067933325, 0.40974133618485664, -0.9121982653584269, -0.0003706196115723128], [0.4452529436654953, 0.8172488631479324, 0.36586078204779393, -0.00014205511586768836], [0.0, 0.0, 0.0, 1.0]], [0.1871581120918012, 0.17138355998816385, 0.20769837034388866]], "radius": 0.07875085100828978, "volume": 0.0011003636799621127, "num_verts": 2365, "num_faces": 4726, "num_hulls": 0}