{"bbox": [[-0.0968113523081625, -0.0968113523081625, -0.10603140252798562], [0.0968113523081625, -0.0968113523081625, -0.10603140252798562], [0.0968113523081625, 0.0968113523081625, -0.10603140252798562], [-0.0968113523081625, 0.0968113523081625, -0.10603140252798562], [-0.0968113523081625, -0.0968113523081625, 0.10603140252798562], [0.0968113523081625, -0.0968113523081625, 0.10603140252798562], [0.0968113523081625, 0.0968113523081625, 0.10603140252798562], [-0.0968113523081625, 0.0968113523081625, 0.10603140252798562]], "aabb": [[-0.09681135416030884, -0.09681135416030884, -0.1060314029455185], [0.09681135416030884, 0.09681135416030884, 0.1060314029455185]], "obb": [[[-0.7071616436756138, -6.257206986415786e-05, -0.7070519116717954, 0.0005768223380799954], [-0.7070519144405197, 6.258178058726632e-05, 0.7071616409064596, -0.0005753830165212414], [0.0, 0.9999999960841284, -8.849713661219666e-05, -2.7406925060840706e-06], [0.0, 0.0, 0.0, 1.0]], [0.21400707392268287, 0.21402406420253894, 0.2120929975522085]], "radius": 0.14771891430402717, "volume": 0.003245070690218136, "num_verts": 999, "num_faces": 1990, "num_hulls": 0}