{"bbox": [[-0.046081376484269986, -0.046081376484269986, -0.05047007614943877], [0.046081376484269986, -0.046081376484269986, -0.05047007614943877], [0.046081376484269986, 0.046081376484269986, -0.05047007614943877], [-0.046081376484269986, 0.046081376484269986, -0.05047007614943877], [-0.046081376484269986, -0.046081376484269986, 0.05047007614943877], [0.046081376484269986, -0.046081376484269986, 0.05047007614943877], [0.046081376484269986, 0.046081376484269986, 0.05047007614943877], [-0.046081376484269986, 0.046081376484269986, 0.05047007614943877]], "aabb": [[-0.04608137533068657, -0.04608137533068657, -0.050470076501369476], [0.04608137533068657, 0.04608137533068657, 0.050470076501369476]], "obb": [[[-0.8301159522592682, 0.5558904130202916, -0.04351269374352712, -0.001365419284822706], [0.5564174102951539, 0.8309029218389078, 0.0, 0.00048090973114323283], [0.036154824368578246, -0.024211220367739504, -0.9990528742179675, -0.00017929836330577654], [0.0, 0.0, 0.0, 1.0]], [0.11665931050682185, 0.11265433230325025, 0.10601989551014654]], "radius": 0.059305904110711745, "volume": 0.00046320976825704383, "num_verts": 2089, "num_faces": 4170, "num_hulls": 0}