{"bbox": [[-0.039743276967828596, -0.10156619225111449, -0.06182291528328588], [0.039743276967828596, -0.10156619225111449, -0.06182291528328588], [0.039743276967828596, 0.10156619225111449, -0.06182291528328588], [-0.039743276967828596, 0.10156619225111449, -0.06182291528328588], [-0.039743276967828596, -0.10156619225111449, 0.06182291528328588], [0.039743276967828596, -0.10156619225111449, 0.06182291528328588], [0.039743276967828596, 0.10156619225111449, 0.06182291528328588], [-0.039743276967828596, 0.10156619225111449, 0.06182291528328588]], "aabb": [[-0.03974327817559242, -0.10156619548797607, -0.06182291358709335], [0.03974327817559242, 0.10156619548797607, 0.06182291358709335]], "obb": [[[0.9477572595988519, -0.3178366700119494, 0.027129837327002023, -0.0001412690119112311], [0.02618992482564167, -0.007230539415937633, -0.9996308354274501, -0.00039789223960251606], [0.3179154993316645, 0.9481179095953571, 0.0014713222721746968, 0.00020818013328757515], [0.0, 0.0, 0.0, 1.0]], [0.09554431843857514, 0.20639144850937538, 0.13316943615331997]], "radius": 0.11798567998857562, "volume": 0.0011947095709818668, "num_verts": 413, "num_faces": 822, "num_hulls": 0}