{"bbox": [[-0.07582980180792336, -0.14689920350234992, -0.06706260159889701], [0.07662810182695631, -0.14689920350234992, -0.06706260159889701], [0.07662810182695631, 0.14689920350234992, -0.06706260159889701], [-0.07582980180792336, 0.14689920350234992, -0.06706260159889701], [-0.07582980180792336, -0.14689920350234992, 0.06706260159889701], [0.07662810182695631, -0.14689920350234992, 0.06706260159889701], [0.07662810182695631, 0.14689920350234992, 0.06706260159889701], [-0.07582980180792336, 0.14689920350234992, 0.06706260159889701]], "aabb": [[-0.07582980394363403, -0.14689920842647552, -0.06706260144710541], [0.07662810385227203, 0.14689920842647552, 0.06706260144710541]], "obb": [[[0.8724396372230939, -0.48872188349002355, -6.123233995736765e-17, 0.0005279667249271672], [-8.334710497319314e-17, -2.349593594426087e-17, -1.0, -5.0587653813020093e-20], [0.4887218834900235, 0.8724396372230941, -6.123233995736767e-17, 0.00029819235780985035], [0.0, 0.0, 0.0, 1.0]], [0.19055425995750516, 0.29379840700469984, 0.19761164462052114]], "radius": 0.1472456723763249, "volume": 0.0029782032894884766, "num_verts": 1000, "num_faces": 1992, "num_hulls": 0}