{"bbox": [[-0.0473662763862399, -0.1050046719887793, -0.052502395994385075], [0.047936876342706575, -0.1050046719887793, -0.052502395994385075], [0.047936876342706575, 0.1050046719887793, -0.052502395994385075], [-0.0473662763862399, 0.1050046719887793, -0.052502395994385075], [-0.0473662763862399, -0.1050046719887793, 0.052502395994385075], [0.047936876342706575, -0.1050046719887793, 0.052502395994385075], [0.047936876342706575, 0.1050046719887793, 0.052502395994385075], [-0.0473662763862399, 0.1050046719887793, 0.052502395994385075]], "aabb": [[-0.04736627638339996, -0.1050046756863594, -0.05250239744782448], [0.047936875373125076, 0.1050046756863594, 0.05250239744782448]], "obb": [[[-0.9638146678474371, -0.2651024650176264, 0.02796371012067366, -0.0001585735481141265], [0.024134417542219712, 0.01769157999959972, 0.9995521686670565, 0.00016653058488469986], [-0.2654784660420364, 0.9640579292961062, -0.010653310718803473, -0.00033980729244374914], [0.0, 0.0, 0.0, 1.0]], [0.10945353951212046, 0.21449861016517313, 0.11922057900713798]], "radius": 0.11766041270295684, "volume": 0.00146877654314534, "num_verts": 454, "num_faces": 904, "num_hulls": 0}