{"bbox": [[-0.030928257640361202, -0.04445939660801723, -0.042526376755494935], [0.030928257640361202, -0.04445939660801723, -0.042526376755494935], [0.030928257640361202, 0.04445939660801723, -0.042526376755494935], [-0.030928257640361202, 0.04445939660801723, -0.042526376755494935], [-0.030928257640361202, -0.04445939660801723, 0.042526376755494935], [0.030928257640361202, -0.04445939660801723, 0.042526376755494935], [0.030928257640361202, 0.04445939660801723, 0.042526376755494935], [-0.030928257640361202, 0.04445939660801723, 0.042526376755494935]], "aabb": [[-0.03092825785279274, -0.04445939511060715, -0.042526375502347946], [0.03092825785279274, 0.04445939511060715, 0.042526375502347946]], "obb": [[[-0.9226268013168359, 0.3808771340341993, -0.06076507435820552, 0.00018715498729053088], [0.06544242817533327, -0.0006717735542590756, -0.9978561205478516, -0.0006833732969134226], [-0.38010139974272655, -0.9246254146897469, -0.024305728202084584, 0.0005273224197627136], [0.0, 0.0, 0.0, 1.0]], [0.07050172848326973, 0.09070882519592807, 0.09010163798740459]], "radius": 0.05865193212471809, "volume": 0.00020385953313625002, "num_verts": 849, "num_faces": 1686, "num_hulls": 0}