{"bbox": [[-0.0469011, -0.0431491, -0.0862981], [0.0469011, -0.0431491, -0.0862981], [0.0469011, 0.0431491, -0.0862981], [-0.0469011, 0.0431491, -0.0862981], [-0.0469011, -0.0431491, 0.0862981], [0.0469011, -0.0431491, 0.0862981], [0.0469011, 0.0431491, 0.0862981], [-0.0469011, 0.0431491, 0.0862981]], "aabb": [[-0.046901099383831024, -0.04314909875392914, -0.08629810065031052], [0.046901099383831024, 0.04314909875392914, 0.08629810065031052]], "obb": [[[0.0032465316127767317, 0.999993191609387, 0.0017540716514786068, -6.212916945250659e-05], [0.9978833031471488, -0.003125745368343986, -0.06495493065216548, 0.0017953639717313019], [-0.06494900563228506, 0.0019612370493022227, -0.997886656998987, -0.0006994337593207714], [0.0, 0.0, 0.0, 1.0]], [0.09439850495956163, 0.09271389079880071, 0.1799400637136328]], "radius": 0.09859667830287186, "volume": 0.0005237241105132857, "num_verts": 2011, "num_faces": 3982, "num_hulls": 0}