{"bbox": [[-0.0729607, -0.0570996, -0.0697885], [0.0729537, -0.0570996, -0.0697885], [0.0729537, 0.0570996, -0.0697885], [-0.0729607, 0.0570996, -0.0697885], [-0.0729607, -0.0570996, 0.0697885], [0.0729537, -0.0570996, 0.0697885], [0.0729537, 0.0570996, 0.0697885], [-0.0729607, 0.0570996, 0.0697885]], "aabb": [[-0.07296069711446762, -0.057099599391222, -0.06978850066661835], [0.07295370101928711, 0.057099599391222, 0.06978850066661835]], "obb": [[[0.5320481352084871, 0.009001126808173141, 0.8466662633749821, -0.00010906924610367685], [0.8467093183271228, -0.00901959211486495, -0.5319793014921729, 0.0007044151005449994], [0.0028481712010047402, 0.9999188100412277, -0.012420195108979343, -0.0006356146801053751], [0.0, 0.0, 0.0, 1.0]], [0.16032990251596105, 0.12762766348190813, 0.1414609677992784]], "radius": 0.09865156901524678, "volume": 0.000994263571546237, "num_verts": 1128, "num_faces": 2248, "num_hulls": 0}