{"bbox": [[-0.03434735737950459, -0.04177379681291223, -0.042702116742087036], [0.03434735737950459, -0.04177379681291223, -0.042702116742087036], [0.03434735737950459, 0.04177379681291223, -0.042702116742087036], [-0.03434735737950459, 0.04177379681291223, -0.042702116742087036], [-0.03434735737950459, -0.04177379681291223, 0.042702116742087036], [0.03434735737950459, -0.04177379681291223, 0.042702116742087036], [0.03434735737950459, 0.04177379681291223, 0.042702116742087036], [-0.03434735737950459, 0.04177379681291223, 0.042702116742087036]], "aabb": [[-0.03434735909104347, -0.04177379608154297, -0.04270211607217789], [0.03434735909104347, 0.04177379608154297, 0.04270211607217789]], "obb": [[[0.8216277997499901, 0.00040570962397277577, 0.5700242048173841, -9.455243305767612e-05], [0.5700241353239792, 0.00028147085294339785, -0.8216278999171758, -6.59372214225855e-05], [-0.0004937875454492701, 0.9999998780869226, -6.124323187561041e-17, -2.0714821387931466e-06], [0.0, 0.0, 0.0, 1.0]], [0.07611365559169041, 0.09174824517769609, 0.0854207800991282]], "radius": 0.05913802933292042, "volume": 0.00020345219059001118, "num_verts": 992, "num_faces": 1976, "num_hulls": 0}