{"bbox": [[-0.012540359043246532, -0.018413698595146286, -0.058415815543226966], [0.012699059031138686, -0.018413698595146286, -0.058415815543226966], [0.012699059031138686, 0.018413698595146286, -0.058415815543226966], [-0.012540359043246532, 0.018413698595146286, -0.058415815543226966], [-0.012540359043246532, -0.018413698595146286, 0.058415815543226966], [0.012699059031138686, -0.018413698595146286, 0.058415815543226966], [0.012699059031138686, 0.018413698595146286, 0.058415815543226966], [-0.012540359043246532, 0.018413698595146286, 0.058415815543226966]], "aabb": [[-0.012540359050035477, -0.01841369830071926, -0.058415815234184265], [0.012699059210717678, 0.01841369830071926, 0.058415815234184265]], "obb": [[[0.9976249190585359, 0.06853645896906922, 0.0068756574544613395, 3.700516841866012e-05], [-0.06847309850272615, 0.9976118008489009, -0.009062537638516137, 0.0003544198703497992], [-0.00748035125418315, 0.00857021580793926, 0.9999352957797416, 2.2384777651386463e-05], [0.0, 0.0, 0.0, 1.0]], [0.02816482347017723, 0.03970216001287088, 0.11737032152055439]], "radius": 0.05878508994669224, "volume": 7.325643241594637e-05, "num_verts": 1120, "num_faces": 2236, "num_hulls": 0}