{"bbox": [[-0.033109800789399166, -0.13845930330112705, -0.05417970129174474], [0.033109800789399166, -0.13845930330112705, -0.05417970129174474], [0.033109800789399166, 0.13845930330112705, -0.05417970129174474], [-0.033109800789399166, 0.13845930330112705, -0.05417970129174474], [-0.033109800789399166, -0.13845930330112705, 0.05417970129174474], [0.033109800789399166, -0.13845930330112705, 0.05417970129174474], [0.033109800789399166, 0.13845930330112705, 0.05417970129174474], [-0.033109800789399166, 0.13845930330112705, 0.05417970129174474]], "aabb": [[-0.03310979902744293, -0.13845930993556976, -0.05417970195412636], [0.03310979902744293, 0.13845930993556976, 0.05417970195412636]], "obb": [[[-0.9191692230810339, 0.3938124065405742, -0.006302998915631884, 0.0014071582059781392], [0.00685711680934875, 2.0170481035376504e-16, -0.9999764896981643, 7.206217825434928e-07], [-0.39380314789202975, -0.9191908335349747, -0.00270041767261964, -4.139605613882765e-05], [0.0, 0.0, 0.0, 1.0]], [0.102576192105065, 0.27764544390527296, 0.12669975615987702]], "radius": 0.14788715679435754, "volume": 0.0013577418213802403, "num_verts": 392, "num_faces": 780, "num_hulls": 0}