{"bbox": [[-0.0488243, -0.0802114, -0.0523118], [0.0488243, -0.0802114, -0.0523118], [0.0488243, 0.0802114, -0.0523118], [-0.0488243, 0.0802114, -0.0523118], [-0.0488243, -0.0802114, 0.0523118], [0.0488243, -0.0802114, 0.0523118], [0.0488243, 0.0802114, 0.0523118], [-0.0488243, 0.0802114, 0.0523118]], "aabb": [[-0.04882429912686348, -0.08021140098571777, -0.05231180042028427], [0.04882429912686348, 0.08021140098571777, 0.05231180042028427]], "obb": [[[-0.9857386834636125, -0.16769763691352405, -0.014026777856803872, 0.0007636776681225923], [-0.010667354130640919, -0.02091673606227949, 0.9997243108519231, 3.0260787065907753e-05], [-0.1679447989051038, 0.9856165546124521, 0.01882954578855904, 0.000465299786396898], [0.0, 0.0, 0.0, 1.0]], [0.1042210811321101, 0.1643240639067544, 0.11376847667171046]], "radius": 0.09836138762466702, "volume": 0.001270963320271477, "num_verts": 551, "num_faces": 1094, "num_hulls": 0}