{"bbox": [[-0.021941638325985845, -0.04806269633310727, -0.03447971736940633], [0.021941638325985845, -0.04806269633310727, -0.03447971736940633], [0.021941638325985845, 0.04806269633310727, -0.03447971736940633], [-0.021941638325985845, 0.04806269633310727, -0.03447971736940633], [-0.021941638325985845, -0.04806269633310727, 0.03447971736940633], [0.021941638325985845, -0.04806269633310727, 0.03447971736940633], [0.021941638325985845, 0.04806269633310727, 0.03447971736940633], [-0.021941638325985845, 0.04806269633310727, 0.03447971736940633]], "aabb": [[-0.021941637620329857, -0.04806269705295563, -0.034479718655347824], [0.021941637620329857, 0.04806269705295563, 0.034479718655347824]], "obb": [[[-0.9486388578244032, 0.3163610554818845, -6.123233995736766e-17, 0.0003131071472330231], [7.745890473761121e-17, 3.8715849340534413e-17, -1.0, 6.358651529277195e-21], [-0.3163610554818845, -0.948638857824403, -6.123233995736766e-17, -0.0004169518073212107], [0.0, 0.0, 0.0, 1.0]], [0.047649573381342486, 0.09612539266621455, 0.07355110349392607]], "radius": 0.058827571285291376, "volume": 0.0001698149303007795, "num_verts": 345, "num_faces": 686, "num_hulls": 0}