{"bbox": [[-0.045302456543696856, -0.026590557971301425, -0.037423737144795445], [0.045302456543696856, -0.026590557971301425, -0.037423737144795445], [0.045302456543696856, 0.026590557971301425, -0.037423737144795445], [-0.045302456543696856, 0.026590557971301425, -0.037423737144795445], [-0.045302456543696856, -0.026590557971301425, 0.03742289714485953], [0.045302456543696856, -0.026590557971301425, 0.03742289714485953], [0.045302456543696856, 0.026590557971301425, 0.03742289714485953], [-0.045302456543696856, 0.026590557971301425, 0.03742289714485953]], "aabb": [[-0.045302458107471466, -0.026590557768940926, -0.03742373734712601], [0.045302458107471466, 0.026590557768940926, 0.037422895431518555]], "obb": [[[0.044461424391544394, 0.011417080235497831, -0.9989458604048426, -0.00040358216270070673], [-0.9990111019108222, 0.0005081221306668068, -0.04445852078989296, -3.975947065433767e-05], [-6.140946072502701e-17, 0.9999346939129559, 0.011428381740363269, -0.00046680757726027795], [0.0, 0.0, 0.0, 1.0]], [0.09384766879542712, 0.05588150683708669, 0.07586337989556037]], "radius": 0.05900335572122919, "volume": 0.00027450046598033966, "num_verts": 895, "num_faces": 1750, "num_hulls": 0}