{"bbox": [[-0.043842160000000005, -0.0720264, -0.0328816], [0.043579520000000004, -0.0720264, -0.0328816], [0.043579520000000004, 0.07201968, -0.0328816], [-0.043842160000000005, 0.07201968, -0.0328816], [-0.043842160000000005, -0.0720264, 0.0328816], [0.043579520000000004, -0.0720264, 0.0328816], [0.043579520000000004, 0.07201968, 0.0328816], [-0.043842160000000005, 0.07201968, 0.0328816]], "aabb": [[-0.04384215921163559, -0.07202640175819397, -0.03288159891963005], [0.04357951879501343, 0.07201968133449554, 0.03288159891963005]], "obb": [[[-0.7070256581733192, -0.7071878948939841, -6.123233995736765e-17, -0.00013015660247003217], [-9.934134033348003e-21, 8.659560505373393e-17, -1.0, -3.359999999994099e-06], [0.7071878948939844, -0.7070256581733191, -6.123233995736767e-17, 0.003000956995866321], [0.0, 0.0, 0.0, 1.0]], [0.09942506625930683, 0.14404608000000002, 0.09942500480030869]], "radius": 0.07878869585877853, "volume": 0.00025203175375015317, "num_verts": 2343, "num_faces": 4642, "num_hulls": 0}