{"bbox": [[-0.029130117777548387, -0.1030756721359503, -0.06050087538414952], [0.029130117777548387, -0.1030756721359503, -0.06050087538414952], [0.029130117777548387, 0.1030756721359503, -0.06050087538414952], [-0.029130117777548387, 0.1030756721359503, -0.06050087538414952], [-0.029130117777548387, -0.1030756721359503, 0.06050087538414952], [0.029130117777548387, -0.1030756721359503, 0.06050087538414952], [0.029130117777548387, 0.1030756721359503, 0.06050087538414952], [-0.029130117777548387, 0.1030756721359503, 0.06050087538414952]], "aabb": [[-0.0291301179677248, -0.10307567566633224, -0.06050087511539459], [0.0291301179677248, 0.10307567566633224, 0.06050087511539459]], "obb": [[[-0.9897622538553094, -0.1374938044206553, -0.038290136970150226, -7.700559666776249e-05], [-0.036836886384386106, -0.01309951261643621, 0.9992354310024818, -4.327667089968653e-05], [-0.13789026305277002, 0.99041600174631, 0.00790055947964928, -0.00015939000766369228], [0.0, 0.0, 0.0, 1.0]], [0.0631039079337343, 0.2095991868021323, 0.12609198253104972]], "radius": 0.11762042093108327, "volume": 0.0009065485413367642, "num_verts": 277, "num_faces": 550, "num_hulls": 0}