{"bbox": [[-0.02966368, -0.06497752, -0.046614319999999994], [0.02966368, -0.06497752, -0.046614319999999994], [0.02966368, 0.06497752, -0.046614319999999994], [-0.02966368, 0.06497752, -0.046614319999999994], [-0.02966368, -0.06497752, 0.046614319999999994], [0.02966368, -0.06497752, 0.046614319999999994], [0.02966368, 0.06497752, 0.046614319999999994], [-0.02966368, 0.06497752, 0.046614319999999994]], "aabb": [[-0.029663680121302605, -0.06497751921415329, -0.04661431908607483], [0.029663680121302605, 0.06497751921415329, 0.04661431908607483]], "obb": [[[0.9484819258867275, -0.3165064931697822, 0.014341410236467877, 0.0003092870577037398], [0.012305585923827154, -0.008430123637754477, -0.9998887465966019, 2.3858726277075563e-05], [0.3165921806066526, 0.9485528835003448, -0.004101022056250627, -0.0008580903025032854], [0.0, 0.0, 0.0, 1.0]], [0.06573802332560577, 0.13213844682591316, 0.0992225279044195]], "radius": 0.07870933714491565, "volume": 0.00040389969157026063, "num_verts": 363, "num_faces": 722, "num_hulls": 0}