{"bbox": [[-0.017926558632312115, -0.05153741606800719, -0.03361229743558521], [0.017926558632312115, -0.05153741606800719, -0.03361229743558521], [0.017926558632312115, 0.051538856067897335, -0.03361229743558521], [-0.017926558632312115, 0.051538856067897335, -0.03361229743558521], [-0.017926558632312115, -0.05153741606800719, 0.03361229743558521], [0.017926558632312115, -0.05153741606800719, 0.03361229743558521], [0.017926558632312115, 0.051538856067897335, 0.03361229743558521], [-0.017926558632312115, 0.051538856067897335, 0.03361229743558521]], "aabb": [[-0.01792655885219574, -0.051537416875362396, -0.03361229598522186], [0.01792655885219574, 0.0515388548374176, 0.03361229598522186]], "obb": [[[-0.9998037078218855, 0.016489743754193036, 0.010983359073175068, 0.0001594118928885528], [-0.010984847984528706, 2.816615647263315e-07, -0.9999396647371667, 8.840229744257048e-05], [-0.016488751934759682, -0.9998640349321709, 0.00018085572216687795, -2.510348723946214e-05], [0.0, 0.0, 0.0, 1.0]], [0.037580838638959925, 0.10352669055714987, 0.0681216748359383]], "radius": 0.05906237965168158, "volume": 0.00020738391988721027, "num_verts": 634, "num_faces": 1248, "num_hulls": 0}