{"bbox": [[-0.09500330000000001, -0.01139, -0.0235567], [0.0952622, -0.01139, -0.0235567], [0.0952622, 0.01139, -0.0235567], [-0.09500330000000001, 0.01139, -0.0235567], [-0.09500330000000001, -0.01139, 0.0235567], [0.0952622, -0.01139, 0.0235567], [0.0952622, 0.01139, 0.0235567], [-0.09500330000000001, 0.01139, 0.0235567]], "aabb": [[-0.09500329941511154, -0.011389999650418758, -0.023556699976325035], [0.09526219964027405, 0.011389999650418758, 0.023556699976325035]], "obb": [[[8.190114446086903e-20, 3.165957934588992e-18, 1.0, 0.00012945000000000317], [0.998662452806509, -0.051704016811920876, 8.190114446086902e-20, -0.0008821829373792095], [0.051704016811920876, 0.9986624528065088, -3.1659579345889915e-18, -4.564734637699192e-05], [0.0, 0.0, 0.0, 1.0]], [0.19026550000000003, 0.025388570302777098, 0.04758945752943688]], "radius": 0.0979096914024475, "volume": 9.535948191958598e-05, "num_verts": 645, "num_faces": 1282, "num_hulls": 0}