{"bbox": [[-0.06422090000000001, -0.0892767, -0.022375600000000002], [0.06422090000000001, -0.0892767, -0.022375600000000002], [0.06422090000000001, 0.08952, -0.022375600000000002], [-0.06422090000000001, 0.08952, -0.022375600000000002], [-0.06422090000000001, -0.0892767, 0.022375600000000002], [0.06422090000000001, -0.0892767, 0.022375600000000002], [0.06422090000000001, 0.08952, 0.022375600000000002], [-0.06422090000000001, 0.08952, 0.022375600000000002]], "aabb": [[-0.06422089785337448, -0.08927670121192932, -0.022375600412487984], [0.06422089785337448, 0.08951999992132187, 0.022375600412487984]], "obb": [[[-5.2922478477674165e-06, -0.8572241299443264, -0.5149434833194656, 0.0010959561578573857], [-5.3917592628555935e-06, 0.5149434833436525, -0.8572241299291771, 0.000615435250977012], [0.9999999999714604, -1.76019126063713e-06, -7.347154684417949e-06, 5.951845791434168e-07], [0.0, 0.0, 0.0, 1.0]], [0.1374571760823351, 0.1873722542765732, 0.04475278435420828]], "radius": 0.09797495478059483, "volume": 0.00024573024278333905, "num_verts": 871, "num_faces": 1738, "num_hulls": 0}