{"bbox": [[-0.036217557236819665, -0.06817427479871561, -0.09800051252315427], [0.036217557236819665, -0.06817427479871561, -0.09800051252315427], [0.036217557236819665, 0.06817427479871561, -0.09800051252315427], [-0.036217557236819665, 0.06817427479871561, -0.09800051252315427], [-0.036217557236819665, -0.06817427479871561, 0.09800051252315427], [0.036217557236819665, -0.06817427479871561, 0.09800051252315427], [0.036217557236819665, 0.06817427479871561, 0.09800051252315427], [-0.036217557236819665, 0.06817427479871561, 0.09800051252315427]], "aabb": [[-0.03621755540370941, -0.06817427277565002, -0.09800051152706146], [0.03621755540370941, 0.06817427277565002, 0.09800051152706146]], "obb": [[[-0.9708794255095723, -0.050076462778863726, -0.2342765225065455, 0.00022195049875370124], [0.05387675449457413, -0.9984990559018185, -0.009845338404961074, 0.00015081017893240958], [-0.23343186682056555, -0.022180695181483658, 0.9721201470569015, -0.0007255899265470027], [0.0, 0.0, 0.0, 1.0]], [0.08222253168790734, 0.14021992163111968, 0.2025150323680782]], "radius": 0.11831541364542097, "volume": 0.0007231480855502296, "num_verts": 394, "num_faces": 784, "num_hulls": 0}