{"bbox": [[-0.054517501299798515, -0.11941920284717565, -0.09084465216590529], [0.054517501299798515, -0.11941920284717565, -0.09084465216590529], [0.054517501299798515, 0.11941920284717565, -0.09084465216590529], [-0.054517501299798515, 0.11941920284717565, -0.09084465216590529], [-0.054517501299798515, -0.11941920284717565, 0.09084465216590529], [0.054517501299798515, -0.11941920284717565, 0.09084465216590529], [0.054517501299798515, 0.11941920284717565, 0.09084465216590529], [-0.054517501299798515, 0.11941920284717565, 0.09084465216590529]], "aabb": [[-0.05451750010251999, -0.11941920220851898, -0.09084465354681015], [0.05451750010251999, 0.11941920220851898, 0.09084465354681015]], "obb": [[[-0.948654658007199, -0.31630708047488254, -0.002042224938749979, -0.0007652725751439216], [0.0001340009170642537, -0.006858200843309455, 0.9999764732857205, -8.720122314224678e-05], [-0.31631364479737273, 0.9486320656200954, 0.006548449614411966, -0.0003124781683800864], [0.0, 0.0, 0.0, 1.0]], [0.12496934249773953, 0.24035670527777764, 0.19221407499231527]], "radius": 0.14661560535073717, "volume": 0.0027936006033199624, "num_verts": 354, "num_faces": 704, "num_hulls": 0}