{"bbox": [[-0.07744907409110457, -0.07744907409110457, -0.08482511352835742], [0.07744907409110457, -0.07744907409110457, -0.08482511352835742], [0.07744907409110457, 0.07744907409110457, -0.08482511352835742], [-0.07744907409110457, 0.07744907409110457, -0.08482511352835742], [-0.07744907409110457, -0.07744907409110457, 0.08482511352835742], [0.07744907409110457, -0.07744907409110457, 0.08482511352835742], [0.07744907409110457, 0.07744907409110457, 0.08482511352835742], [-0.07744907409110457, 0.07744907409110457, 0.08482511352835742]], "aabb": [[-0.07744907587766647, -0.07744907587766647, -0.08482511341571808], [0.07744907587766647, 0.07744907587766647, 0.08482511341571808]], "obb": [[[-0.7071616436756136, -6.257206986415789e-05, -0.7070519116717956, 0.00046145782425555256], [-0.7070519144405201, 6.258178058726632e-05, 0.7071616409064596, -0.00046030636712385265], [-1.3552527102998849e-20, 0.9999999960841284, -8.849713661219666e-05, -2.19255378531789e-06], [0.0, 0.0, 0.0, 1.0]], [0.17120564199433144, 0.1712192342168552, 0.169674381051286]], "radius": 0.11817511960966091, "volume": 0.0016614756942720144, "num_verts": 999, "num_faces": 1990, "num_hulls": 0}