{"bbox": [[-0.0971896, -0.0971823, -0.0338051], [0.0971896, -0.0971823, -0.0338051], [0.0971896, 0.0971896, -0.0338051], [-0.0971896, 0.0971896, -0.0338051], [-0.0971896, -0.0971823, 0.033798800000000004], [0.0971896, -0.0971823, 0.033798800000000004], [0.0971896, 0.0971896, 0.033798800000000004], [-0.0971896, 0.0971896, 0.033798800000000004]], "aabb": [[-0.09718959778547287, -0.09718230366706848, -0.03380509838461876], [0.09718959778547287, 0.09718959778547287, 0.03379879891872406]], "obb": [[[0.006251480620257875, 0.44541753472120066, -0.8953011441704645, -0.00015993690267614602], [0.013555469108616842, 0.8951986276553757, 0.4454611838321914, -0.00032776210381363775], [0.9998885779162097, -0.014921018960516117, -0.0004415267602804765, 0.00010491534005774086], [0.0, 0.0, 0.0, 1.0]], [0.2610032637762065, 0.261077305208868, 0.06909265061478752]], "radius": 0.09866791445089938, "volume": 0.0011643158020348925, "num_verts": 2350, "num_faces": 4668, "num_hulls": 0}