{"bbox": [[-0.05658521568289065, -0.018452938592152513, -0.018452938592152513], [0.05658893568260684, -0.018452938592152513, -0.018452938592152513], [0.05658893568260684, 0.018452938592152513, -0.018452938592152513], [-0.05658521568289065, 0.018452938592152513, -0.018452938592152513], [-0.05658521568289065, -0.018452938592152513, 0.018452938592152513], [0.05658893568260684, -0.018452938592152513, 0.018452938592152513], [0.05658893568260684, 0.018452938592152513, 0.018452938592152513], [-0.05658521568289065, 0.018452938592152513, 0.018452938592152513]], "aabb": [[-0.05658521503210068, -0.01845293864607811, -0.01845293864607811], [0.05658893659710884, 0.01845293864607811, 0.01845293864607811]], "obb": [[[-5.686207172475214e-17, -2.2717928070662308e-17, 1.0, 1.8599998580989818e-06], [0.3710119209306621, -0.9286281034554901, -0.0, -1.9346197648207748e-18], [0.92862810345549, 0.37101192093066204, 6.123233995736766e-17, 4.5091460133870875e-18], [0.0, 0.0, 0.0, 1.0]], [0.1131741513654975, 0.047794874556980296, 0.047794874556980296]], "radius": 0.05871736045570486, "volume": 6.290873218590598e-05, "num_verts": 1164, "num_faces": 2320, "num_hulls": 0}