{"bbox": [[-0.09571739269734249, -0.08531339349110463, -0.05826275555490451], [0.09571739269734249, -0.08531339349110463, -0.05826275555490451], [0.09571739269734249, 0.08530967349138845, -0.05826275555490451], [-0.09571739269734249, 0.08530967349138845, -0.05826275555490451], [-0.09571739269734249, -0.08531339349110463, 0.05826275555490451], [0.09571739269734249, -0.08531339349110463, 0.05826275555490451], [0.09571739269734249, 0.08530967349138845, 0.05826275555490451], [-0.09571739269734249, 0.08530967349138845, 0.05826275555490451]], "aabb": [[-0.09571739286184311, -0.08531339466571808, -0.05826275423169136], [0.09571739286184311, 0.08530967682600021, 0.05826275423169136]], "obb": [[[-0.46934690166419035, -0.09385144513800578, -0.8780121822296847, -0.0023903380274139813], [0.10576780892340301, -0.9931520660690712, 0.04961999857192445, -0.0018438299582174457], [-0.876656521388946, -0.0695764321321751, 0.47605930680744957, -0.002588669602596252], [0.0, 0.0, 0.0, 1.0]], [0.21909614397265118, 0.18149390764157416, 0.14448305234322875]], "radius": 0.11819111663144191, "volume": 0.00047820465073503186, "num_verts": 1953, "num_faces": 3878, "num_hulls": 0}