{"bbox": [[-0.029676900000000003, -0.0360363, -0.0975006], [0.029676900000000003, -0.0360363, -0.0975006], [0.029676900000000003, 0.0360363, -0.0975006], [-0.029676900000000003, 0.0360363, -0.0975006], [-0.029676900000000003, -0.0360363, 0.09751], [0.029676900000000003, -0.0360363, 0.09751], [0.029676900000000003, 0.0360363, 0.09751], [-0.029676900000000003, 0.0360363, 0.09751]], "aabb": [[-0.029676899313926697, -0.03603630140423775, -0.09750059992074966], [0.029676899313926697, 0.03603630140423775, 0.09751000255346298]], "obb": [[[-0.24245960427770766, -0.9701505752227716, 0.004604529120634437, -0.0019263791512022326], [-0.9699756778199553, 0.2425033224410036, 0.01842072318864959, -0.00028815713412036215], [-0.018987488807518053, 6.070437598504184e-17, -0.9998197213842026, -0.00013641076965940221], [0.0, 0.0, 0.0, 1.0]], [0.08062178112100016, 0.0812205186933803, 0.19649616602075387]], "radius": 0.09898606062375653, "volume": 0.00037834056955928495, "num_verts": 1097, "num_faces": 2178, "num_hulls": 0}