{"bbox": [[-0.10972763162844608, -0.05009303617820463, -0.05486387581421846], [0.10972763162844608, -0.05009303617820463, -0.05486387581421846], [0.10972763162844608, 0.05009303617820463, -0.05486387581421846], [-0.10972763162844608, 0.05009303617820463, -0.05486387581421846], [-0.10972763162844608, -0.05009303617820463, 0.05486387581421846], [0.10972763162844608, -0.05009303617820463, 0.05486387581421846], [0.10972763162844608, 0.05009303617820463, 0.05486387581421846], [-0.10972763162844608, 0.05009303617820463, 0.05486387581421846]], "aabb": [[-0.10972762852907181, -0.05009303614497185, -0.05486387759447098], [0.10972762852907181, 0.05009303614497185, 0.05486387759447098]], "obb": [[[5.3172222122576554e-17, 3.0366334174576046e-17, -1.0, 1.8036560785947718e-20], [0.4959198716841178, -0.8683682864250677, -0.0, 0.0006757589362346865], [-0.8683682864250676, -0.4959198716841177, -6.123233995736766e-17, -0.0002945593913037698], [0.0, 0.0, 0.0, 1.0]], [0.21945526325689216, 0.1445460608812258, 0.14024864592156625]], "radius": 0.11867697263974133, "volume": 0.0010885076309384107, "num_verts": 1012, "num_faces": 2012, "num_hulls": 0}