{"bbox": [[-0.03140111760428485, -0.11555627118375617, -0.032657157508456616], [0.03140111760428485, -0.11555627118375617, -0.032657157508456616], [0.03140111760428485, 0.11555627118375617, -0.032657157508456616], [-0.03140111760428485, 0.11555627118375617, -0.032657157508456616], [-0.03140111760428485, -0.11555627118375617, 0.032657157508456616], [0.03140111760428485, -0.11555627118375617, 0.032657157508456616], [0.03140111760428485, 0.11555627118375617, 0.032657157508456616], [-0.03140111760428485, 0.11555627118375617, 0.032657157508456616]], "aabb": [[-0.03140111640095711, -0.1155562698841095, -0.03265715762972832], [0.03140111640095711, 0.1155562698841095, 0.03265715762972832]], "obb": [[[0.999999988175793, -0.00014665941450672982, -4.625397105501707e-05, 1.3306811926919895e-07], [4.869194203814539e-05, 0.016667156739521388, 0.9998610921099566, 0.00013032466040906548], [-0.00014586812017150643, -0.9998610825395876, 0.016667163683577187, 0.0009550344768737551], [0.0, 0.0, 0.0, 1.0]], [0.06282721645419524, 0.23191270002201098, 0.06804421817781112]], "radius": 0.11762656726255195, "volume": 0.0005805687864988736, "num_verts": 1401, "num_faces": 2782, "num_hulls": 0}