{"bbox": [[-0.07933115394751328, -0.07176875452447856, -0.086886593371079], [0.07933115394751328, -0.07176875452447856, -0.086886593371079], [0.07933115394751328, 0.0717758345239384, -0.086886593371079], [-0.07933115394751328, 0.0717758345239384, -0.086886593371079], [-0.07933115394751328, -0.07176875452447856, 0.086886593371079], [0.07933115394751328, -0.07176875452447856, 0.086886593371079], [0.07933115394751328, 0.0717758345239384, 0.086886593371079], [-0.07933115394751328, 0.0717758345239384, 0.086886593371079]], "aabb": [[-0.07933115214109421, -0.07176875323057175, -0.08688659220933914], [0.07933115214109421, 0.07177583128213882, 0.08688659220933914]], "obb": [[[0.6349778058171244, 0.020913749259830673, 0.7722472409866981, -0.0003569932095771494], [0.7720055557557371, 0.01966265540521415, -0.6353115785696742, -0.00042040197182746625], [-0.02847117844322219, 0.9995879126291556, -0.0036601808345306085, -0.0005147939887718273], [0.0, 0.0, 0.0, 1.0]], [0.18115198340897692, 0.164351508954001, 0.17625514472777457]], "radius": 0.11832400866174506, "volume": 0.0016514171352697156, "num_verts": 1073, "num_faces": 2138, "num_hulls": 0}