{"bbox": [[-0.07035165167731408, -0.0647236515431321, -0.12944715308626062], [0.07035165167731408, -0.0647236515431321, -0.12944715308626062], [0.07035165167731408, 0.0647236515431321, -0.12944715308626062], [-0.07035165167731408, 0.0647236515431321, -0.12944715308626062], [-0.07035165167731408, -0.0647236515431321, 0.12944715308626062], [0.07035165167731408, -0.0647236515431321, 0.12944715308626062], [0.07035165167731408, 0.0647236515431321, 0.12944715308626062], [-0.07035165167731408, 0.0647236515431321, 0.12944715308626062]], "aabb": [[-0.07035165280103683, -0.06472364813089371, -0.12944714725017548], [0.07035165280103683, 0.06472364813089371, 0.12944714725017548]], "obb": [[[0.00324653161277651, 0.999993191609387, 0.0017540716514786211, -9.31937564006772e-05], [0.9978833031471488, -0.003125745368343764, -0.06495493065216548, 0.0026930460218041767], [-0.06494900563228505, 0.0019612370493022227, -0.997886656998987, -0.0010491506639948584], [0.0, 0.0, 0.0, 1.0]], [0.1415977608152961, 0.1390708395139082, 0.26991010200560744]], "radius": 0.14789502098039986, "volume": 0.0017675689994087226, "num_verts": 2011, "num_faces": 3982, "num_hulls": 0}