{"bbox": [[-0.0645409, -0.0645409, -0.0706876], [0.0645409, -0.0645409, -0.0706876], [0.0645409, 0.0645409, -0.0706876], [-0.0645409, 0.0645409, -0.0706876], [-0.0645409, -0.0645409, 0.0706876], [0.0645409, -0.0645409, 0.0706876], [0.0645409, 0.0645409, 0.0706876], [-0.0645409, 0.0645409, 0.0706876]], "aabb": [[-0.06454090029001236, -0.06454090029001236, -0.07068759948015213], [0.06454090029001236, 0.06454090029001236, 0.07068759948015213]], "obb": [[[-0.7071616436756138, -6.257206986415786e-05, -0.7070519116717953, 0.0003845482162183257], [-0.7070519144405197, 6.258178058726635e-05, 0.7071616409064598, -0.0003835886685353644], [0.0, 0.9999999960841284, -8.849713661219668e-05, -1.8271282938396727e-06], [0.0, 0.0, 0.0, 1.0]], [0.1426713792135711, 0.1426827060665385, 0.14139532833034496]], "radius": 0.09847927385475586, "volume": 0.0009615023579592887, "num_verts": 999, "num_faces": 1990, "num_hulls": 0}