{"bbox": [[-0.05249891599465058, -0.09659807263015194, -0.07348415439360395], [0.05249891599465058, -0.09659807263015194, -0.07348415439360395], [0.05249891599465058, 0.09659807263015194, -0.07348415439360395], [-0.05249891599465058, 0.09659807263015194, -0.07348415439360395], [-0.05249891599465058, -0.09659807263015194, 0.07348415439360395], [0.05249891599465058, -0.09659807263015194, 0.07348415439360395], [0.05249891599465058, 0.09659807263015194, 0.07348415439360395], [-0.05249891599465058, 0.09659807263015194, 0.07348415439360395]], "aabb": [[-0.052498914301395416, -0.0965980738401413, -0.0734841525554657], [0.052498914301395416, 0.0965980738401413, 0.0734841525554657]], "obb": [[[-0.9533845530812303, -0.29928278937916203, -0.038570791118811905, 0.0005533993730031962], [-0.03695105043108402, -0.011071548277747006, 0.999255743386433, 0.00024605944385826126], [-0.2994870845598227, 0.954100221570125, -0.0005033703368078186, 3.64830227648504e-05], [0.0, 0.0, 0.0, 1.0]], [0.11194306689089585, 0.1981729328344587, 0.15207139463667244]], "radius": 0.11806963413078662, "volume": 0.0016620754588868012, "num_verts": 468, "num_faces": 932, "num_hulls": 0}