{"bbox": [[-0.05268624, -0.07817952, -0.032291520000000004], [0.05268624, -0.07817952, -0.032291520000000004], [0.05268624, 0.07817952, -0.032291520000000004], [-0.05268624, 0.07817952, -0.032291520000000004], [-0.05268624, -0.07817952, 0.032291520000000004], [0.05268624, -0.07817952, 0.032291520000000004], [0.05268624, 0.07817952, 0.032291520000000004], [-0.05268624, 0.07817952, 0.032291520000000004]], "aabb": [[-0.052686240524053574, -0.07817952334880829, -0.03229152038693428], [0.052686240524053574, 0.07817952334880829, 0.03229152038693428]], "obb": [[[-9.168425211073113e-19, 0.9460313172875668, -0.32407521767508085, 1.7181640434663408e-05], [-0.013157114369528256, -0.3240471661858971, -0.9459494301644019, 6.176669284054296e-05], [-0.9999134414245401, 0.004263894703280804, 0.012447042238707991, -8.36952977044523e-07], [0.0, 0.0, 0.0, 1.0]], [0.10946064026884934, 0.1657223382186795, 0.06513179543137335]], "radius": 0.07901522595032429, "volume": 0.0002466620108796684, "num_verts": 1175, "num_faces": 2338, "num_hulls": 0}