{"bbox": [[-0.068271354791309, -0.07509839427044722, -0.1046827120133429], [0.06826799479156534, -0.07509839427044722, -0.1046827120133429], [0.06826799479156534, 0.07509839427044722, -0.1046827120133429], [-0.068271354791309, 0.07509839427044722, -0.1046827120133429], [-0.068271354791309, -0.07509839427044722, 0.10468259201335205], [0.06826799479156534, -0.07509839427044722, 0.10468259201335205], [0.06826799479156534, 0.07509839427044722, 0.10468259201335205], [-0.068271354791309, 0.07509839427044722, 0.10468259201335205]], "aabb": [[-0.06827135384082794, -0.07509839534759521, -0.10468271374702454], [0.06826799362897873, 0.07509839534759521, 0.10468259453773499]], "obb": [[[-0.4884194448697205, 0.8705967499764261, -0.05922621719845267, 0.00048549359150944096], [-0.8642657596255868, -0.4919972550029972, -0.1048017070868753, -0.0011497166810670594], [-0.12037916186766502, 0.0, 0.9927279876119331, -0.00062079100877927], [0.0, 0.0, 0.0, 1.0]], [0.19905299186548034, 0.20655563721940468, 0.22716097056790482]], "radius": 0.11783202326432485, "volume": 0.0021358239727068485, "num_verts": 2171, "num_faces": 4318, "num_hulls": 0}