{"bbox": [[-0.03812495709129661, -0.08768735330998587, -0.08196863374628954], [0.03811763709185508, -0.08768735330998587, -0.08196863374628954], [0.03811763709185508, 0.08768735330998587, -0.08196863374628954], [-0.03812495709129661, 0.08768735330998587, -0.08196863374628954], [-0.03812495709129661, -0.08768735330998587, 0.08196863374628954], [0.03811763709185508, -0.08768735330998587, 0.08196863374628954], [0.03811763709185508, 0.08768735330998587, 0.08196863374628954], [-0.03812495709129661, 0.08768735330998587, 0.08196863374628954]], "aabb": [[-0.03812495619058609, -0.08768735080957413, -0.08196863532066345], [0.03811763599514961, 0.08768735080957413, 0.08196863532066345]], "obb": [[[-0.9856274427311849, -0.16783182558253457, -0.01926194322540175, -0.00016115803444516065], [-0.018480604533234673, -0.0062162848639045025, 0.9998098944592302, -7.636345452013335e-05], [-0.16791965754869528, 0.9857960418484771, 0.0030253073570171256, 3.769164846671623e-05], [0.0, 0.0, 0.0, 1.0]], [0.08598106005922158, 0.17765380579263684, 0.16919540803855643]], "radius": 0.11701336423114019, "volume": 0.0014501350078109417, "num_verts": 528, "num_faces": 1048, "num_hulls": 0}