{"bbox": [[-0.07891511397925462, -0.11344055134517278, -0.07644911416739546], [0.07891511397925462, -0.11344055134517278, -0.07644911416739546], [0.07891511397925462, 0.11344055134517278, -0.07644911416739546], [-0.07891511397925462, 0.11344055134517278, -0.07644911416739546], [-0.07891511397925462, -0.11344055134517278, 0.07644911416739546], [0.07891511397925462, -0.11344055134517278, 0.07644911416739546], [0.07891511397925462, 0.11344055134517278, 0.07644911416739546], [-0.07891511397925462, 0.11344055134517278, 0.07644911416739546]], "aabb": [[-0.07891511172056198, -0.11344055086374283, -0.07644911110401154], [0.07891511172056198, 0.11344055086374283, 0.07644911110401154]], "obb": [[[2.4338700982448594e-16, 0.912310829921263, -0.4094984122171618, -0.00020306336253919925], [-0.4476511252042523, 0.36617687590779774, 0.8157959093141937, 0.0004045394452059885], [0.8942082923476872, 0.18331242499836703, 0.40839696955027865, 0.00020251717568008434], [0.0, 0.0, 0.0, 1.0]], [0.235441882999316, 0.28819310402440934, 0.25514166699912133]], "radius": 0.11798593628205932, "volume": 0.0026840613693097305, "num_verts": 1962, "num_faces": 3920, "num_hulls": 0}