{"bbox": [[-0.05664125567861514, -0.019137658539912526, -0.011112179152208012], [0.05664125567861514, -0.019137658539912526, -0.011112179152208012], [0.05664125567861514, 0.019137658539912526, -0.011112179152208012], [-0.05664125567861514, 0.019137658539912526, -0.011112179152208012], [-0.05664125567861514, -0.019137658539912526, 0.011112179152208012], [0.05664125567861514, -0.019137658539912526, 0.011112179152208012], [0.05664125567861514, 0.019137658539912526, 0.011112179152208012], [-0.05664125567861514, 0.019137658539912526, 0.011112179152208012]], "aabb": [[-0.05664125457406044, -0.019137658178806305, -0.011112179607152939], [0.05664125457406044, 0.019137658178806305, 0.011112179607152939]], "obb": [[[-0.03133154055371837, -0.0022747604130233332, 0.9995064582240546, 0.0002316777618294073], [0.3037798652072245, 0.9526705199945603, 0.011690758229259844, -0.0006365308491161852], [-0.9522269309682493, 0.30399622661861747, -0.029157608619894564, 0.001501239108975822], [0.0, 0.0, 0.0, 1.0]], [0.11391162867527714, 0.0429530426995185, 0.03582093610804377]], "radius": 0.058632767509032596, "volume": 3.5684072529694774e-05, "num_verts": 1388, "num_faces": 2764, "num_hulls": 0}