{"bbox": [[-0.05780424, -0.04775136, -0.05529104000000001], [0.05780424, -0.04775136, -0.05529104000000001], [0.05780424, 0.04775136, -0.05529104000000001], [-0.05780424, 0.04775136, -0.05529104000000001], [-0.05780424, -0.04775136, 0.05529104000000001], [0.05780424, -0.04775136, 0.05529104000000001], [0.05780424, 0.04775136, 0.05529104000000001], [-0.05780424, 0.04775136, 0.05529104000000001]], "aabb": [[-0.05780424177646637, -0.04775135964155197, -0.05529104173183441], [0.05780424177646637, 0.04775135964155197, 0.05529104173183441]], "obb": [[[0.5857304615948169, -0.011040365338159748, -0.8104307106058622, 0.00034545610398275845], [0.8102867838755013, -0.015273001336331941, 0.5858345016358094, -0.00014903082969028422], [-0.01884553625184586, -0.9998224071120733, 5.897012364844843e-17, -6.968210790487831e-05], [0.0, 0.0, 0.0, 1.0]], [0.12707612138880278, 0.1092833613604554, 0.11155039986460585]], "radius": 0.07885869903507159, "volume": 0.0005257428118349257, "num_verts": 1098, "num_faces": 2188, "num_hulls": 0}