{"bbox": [[-0.03161050000000001, -0.09088030000000001, -0.0434645], [0.03161050000000001, -0.09088030000000001, -0.0434645], [0.03161050000000001, 0.09088030000000001, -0.0434645], [-0.03161050000000001, 0.09088030000000001, -0.0434645], [-0.03161050000000001, -0.09088030000000001, 0.0434645], [0.03161050000000001, -0.09088030000000001, 0.0434645], [0.03161050000000001, 0.09088030000000001, 0.0434645], [-0.03161050000000001, 0.09088030000000001, 0.0434645]], "aabb": [[-0.03161050006747246, -0.09088029712438583, -0.043464500457048416], [0.03161050006747246, 0.09088029712438583, 0.043464500457048416]], "obb": [[[-0.894576560761756, -0.44677712170515843, 0.011089655383397049, 0.0009178926589921521], [0.01249139953038621, -0.0001918703283207256, 0.9999219610167333, 8.86842556999847e-07], [-0.4467401278970143, 0.8946452742325482, 0.005752514226676502, -2.083302447967576e-05], [0.0, 0.0, 0.0, 1.0]], [0.09395979941659073, 0.18301834110957216, 0.10806780213102551]], "radius": 0.09856387570169917, "volume": 0.000664905455656906, "num_verts": 650, "num_faces": 1296, "num_hulls": 0}