{"bbox": [[-0.05017643617184172, -0.03926849700405144, -0.029451357753039722], [0.05017643617184172, -0.03926849700405144, -0.029451357753039722], [0.05017643617184172, 0.03926849700405144, -0.029451357753039722], [-0.05017643617184172, 0.03926849700405144, -0.029451357753039722], [-0.05017643617184172, -0.03926849700405144, 0.029450397753112964], [0.05017643617184172, -0.03926849700405144, 0.029450397753112964], [0.05017643617184172, 0.03926849700405144, 0.029450397753112964], [-0.05017643617184172, 0.03926849700405144, 0.029450397753112964]], "aabb": [[-0.05017643794417381, -0.03926849737763405, -0.029451357200741768], [0.05017643794417381, 0.03926849737763405, 0.029450397938489914]], "obb": [[[-0.04167503735812982, 0.65139888676738, -0.7575900484955017, -0.00036013864404941056], [0.4451472523680139, -0.6667280354375346, -0.59776052936842, -0.00532814224005152], [-0.8944870680845007, -0.36215082090176737, -0.26218250885551053, -0.0008919499093572008], [0.0, 0.0, 0.0, 1.0]], [0.10872545569703063, 0.1061552537293751, 0.07417909463515666]], "radius": 0.0591884472128696, "volume": 6.054388674506814e-05, "num_verts": 1406, "num_faces": 2772, "num_hulls": 0}