{"bbox": [[-0.06779220161629204, -0.09924765236624843, -0.11137275265533333], [0.06779220161629204, -0.09924765236624843, -0.11137275265533333], [0.06779220161629204, 0.09924765236624843, -0.11137275265533333], [-0.06779220161629204, 0.09924765236624843, -0.11137275265533333], [-0.06779220161629204, -0.09924765236624843, 0.11137275265533333], [0.06779220161629204, -0.09924765236624843, 0.11137275265533333], [0.06779220161629204, 0.09924765236624843, 0.11137275265533333], [-0.06779220161629204, 0.09924765236624843, 0.11137275265533333]], "aabb": [[-0.06779219955205917, -0.09924764931201935, -0.11137275397777557], [0.06779219955205917, 0.09924764931201935, 0.11137275397777557]], "obb": [[[0.9543667007201764, 6.123233995736766e-17, -0.29863723906519973, -0.0005505335547509311], [-7.672436320885919e-17, 1.0, -4.015184931611921e-17, 3.075047876277113e-20], [0.29863723906519973, 6.123233995736766e-17, 0.9543667007201764, 4.834012585076468e-05], [0.0, 0.0, 0.0, 1.0]], [0.1452197557946474, 0.19849530473249685, 0.23006099159155935]], "radius": 0.14655302592800087, "volume": 0.0033944391788120207, "num_verts": 391, "num_faces": 778, "num_hulls": 0}