{"bbox": [[-0.02368313819311995, -0.05250233599438965, -0.026251197997192537], [0.023968438171353287, -0.05250233599438965, -0.026251197997192537], [0.023968438171353287, 0.05250233599438965, -0.026251197997192537], [-0.02368313819311995, 0.05250233599438965, -0.026251197997192537], [-0.02368313819311995, -0.05250233599438965, 0.026251197997192537], [0.023968438171353287, -0.05250233599438965, 0.026251197997192537], [0.023968438171353287, 0.05250233599438965, 0.026251197997192537], [-0.02368313819311995, 0.05250233599438965, 0.026251197997192537]], "aabb": [[-0.02368313819169998, -0.0525023378431797, -0.02625119872391224], [0.023968437686562538, 0.0525023378431797, 0.02625119872391224]], "obb": [[[-0.9638146678474371, -0.2651024650176264, 0.02796371012067366, -7.928677405706325e-05], [0.024134417542219712, 0.01769157999959972, 0.9995521686670565, 8.326529244234993e-05], [-0.2654784660420364, 0.9640579292961062, -0.010653310718803473, -0.00016990364622187457], [0.0, 0.0, 0.0, 1.0]], [0.05472676975606023, 0.10724930508258657, 0.05961028950356899]], "radius": 0.05883020635147842, "volume": 0.0001835970678931675, "num_verts": 454, "num_faces": 904, "num_hulls": 0}