{"bbox": [[-0.024557300000000004, -0.0941363, -0.0347895], [0.024557300000000004, -0.0941363, -0.0347895], [0.024557300000000004, 0.0941363, -0.0347895], [-0.024557300000000004, 0.0941363, -0.0347895], [-0.024557300000000004, -0.0941363, 0.0347895], [0.024557300000000004, -0.0941363, 0.0347895], [0.024557300000000004, 0.0941363, 0.0347895], [-0.024557300000000004, 0.0941363, 0.0347895]], "aabb": [[-0.02455729991197586, -0.0941362977027893, -0.03478949889540672], [0.02455729991197586, 0.0941362977027893, 0.03478949889540672]], "obb": [[[0.8942468497596694, -0.44757409631803696, -6.123233995736766e-17, -1.8290102350526208e-06], [-8.216283633214682e-17, -2.7350817888431493e-17, -1.0, 1.680483063852414e-22], [0.44757409631803696, 0.8942468497596693, -6.123233995736766e-17, -9.154268794238663e-07], [0.0, 0.0, 0.0, 1.0]], [0.07368644473813324, 0.1882726, 0.08594952569575247]], "radius": 0.09816471644258747, "volume": 0.00046197733536787575, "num_verts": 497, "num_faces": 990, "num_hulls": 0}