{"bbox": [[-0.07797930185917144, -0.07797930185917144, -0.1328436031672383], [0.07797930185917144, -0.07797930185917144, -0.1328436031672383], [0.07797930185917144, 0.07797930185917144, -0.1328436031672383], [-0.07797930185917144, 0.07797930185917144, -0.1328436031672383], [-0.07797930185917144, -0.07797930185917144, 0.13285350316747435], [0.07797930185917144, -0.07797930185917144, 0.13285350316747435], [0.07797930185917144, 0.07797930185917144, 0.13285350316747435], [-0.07797930185917144, 0.07797930185917144, 0.13285350316747435]], "aabb": [[-0.07797930389642715, -0.07797930389642715, -0.13284359872341156], [0.07797930389642715, 0.07797930389642715, 0.13285350799560547]], "obb": [[[-0.7071067811865476, 0.7071067811865475, -4.329780281177467e-17, 0.000721350017198327], [-0.7071067811865475, -0.7071067811865476, -4.329780281177466e-17, -0.0007213500171983271], [-6.123233995736766e-17, 0.0, 1.0, 4.95000011802027e-06], [0.0, 0.0, 0.0, 1.0]], [0.21898470522100222, 0.21898470522100222, 0.26569710633471266]], "radius": 0.1477605321916635, "volume": 0.004052616518897892, "num_verts": 1317, "num_faces": 2626, "num_hulls": 0}