{"bbox": [[-0.041885876804361205, -0.04220561677996698, -0.05883209551146733], [0.041885876804361205, -0.04220561677996698, -0.05883209551146733], [0.041885876804361205, 0.04220561677996698, -0.05883209551146733], [-0.041885876804361205, 0.04220561677996698, -0.05883209551146733], [-0.041885876804361205, -0.04220561677996698, 0.05883209551146733], [0.041885876804361205, -0.04220561677996698, 0.05883209551146733], [0.041885876804361205, 0.04220561677996698, 0.05883209551146733], [-0.041885876804361205, 0.04220561677996698, 0.05883209551146733]], "aabb": [[-0.041885875165462494, -0.04220561683177948, -0.05883209407329559], [0.041885875165462494, 0.04220561683177948, 0.05883209407329559]], "obb": [[[-0.9950276079551295, 0.09930092966791283, -0.007706151710248049, 3.556881787151339e-05], [-0.0995994950142476, -0.9920448542540261, 0.07698667248955941, 6.641100864574615e-05], [-6.226284118044888e-17, 0.07737139339055515, 0.9970023407619482, -9.76523427937565e-06], [0.0, 0.0, 0.0, 1.0]], [0.09213483399560869, 0.10057427841308236, 0.12404694797958338]], "radius": 0.05897058139481599, "volume": 0.00043605900427270825, "num_verts": 2017, "num_faces": 4030, "num_hulls": 0}