{"bbox": [[-0.0820685937386632, -0.08988467314234366, -0.0820685937386632], [0.0820685937386632, -0.08988467314234366, -0.0820685937386632], [0.0820685937386632, 0.08988467314234366, -0.0820685937386632], [-0.0820685937386632, 0.08988467314234366, -0.0820685937386632], [-0.0820685937386632, -0.08988467314234366, 0.0820685937386632], [0.0820685937386632, -0.08988467314234366, 0.0820685937386632], [0.0820685937386632, 0.08988467314234366, 0.0820685937386632], [-0.0820685937386632, 0.08988467314234366, 0.0820685937386632]], "aabb": [[-0.08206859230995178, -0.0898846760392189, -0.08206859230995178], [0.08206859230995178, 0.0898846760392189, 0.08206859230995178]], "obb": [[[0.89437982344221, -0.4473083180754427, -6.123233995736766e-17, 0.00039005170268319243], [-8.215470439817772e-17, -2.7375234401870007e-17, -1.0, 2.404836463174778e-20], [0.4473083180754427, 0.8943798234422099, -6.123233995736766e-17, -0.0007827913015371835], [0.0, 0.0, 0.0, 1.0]], [0.2165159354389288, 0.17976934628468735, 0.21729831845006797]], "radius": 0.1197439274641263, "volume": 0.0036728877882710605, "num_verts": 636, "num_faces": 1256, "num_hulls": 0}