{"bbox": [[-0.0755041, -0.044317600000000006, -0.0623729], [0.0755041, -0.044317600000000006, -0.0623729], [0.0755041, 0.044317600000000006, -0.0623729], [-0.0755041, 0.044317600000000006, -0.0623729], [-0.0755041, -0.044317600000000006, 0.0623715], [0.0755041, -0.044317600000000006, 0.0623715], [0.0755041, 0.044317600000000006, 0.0623715], [-0.0755041, 0.044317600000000006, 0.0623715]], "aabb": [[-0.07550410181283951, -0.04431759938597679, -0.062372900545597076], [0.07550410181283951, 0.04431759938597679, 0.062371499836444855]], "obb": [[[0.044461424391544394, 0.011417080235497831, -0.9989458604048426, -0.000672636989152648], [-0.9990111019108222, 0.0005081221306668068, -0.04445852078989296, -6.626578947956651e-05], [-6.140946072502701e-17, 0.9999346939129559, 0.011428381740363269, -0.0007780126881247821], [0.0, 0.0, 0.0, 1.0]], [0.1564127932590601, 0.09313585183417888, 0.1264389761391282]], "radius": 0.09833893370471332, "volume": 0.0012708357815209037, "num_verts": 895, "num_faces": 1750, "num_hulls": 0}