{"bbox": [[-0.03186664, -0.03354384, -0.0771508], [0.03186664, -0.03354384, -0.0771508], [0.03186664, 0.03354384, -0.0771508], [-0.03186664, 0.03354384, -0.0771508], [-0.03186664, -0.03354384, 0.07714792000000001], [0.03186664, -0.03354384, 0.07714792000000001], [0.03186664, 0.03354384, 0.07714792000000001], [-0.03186664, 0.03354384, 0.07714792000000001]], "aabb": [[-0.031866639852523804, -0.03354384005069733, -0.07715079933404922], [0.031866639852523804, 0.03354384005069733, 0.07714792340993881]], "obb": [[[0.9999570391504585, -0.007691696307968223, -0.0051727808144480915, -0.00012646742851845746], [0.007691593395288728, 0.9999704184664194, -3.9788636101355426e-05, 0.00010868319622864212], [0.005172933837764125, 6.122768718465316e-17, 0.9999866202882467, -6.285578581315409e-06], [0.0, 0.0, 0.0, 1.0]], [0.06507137631410814, 0.06741255491808612, 0.15463386294936993]], "radius": 0.07830581940590259, "volume": 0.0002655562919732724, "num_verts": 1270, "num_faces": 2504, "num_hulls": 0}