{"bbox": [[-0.06681647490230751, -0.08781587330018056, -0.08208875373712511], [0.06681647490230751, -0.08781587330018056, -0.08208875373712511], [0.06681647490230751, 0.08781587330018056, -0.08208875373712511], [-0.06681647490230751, 0.08781587330018056, -0.08208875373712511], [-0.06681647490230751, -0.08781587330018056, 0.08208875373712511], [0.06681647490230751, -0.08781587330018056, 0.08208875373712511], [0.06681647490230751, 0.08781587330018056, 0.08208875373712511], [-0.06681647490230751, 0.08781587330018056, 0.08208875373712511]], "aabb": [[-0.06681647151708603, -0.08781587332487106, -0.08208875358104706], [0.06681647151708603, 0.08781587332487106, 0.08208875358104706]], "obb": [[[0.8514136125305383, -0.02257042526223953, -0.5240090040268204, 0.00025279175821243114], [0.523767328737502, -0.016016073452044383, 0.8517107905494447, -0.00033544660945502886], [-0.027616041441165372, -0.99961695728647, -0.0018146516082869213, -5.937069214318138e-05], [0.0, 0.0, 0.0, 1.0]], [0.15348304996546205, 0.19229886476213157, 0.1669913711893527]], "radius": 0.11825269830788189, "volume": 0.0017035149591446723, "num_verts": 1046, "num_faces": 2084, "num_hulls": 0}