{"bbox": [[-0.05609580133742813, -0.07400070176431421, -0.14335605341787463], [0.05609580133742813, -0.07400070176431421, -0.14335605341787463], [0.05609580133742813, 0.0747798017828894, -0.14335605341787463], [-0.05609580133742813, 0.0747798017828894, -0.14335605341787463], [-0.05609580133742813, -0.07400070176431421, 0.14335605341787463], [0.05609580133742813, -0.07400070176431421, 0.14335605341787463], [0.05609580133742813, 0.0747798017828894, 0.14335605341787463], [-0.05609580133742813, 0.0747798017828894, 0.14335605341787463]], "aabb": [[-0.056095801293849945, -0.07400070130825043, -0.143356055021286], [0.056095801293849945, 0.07477980107069016, 0.143356055021286]], "obb": [[[0.8925405631583989, -0.4498675926486271, 0.03147208606713335, 0.0007305257297111507], [0.44958818062385153, 0.8930952631631908, 0.015853036264581045, -0.00040433251638601953], [-0.03523933824893951, 5.883582059055253e-17, 0.999378901638301, 8.528202557851907e-06], [0.0, 0.0, 0.0, 1.0]], [0.160709374015222, 0.18405339444193722, 0.2911162316925369]], "radius": 0.14805986481725633, "volume": 0.0028719456202907, "num_verts": 1043, "num_faces": 2082, "num_hulls": 0}