{"bbox": [[-0.02379815818434462, -0.05473571582399629, -0.02379815818434462], [0.02379815818434462, -0.05473571582399629, -0.02379815818434462], [0.02379815818434462, 0.05473571582399629, -0.02379815818434462], [-0.02379815818434462, 0.05473571582399629, -0.02379815818434462], [-0.02379815818434462, -0.05473571582399629, 0.02379815818434462], [0.02379815818434462, -0.05473571582399629, 0.02379815818434462], [0.02379815818434462, 0.05473571582399629, 0.02379815818434462], [-0.02379815818434462, 0.05473571582399629, 0.02379815818434462]], "aabb": [[-0.023798158392310143, -0.05473571643233299, -0.023798158392310143], [0.023798158392310143, 0.05473571643233299, 0.023798158392310143]], "obb": [[[0.9999296739837108, 0.011652218279223676, -0.0022074637036255704, -5.907662116283674e-05], [-0.002003574883002198, -0.01748061977412657, -0.9998451948276796, -7.679913927882398e-05], [-0.011689002289233311, 0.9997793025170535, -0.01745604433990008, -0.0008119147773725753], [0.0, 0.0, 0.0, 1.0]], [0.04842700206033501, 0.11095991456723611, 0.05024701917714451]], "radius": 0.059167811413539106, "volume": 0.0001920521603759703, "num_verts": 461, "num_faces": 918, "num_hulls": 0}