{"bbox": [[-0.057503251370984346, -0.1322575531532658, -0.06325365150808457], [0.057503251370984346, -0.1322575531532658, -0.06325365150808457], [0.057503251370984346, 0.1322575531532658, -0.06325365150808457], [-0.057503251370984346, 0.1322575531532658, -0.06325365150808457], [-0.057503251370984346, -0.1322575531532658, 0.06325365150808457], [0.057503251370984346, -0.1322575531532658, 0.06325365150808457], [0.057503251370984346, 0.1322575531532658, 0.06325365150808457], [-0.057503251370984346, 0.1322575531532658, 0.06325365150808457]], "aabb": [[-0.05750325322151184, -0.13225755095481873, -0.06325364857912064], [0.05750325322151184, 0.13225755095481873, 0.06325364857912064]], "obb": [[[0.98021256090402, -0.19678734502704906, -0.02140271672446958, -0.0002655412098448046], [-0.021829567842333315, 2.4655767242289463e-17, -0.9997617065920343, 1.0514300821174358e-05], [0.19674045189995804, 0.9804461947690984, -0.0042957826987805965, 0.00023479018660185072], [0.0, 0.0, 0.0, 1.0]], [0.12655539154863615, 0.2680540579251361, 0.14157888628715223]], "radius": 0.14745760337530084, "volume": 0.0028761392390706437, "num_verts": 380, "num_faces": 756, "num_hulls": 0}