{"bbox": [[-0.11694495278818495, -0.08896245212103014, -0.11694495278818495], [0.11694495278818495, -0.08896245212103014, -0.11694495278818495], [0.11694495278818495, 0.08896245212103014, -0.11694495278818495], [-0.11694495278818495, 0.08896245212103014, -0.11694495278818495], [-0.11694495278818495, -0.08896245212103014, 0.11694495278818495], [0.11694495278818495, -0.08896245212103014, 0.11694495278818495], [0.11694495278818495, 0.08896245212103014, 0.11694495278818495], [-0.11694495278818495, 0.08896245212103014, 0.11694495278818495]], "aabb": [[-0.11694495379924774, -0.08896245062351227, -0.11694495379924774], [0.11694495379924774, 0.08896245062351227, 0.11694495379924774]], "obb": [[[-6.123233995736767e-17, -0.8482651180852883, 0.5295717981914749, 0.00035441168072499694], [-1.0, 8.436817846326988e-17, 1.9514337705880096e-17, -6.40497755489303e-20], [-6.123233995736766e-17, -0.5295717981914748, -0.8482651180852882, 0.0006916005342830243], [0.0, 0.0, 0.0, 1.0]], [0.24564865170981626, 0.1779249042420603, 0.24565244390330215]], "radius": 0.14676434344748515, "volume": 0.005405841345602069, "num_verts": 508, "num_faces": 1012, "num_hulls": 0}