{"bbox": [[-0.1438800034303666, -0.040663350969489837, -0.040663350969489837], [0.14388540343049533, -0.040663350969489837, -0.040663350969489837], [0.14388540343049533, 0.040663350969489837, -0.040663350969489837], [-0.1438800034303666, 0.040663350969489837, -0.040663350969489837], [-0.1438800034303666, -0.040663350969489837, 0.040663350969489837], [0.14388540343049533, -0.040663350969489837, 0.040663350969489837], [0.14388540343049533, 0.040663350969489837, 0.040663350969489837], [-0.1438800034303666, 0.040663350969489837, 0.040663350969489837]], "aabb": [[-0.14388000965118408, -0.040663350373506546, -0.040663350373506546], [0.14388540387153625, 0.040663350373506546, 0.040663350373506546]], "obb": [[[-5.810975848061923e-17, -1.9304285171400307e-17, -1.0, 2.7000000643595615e-06], [-0.3152629016764785, 0.9490043745033672, 0.0, 0.00038837388774738696], [0.949004374503367, 0.3152629016764785, -6.123233995736766e-17, -0.00013147004717399248], [0.0, 0.0, 0.0, 1.0]], [0.28776540686086194, 0.10206408995180234, 0.1019627985944]], "radius": 0.14679034723578685, "volume": 0.0007607348925413587, "num_verts": 959, "num_faces": 1910, "num_hulls": 0}