{"bbox": [[-0.040381, -0.0807621, -0.0614374], [0.040381, -0.0807621, -0.0614374], [0.040381, 0.0807621, -0.0614374], [-0.040381, 0.0807621, -0.0614374], [-0.040381, -0.0807621, 0.0614374], [0.040381, -0.0807621, 0.0614374], [0.040381, 0.0807621, 0.0614374], [-0.040381, 0.0807621, 0.0614374]], "aabb": [[-0.04038099944591522, -0.0807621031999588, -0.061437398195266724], [0.04038099944591522, 0.0807621031999588, 0.061437398195266724]], "obb": [[[0.9642210555952063, -0.26415932006494425, 0.022307164088976466, 0.00048023709986445064], [0.020348023257776116, -0.01015070600559093, -0.9997414271285797, 0.00017001431597835957], [0.26431744909552823, 0.9644256408818747, -0.004412404471307677, -8.58184969091303e-06], [0.0, 0.0, 0.0, 1.0]], [0.08696316307282524, 0.16422149587433713, 0.12667226224403128]], "radius": 0.0985161993201646, "volume": 0.0009638082539810532, "num_verts": 428, "num_faces": 852, "num_hulls": 0}