{"bbox": [[-0.048374600000000004, -0.0682706, -0.0717817], [0.048374600000000004, -0.0682706, -0.0717817], [0.048374600000000004, 0.0686607, -0.0717817], [-0.048374600000000004, 0.0686607, -0.0717817], [-0.048374600000000004, -0.0682706, 0.0717817], [0.048374600000000004, -0.0682706, 0.0717817], [0.048374600000000004, 0.0686607, 0.0717817], [-0.048374600000000004, 0.0686607, 0.0717817]], "aabb": [[-0.04837460070848465, -0.06827060133218765, -0.0717817023396492], [0.04837460070848465, 0.06866069883108139, 0.0717817023396492]], "obb": [[[-0.9762001428517049, 0.2168547747810059, 0.002699583484592197, 0.00036899814222709674], [-0.00026220701155110277, 0.011267658260946953, -0.9999364835452287, 0.0004388501094391524], [-0.21687141891866288, -0.9761388459292017, -0.010942628761504694, -0.000459786551195373], [0.0, 0.0, 0.0, 1.0]], [0.10597832296300749, 0.13778446530167962, 0.1509608317854692]], "radius": 0.09830250352951343, "volume": 0.0013489098112546452, "num_verts": 630, "num_faces": 1252, "num_hulls": 0}