{"bbox": [[-0.05050456, -0.04671672, -0.05808024], [0.05050456, -0.04671672, -0.05808024], [0.05050456, 0.04671672, -0.05808024], [-0.05050456, 0.04671672, -0.05808024], [-0.05050456, -0.04671672, 0.05808024], [0.05050456, -0.04671672, 0.05808024], [0.05050456, 0.04671672, 0.05808024], [-0.05050456, 0.04671672, 0.05808024]], "aabb": [[-0.05050456151366234, -0.04671671986579895, -0.058080241084098816], [0.05050456151366234, 0.04671671986579895, 0.058080241084098816]], "obb": [[[-0.6621593333338786, -0.007478687991745487, -0.7493257545985961, 5.0023179900285056e-05], [-0.749272103227189, -0.008973076238223007, 0.6622014793311229, 0.0003676431036303916], [-0.011676155374866956, 0.9999317742369953, 0.0003380338989007497, -2.9293322708411325e-06], [0.0, 0.0, 0.0, 1.0]], [0.11415949266956174, 0.10720827502797971, 0.11679059299909296]], "radius": 0.0788596452000337, "volume": 0.0004459856487440916, "num_verts": 961, "num_faces": 1914, "num_hulls": 0}