{"bbox": [[-0.07673600000000001, -0.02168712, -0.02168712], [0.07673888, -0.02168712, -0.02168712], [0.07673888, 0.02168712, -0.02168712], [-0.07673600000000001, 0.02168712, -0.02168712], [-0.07673600000000001, -0.02168712, 0.02168712], [0.07673888, -0.02168712, 0.02168712], [0.07673888, 0.02168712, 0.02168712], [-0.07673600000000001, 0.02168712, 0.02168712]], "aabb": [[-0.07673600316047668, -0.02168712019920349, -0.02168712019920349], [0.0767388790845871, 0.02168712019920349, 0.02168712019920349]], "obb": [[[-5.810975848061924e-17, -1.930428517140027e-17, -1.0, 1.4399999999914524e-06], [-0.3152629016764779, 0.9490043745033673, 0.0, 0.00020713273519351244], [0.9490043745033673, 0.3152629016764779, -6.123233995736766e-17, -7.011735682106847e-05], [0.0, 0.0, 0.0, 1.0]], [0.15347488, 0.05443418000981588, 0.05438015795382262]], "radius": 0.07828818332588387, "volume": 0.0001154062924806615, "num_verts": 959, "num_faces": 1910, "num_hulls": 0}