{"bbox": [[-0.035612277282998865, -0.04324355670077845, -0.11700071107355416], [0.035612277282998865, -0.04324355670077845, -0.11700071107355416], [0.035612277282998865, 0.04324355670077845, -0.11700071107355416], [-0.035612277282998865, 0.04324355670077845, -0.11700071107355416], [-0.035612277282998865, -0.04324355670077845, 0.11701199107269356], [0.035612277282998865, -0.04324355670077845, 0.11701199107269356], [0.035612277282998865, 0.04324355670077845, 0.11701199107269356], [-0.035612277282998865, 0.04324355670077845, 0.11701199107269356]], "aabb": [[-0.03561227768659592, -0.04324355721473694, -0.11700071394443512], [0.03561227768659592, 0.04324355721473694, 0.11701199412345886]], "obb": [[[-0.24245960427770766, -0.9701505752227716, 0.004604529120634437, -0.0023116548050774125], [-0.9699756778199553, 0.2425033224410036, 0.018420723188649585, -0.00034578853456286216], [-0.01898748880751805, 6.070437598504184e-17, -0.9998197213842026, -0.0001636929111024872], [0.0, 0.0, 0.0, 1.0]], [0.09674612996405622, 0.09746461499609634, 0.2357953812351447]], "radius": 0.11878326368606401, "volume": 0.000653772354561816, "num_verts": 1097, "num_faces": 2178, "num_hulls": 0}