{"bbox": [[-0.0838264736045476, -0.0838264736045476, -0.11341223134733343], [0.0838264736045476, -0.0838264736045476, -0.11341223134733343], [0.0838264736045476, 0.0838264736045476, -0.11341223134733343], [-0.0838264736045476, 0.0838264736045476, -0.11341223134733343], [-0.0838264736045476, -0.0838264736045476, 0.11341223134733343], [0.0838264736045476, -0.0838264736045476, 0.11341223134733343], [0.0838264736045476, 0.0838264736045476, 0.11341223134733343], [-0.0838264736045476, 0.0838264736045476, 0.11341223134733343]], "aabb": [[-0.0838264748454094, -0.0838264748454094, -0.11341223120689392], [0.0838264748454094, 0.0838264748454094, 0.11341223120689392]], "obb": [[[-0.8761562248008762, 0.0208170746243797, -0.4815775318126455, 0.002236584049654612], [0.19914036250435485, -0.8941899097020903, -0.40095825394746726, 0.002790315565985349], [-0.4389685475797905, -0.4472035943404867, 0.7793045357526407, -0.00424803580758292], [0.0, 0.0, 0.0, 1.0]], [0.25581699313151635, 0.27365036413126376, 0.3171263225234326]], "radius": 0.11864927504977066, "volume": 0.0030819822939628337, "num_verts": 2028, "num_faces": 4048, "num_hulls": 0}