{"bbox": [[-0.0425735, -0.08159920000000001, -0.0603124], [0.0425735, -0.08159920000000001, -0.0603124], [0.0425735, 0.08159920000000001, -0.0603124], [-0.0425735, 0.08159920000000001, -0.0603124], [-0.0425735, -0.08159920000000001, 0.0603124], [0.0425735, -0.08159920000000001, 0.0603124], [0.0425735, 0.08159920000000001, 0.0603124], [-0.0425735, 0.08159920000000001, 0.0603124]], "aabb": [[-0.04257350042462349, -0.08159919828176498, -0.06031240150332451], [0.04257350042462349, 0.08159919828176498, 0.06031240150332451]], "obb": [[[0.9091892475277384, -0.4143774457885567, -0.04081965950000426, -0.0008486250865256892], [-0.04592803132154472, -0.002366929253997754, -0.9989419470543991, -0.00015266994710407794], [0.4138423952652407, 0.9101020437663341, -0.021183526936512147, 0.00018655448187886262], [0.0, 0.0, 0.0, 1.0]], [0.0962040697016784, 0.16601573815839135, 0.1267220041852918]], "radius": 0.09835018321340333, "volume": 0.0007983551800373227, "num_verts": 568, "num_faces": 1132, "num_hulls": 0}