{"bbox": [[-0.0301813, -0.056811900000000005, -0.0816671], [0.0301813, -0.056811900000000005, -0.0816671], [0.0301813, 0.056811900000000005, -0.0816671], [-0.0301813, 0.056811900000000005, -0.0816671], [-0.0301813, -0.056811900000000005, 0.0816671], [0.0301813, -0.056811900000000005, 0.0816671], [0.0301813, 0.056811900000000005, 0.0816671], [-0.0301813, 0.056811900000000005, 0.0816671]], "aabb": [[-0.03018129989504814, -0.056811898946762085, -0.08166710287332535], [0.03018129989504814, 0.056811898946762085, 0.08166710287332535]], "obb": [[[-0.9708794255095723, -0.050076462778863816, -0.2342765225065455, 0.00018495876307264884], [0.05387675449457417, -0.9984990559018185, -0.00984533840496084, 0.00012567515869859046], [-0.23343186682056555, -0.022180695181483447, 0.9721201470569015, -0.0006046583182542612], [0.0, 0.0, 0.0, 1.0]], [0.06851878163415724, 0.11684994360754225, 0.16876253984895745]], "radius": 0.09859618556014224, "volume": 0.00041848857121857863, "num_verts": 394, "num_faces": 784, "num_hulls": 0}