{"bbox": [[-0.05724977563218875, -0.027380337911045997, -0.026135758005999907], [0.05724977563218875, -0.027380337911045997, -0.026135758005999907], [0.05724977563218875, 0.027380337911045997, -0.026135758005999907], [-0.05724977563218875, 0.027380337911045997, -0.026135758005999907], [-0.05724977563218875, -0.027380337911045997, 0.026135758005999907], [0.05724977563218875, -0.027380337911045997, 0.026135758005999907], [0.05724977563218875, 0.027380337911045997, 0.026135758005999907], [-0.05724977563218875, 0.027380337911045997, 0.026135758005999907]], "aabb": [[-0.057249777019023895, -0.027380337938666344, -0.026135757565498352], [0.057249777019023895, 0.027380337938666344, 0.026135757565498352]], "obb": [[[-0.0002949558436073592, 0.007970705750833508, -0.9999681899195014, -1.4553412525804418e-05], [0.4467592738641667, -0.8946247274775463, -0.00726279574877257, -0.0005143458346341506], [-0.8946541590007911, -0.44674720461974854, -0.003297111922222173, 6.559908995933381e-05], [0.0, 0.0, 0.0, 1.0]], [0.1150267572736888, 0.07292833670530788, 0.07189235374244451]], "radius": 0.05877908960571318, "volume": 9.913537237545335e-05, "num_verts": 4249, "num_faces": 8346, "num_hulls": 0}