{"bbox": [[-0.03534384, -0.04485472, -0.06253144], [0.03534384, -0.04485472, -0.06253144], [0.03534384, 0.04485952, -0.06253144], [-0.03534384, 0.04485952, -0.06253144], [-0.03534384, -0.04485472, 0.06253144], [0.03534384, -0.04485472, 0.06253144], [0.03534384, 0.04485952, 0.06253144], [-0.03534384, 0.04485952, 0.06253144]], "aabb": [[-0.03534384071826935, -0.04485471919178963, -0.06253144145011902], [0.03534384071826935, 0.044859521090984344, 0.06253144145011902]], "obb": [[[-0.9938471698154026, -1.4400069861311652e-17, 0.11076011488760126, -0.00024619776168721577], [-0.0006877314592622068, 0.99998072274567, -0.006170993638588792, -9.197259331922437e-06], [-0.11075797973669696, -0.006209197778100022, -0.9938280111707448, 0.0001705611443526827], [0.0, 0.0, 0.0, 1.0]], [0.07654301856116431, 0.09120464605217578, 0.13105880968306977]], "radius": 0.07849961403963207, "volume": 0.0006595080399412171, "num_verts": 404, "num_faces": 800, "num_hulls": 0}