{"bbox": [[-0.032725557503238106, -0.03187163756838703, -0.05236331600499603], [0.03272585750321522, -0.03187163756838703, -0.05236331600499603], [0.03272585750321522, 0.0318721175683504, -0.05236331600499603], [-0.032725557503238106, 0.0318721175683504, -0.05236331600499603], [-0.032725557503238106, -0.03187163756838703, 0.05236331600499603], [0.03272585750321522, -0.03187163756838703, 0.05236331600499603], [0.03272585750321522, 0.0318721175683504, 0.05236331600499603], [-0.032725557503238106, 0.0318721175683504, 0.05236331600499603]], "aabb": [[-0.032725557684898376, -0.03187163919210434, -0.0523633174598217], [0.03272585570812225, 0.03187211602926254, 0.0523633174598217]], "obb": [[[-0.023926031177940173, 0.9982859275235204, 0.05341115932627344, 0.0022629845035948143], [0.9985077548350045, 0.02123959344646611, 0.050310468141207626, 0.001699536304929581], [0.04908980104289351, 0.054535186611335294, -0.9973044193498973, 0.0002623831415830945], [0.0, 0.0, 0.0, 1.0]], [0.07187164435541664, 0.0688592411293678, 0.11287276080968256]], "radius": 0.05873162176307403, "volume": 0.00023044670013382926, "num_verts": 2027, "num_faces": 3958, "num_hulls": 0}