{"bbox": [[-0.05486381581422304, -0.025046518089102316, -0.02743193790710923], [0.05486381581422304, -0.025046518089102316, -0.02743193790710923], [0.05486381581422304, 0.025046518089102316, -0.02743193790710923], [-0.05486381581422304, 0.025046518089102316, -0.02743193790710923], [-0.05486381581422304, -0.025046518089102316, 0.02743193790710923], [0.05486381581422304, -0.025046518089102316, 0.02743193790710923], [0.05486381581422304, 0.025046518089102316, 0.02743193790710923], [-0.05486381581422304, 0.025046518089102316, 0.02743193790710923]], "aabb": [[-0.054863814264535904, -0.025046518072485924, -0.02743193879723549], [0.054863814264535904, 0.025046518072485924, 0.02743193879723549]], "obb": [[[5.3172222122576554e-17, 3.0366334174576046e-17, -1.0, 9.018280392973859e-21], [0.4959198716841178, -0.8683682864250677, -0.0, 0.00033787946811734325], [-0.8683682864250676, -0.4959198716841177, -6.123233995736766e-17, -0.0001472796956518849], [0.0, 0.0, 0.0, 1.0]], [0.10972763162844608, 0.0722730304406129, 0.07012432296078312]], "radius": 0.05933848631987067, "volume": 0.00013606345386730134, "num_verts": 1012, "num_faces": 2012, "num_hulls": 0}