{"bbox": [[-0.07109231457608683, -0.06906107473105814, -0.09343559287143], [0.07109231457608683, -0.06906107473105814, -0.09343559287143], [0.07109231457608683, 0.06906107473105814, -0.09343559287143], [-0.07109231457608683, 0.06906107473105814, -0.09343559287143], [-0.07109231457608683, -0.06906107473105814, 0.09343559287143], [0.07109231457608683, -0.06906107473105814, 0.09343559287143], [0.07109231457608683, 0.06906107473105814, 0.09343559287143], [-0.07109231457608683, 0.06906107473105814, 0.09343559287143]], "aabb": [[-0.07109231501817703, -0.06906107813119888, -0.09343559294939041], [0.07109231501817703, 0.06906107813119888, 0.09343559294939041]], "obb": [[[-0.7054534671744583, -0.7086487823605445, -0.01234134962039851, -0.0009200879817079665], [-0.7085434875105467, 0.7055613986759749, -0.012216341710764786, 8.479705064840516e-05], [0.017364675577951384, 0.00012632228457714714, -0.9998492146742692, -3.093474099409543e-05], [0.0, 0.0, 0.0, 1.0]], [0.16017220707593716, 0.15980556823816158, 0.18823082809671018]], "radius": 0.11843041648107062, "volume": 0.0015357655872115126, "num_verts": 901, "num_faces": 1794, "num_hulls": 0}