{"bbox": [[-0.03168900075552465, -0.05347515127494696, -0.14537325346596844], [0.03168900075552465, -0.05347515127494696, -0.14537325346596844], [0.03168900075552465, 0.05387130128439191, -0.14537325346596844], [-0.03168900075552465, 0.05387130128439191, -0.14537325346596844], [-0.03168900075552465, -0.05347515127494696, 0.1457694034754134], [0.03168900075552465, -0.05347515127494696, 0.1457694034754134], [0.03168900075552465, 0.05387130128439191, 0.1457694034754134], [-0.03168900075552465, 0.05387130128439191, 0.1457694034754134]], "aabb": [[-0.03168899938464165, -0.05347515270113945, -0.14537325501441956], [0.03168899938464165, 0.05387130007147789, 0.145769402384758]], "obb": [[[-1.0, -2.3725833292896415e-18, -6.118635718034062e-17, -6.940382884275152e-18], [3.854754638888175e-34, -0.9992490442622469, 0.03874722623603028, 0.001565497344391117], [-6.123233995736765e-17, 0.03874722623603028, 0.9992490442622469, 2.4316894780767792e-05], [0.0, 0.0, 0.0, 1.0]], [0.06337800151104932, 0.11804917726887822, 0.2945813569695656]], "radius": 0.14668367702719468, "volume": 0.0012062784234685312, "num_verts": 1441, "num_faces": 2878, "num_hulls": 0}