{"bbox": [[-0.13715955327013857, -0.06261630149288896, -0.06857985163507108], [0.13715955327013857, -0.06261630149288896, -0.06857985163507108], [0.13715955327013857, 0.06261630149288896, -0.06857985163507108], [-0.13715955327013857, 0.06261630149288896, -0.06857985163507108], [-0.13715955327013857, -0.06261630149288896, 0.06857985163507108], [0.13715955327013857, -0.06261630149288896, 0.06857985163507108], [0.13715955327013857, 0.06261630149288896, 0.06857985163507108], [-0.13715955327013857, 0.06261630149288896, 0.06857985163507108]], "aabb": [[-0.1371595561504364, -0.06261630356311798, -0.06857985258102417], [0.1371595561504364, 0.06261630356311798, 0.06857985258102417]], "obb": [[[5.3172222122576535e-17, 3.036633417457607e-17, -1.0, 2.2545703240066408e-20], [0.4959198716841181, -0.8683682864250674, -0.0, 0.0008446987548779443], [-0.8683682864250674, -0.4959198716841181, -6.123233995736766e-17, -0.00036819927599963687], [0.0, 0.0, 0.0, 1.0]], [0.27431910654027714, 0.18068259419432753, 0.17531082495684677]], "radius": 0.1483462306544445, "volume": 0.002125992105340252, "num_verts": 1012, "num_faces": 2012, "num_hulls": 0}