{"bbox": [[-0.029091057780528427, -0.0477880163540637, -0.037402797146393045], [0.029089617780638292, -0.0477880163540637, -0.037402797146393045], [0.029089617780638292, 0.04779245635372495, -0.037402797146393045], [-0.029091057780528427, 0.04779245635372495, -0.037402797146393045], [-0.029091057780528427, -0.0477880163540637, 0.037402797146393045], [0.029089617780638292, -0.0477880163540637, 0.037402797146393045], [0.029089617780638292, 0.04779245635372495, 0.037402797146393045], [-0.029091057780528427, 0.04779245635372495, 0.037402797146393045]], "aabb": [[-0.029091058298945427, -0.04778801649808884, -0.03740279749035835], [0.02908961847424507, 0.0477924570441246, 0.03740279749035835]], "obb": [[[0.9409949760055667, 0.03922082228860915, -0.3361401229119909, -0.0007375160413430683], [-0.3381762788617899, 0.0712464237265199, -0.9383819859318349, 0.0006141824060448452], [-0.012855331480592447, 0.9966873502785046, 0.08030607852048044, -1.4548582349579412e-05], [0.0, 0.0, 0.0, 1.0]], [0.07231367613968717, 0.10929507130872045, 0.08605558319860097]], "radius": 0.059208958545352686, "volume": 0.00011956490852890925, "num_verts": 2566, "num_faces": 5028, "num_hulls": 0}