{"bbox": [[-0.1143514712756751, -0.04474391658631007, -0.03728855715510886], [0.1143514712756751, -0.04474391658631007, -0.03728855715510886], [0.1143514712756751, 0.04474619658613613, -0.03728855715510886], [-0.1143514712756751, 0.04474619658613613, -0.03728855715510886], [-0.1143514712756751, -0.04474391658631007, 0.03728855715510886], [0.1143514712756751, -0.04474391658631007, 0.03728855715510886], [0.1143514712756751, 0.04474619658613613, 0.03728855715510886], [-0.1143514712756751, 0.04474619658613613, 0.03728855715510886]], "aabb": [[-0.11435147374868393, -0.044743917882442474, -0.03728855773806572], [0.11435147374868393, 0.04474619776010513, 0.03728855773806572]], "obb": [[[-0.005924586734968792, 2.6015887721095424e-16, -0.9999824494819995, 3.2796037441664084e-05], [0.05162102238179622, -0.9986666994102754, -0.0003058385920746803, 5.672466375457722e-05], [-0.9986491722923913, -0.05162192837337936, 0.0059166874799811715, 0.00012278459441076559], [0.0, 0.0, 0.0, 1.0]], [0.22907642096778888, 0.09200683782504274, 0.08026087560075183]], "radius": 0.11773066876754706, "volume": 0.0004745736988228768, "num_verts": 1685, "num_faces": 3326, "num_hulls": 0}