{"bbox": [[-0.08001530000000001, -0.022613, -0.057402299999999996], [0.08001530000000001, -0.022613, -0.057402299999999996], [0.08001530000000001, 0.022613, -0.057402299999999996], [-0.08001530000000001, 0.022613, -0.057402299999999996], [-0.08001530000000001, -0.022613, 0.057402299999999996], [0.08001530000000001, -0.022613, 0.057402299999999996], [0.08001530000000001, 0.022613, 0.057402299999999996], [-0.08001530000000001, 0.022613, 0.057402299999999996]], "aabb": [[-0.08001530170440674, -0.022613000124692917, -0.05740230157971382], [0.08001530170440674, 0.022613000124692917, 0.05740230157971382]], "obb": [[[-2.1110165266465533e-18, 6.11959399460362e-17, -1.0, 5.632612102529945e-21], [0.9994055427024869, 0.03447551617521599, 0.0, -5.691283040913844e-05], [0.03447551617521599, -0.9994055427024869, -6.123233995736766e-17, -9.198753643012155e-05], [0.0, 0.0, 0.0, 1.0]], [0.16003060000000002, 0.04844021500535123, 0.11710049003208019]], "radius": 0.09863831087812687, "volume": 0.0007603583642928052, "num_verts": 222, "num_faces": 440, "num_hulls": 0}