{"bbox": [[-0.11619167113527899, -0.025259038072888332, -0.06566711498999672], [0.11619167113527899, -0.025259038072888332, -0.06566711498999672], [0.11619167113527899, 0.025259038072888332, -0.06566711498999672], [-0.11619167113527899, 0.025259038072888332, -0.06566711498999672], [-0.11619167113527899, -0.025259038072888332, 0.06567359498950233], [0.11619167113527899, -0.025259038072888332, 0.06567359498950233], [0.11619167113527899, 0.025259038072888332, 0.06567359498950233], [-0.11619167113527899, 0.025259038072888332, 0.06567359498950233]], "aabb": [[-0.11619167029857635, -0.02525903843343258, -0.06566711515188217], [0.11619167029857635, 0.02525903843343258, 0.0656735971570015]], "obb": [[[-4.3632225874354004e-18, -6.107668741268749e-17, -1.0, 7.674587736190815e-20], [-0.9974580010368941, 0.07125683242667594, -0.0, -8.963203159663099e-05], [0.07125683242667594, 0.9974580010368941, -6.123233995736766e-17, -0.0012533552925683], [0.0, 0.0, 0.0, 1.0]], [0.23238334227055799, 0.05318546190117312, 0.13452082879267546]], "radius": 0.11820582393882541, "volume": 0.0010816210918855214, "num_verts": 531, "num_faces": 1054, "num_hulls": 0}