{"bbox": [[-0.058095835567639496, -0.012629519036444166, -0.03283355749499836], [0.058095835567639496, -0.012629519036444166, -0.03283355749499836], [0.058095835567639496, 0.012629519036444166, -0.03283355749499836], [-0.058095835567639496, 0.012629519036444166, -0.03283355749499836], [-0.058095835567639496, -0.012629519036444166, 0.032836797494751165], [0.058095835567639496, -0.012629519036444166, 0.032836797494751165], [0.058095835567639496, 0.012629519036444166, 0.032836797494751165], [-0.058095835567639496, 0.012629519036444166, 0.032836797494751165]], "aabb": [[-0.05809583514928818, -0.01262951921671629, -0.032833557575941086], [0.05809583514928818, 0.01262951921671629, 0.03283679857850075]], "obb": [[[-4.3632225874354004e-18, -6.107668741268749e-17, -1.0, 3.8372938680954073e-20], [-0.9974580010368941, 0.07125683242667594, -0.0, -4.4816015798315495e-05], [0.07125683242667594, 0.9974580010368941, -6.123233995736766e-17, -0.00062667764628415], [0.0, 0.0, 0.0, 1.0]], [0.11619167113527899, 0.02659273095058656, 0.06726041439633773]], "radius": 0.059102911969412704, "volume": 0.00013520263648569017, "num_verts": 531, "num_faces": 1054, "num_hulls": 0}