{"bbox": [[-0.09601835267438105, -0.027135597929718175, -0.06888275474466288], [0.09601835267438105, -0.027135597929718175, -0.06888275474466288], [0.09601835267438105, 0.027135597929718175, -0.06888275474466288], [-0.09601835267438105, 0.027135597929718175, -0.06888275474466288], [-0.09601835267438105, -0.027135597929718175, 0.06888275474466288], [0.09601835267438105, -0.027135597929718175, 0.06888275474466288], [0.09601835267438105, 0.027135597929718175, 0.06888275474466288], [-0.09601835267438105, 0.027135597929718175, 0.06888275474466288]], "aabb": [[-0.09601835161447525, -0.02713559754192829, -0.06888275593519211], [0.09601835161447525, 0.02713559754192829, 0.06888275593519211]], "obb": [[[-2.1110165266465533e-18, 6.11959399460362e-17, -1.0, 6.7591340073546874e-21], [0.9994055427024869, 0.03447551617521599, 0.0, -6.82953912804455e-05], [0.03447551617521599, -0.9994055427024869, -6.123233995736766e-17, -0.00011038503529443199], [0.0, 0.0, 0.0, 1.0]], [0.1920367053487621, 0.05812825357158767, 0.14052057731762696]], "radius": 0.11836596402314584, "volume": 0.0013138989527703392, "num_verts": 222, "num_faces": 440, "num_hulls": 0}