{"bbox": [[-0.023893078177102803, -0.05233547600712005, -0.03413297739586049], [0.023893078177102803, -0.05233547600712005, -0.03413297739586049], [0.023893078177102803, 0.05233727600698272, -0.03413297739586049], [-0.023893078177102803, 0.05233727600698272, -0.03413297739586049], [-0.023893078177102803, -0.05233547600712005, 0.03413297739586049], [0.023893078177102803, -0.05233547600712005, 0.03413297739586049], [0.023893078177102803, 0.05233727600698272, 0.03413297739586049], [-0.023893078177102803, 0.05233727600698272, 0.03413297739586049]], "aabb": [[-0.023893078789114952, -0.052335474640131, -0.034132976084947586], [0.023893078789114952, 0.05233727768063545, 0.034132976084947586]], "obb": [[[0.9844513750167283, -0.16007047559971646, -0.0723390148464393, 0.0011074826569502144], [0.06252963304613077, -0.06549883236877761, 0.9958915342292267, -0.001302917807643172], [-0.16415095253695305, -0.9849301222927478, -0.05447126748666342, -0.0027667375260202274], [0.0, 0.0, 0.0, 1.0]], [0.06334741146592854, 0.11169653034050388, 0.07981844379421364]], "radius": 0.059097466128414856, "volume": 6.759503420589238e-05, "num_verts": 3878, "num_faces": 7564, "num_hulls": 0}