{"bbox": [[-0.05804723557134739, -0.05804891557121921, -0.01009493922981726], [0.05804891557121921, -0.05804891557121921, -0.01009493922981726], [0.05804891557121921, 0.05804891557121921, -0.01009493922981726], [-0.05804723557134739, 0.05804891557121921, -0.01009493922981726], [-0.05804723557134739, -0.05804891557121921, 0.010095479229776059], [0.05804891557121921, -0.05804891557121921, 0.010095479229776059], [0.05804891557121921, 0.05804891557121921, 0.010095479229776059], [-0.05804723557134739, 0.05804891557121921, 0.010095479229776059]], "aabb": [[-0.05804723501205444, -0.05804891511797905, -0.010094938799738884], [0.05804891511797905, 0.05804891511797905, 0.010095478966832161]], "obb": [[[-0.012017260106776584, 1.667209725683974e-07, 0.9999277901226161, -8.33914164778654e-05], [0.00457972938126465, 0.9999895114788673, 5.487304234504453e-05, 3.5030797924122434e-05], [-0.9999173023497097, 0.004580058103190286, -0.012017134827026934, -7.768591291538737e-05], [0.0, 0.0, 0.0, 1.0]], [0.11632399399795397, 0.11618912464990533, 0.020999754578236145]], "radius": 0.059198231881902506, "volume": 6.297525579158867e-05, "num_verts": 1668, "num_faces": 3276, "num_hulls": 0}