{"bbox": [[-0.050212376169099716, -0.015281998834076016, -0.030564057668147456], [0.050212376169099716, -0.015281998834076016, -0.030564057668147456], [0.050212376169099716, 0.015281998834076016, -0.030564057668147456], [-0.050212376169099716, 0.015281998834076016, -0.030564057668147456], [-0.050212376169099716, -0.015281998834076016, 0.030564057668147456], [0.050212376169099716, -0.015281998834076016, 0.030564057668147456], [0.050212376169099716, 0.015281998834076016, 0.030564057668147456], [-0.050212376169099716, 0.015281998834076016, 0.030564057668147456]], "aabb": [[-0.050212375819683075, -0.015281998552381992, -0.03056405857205391], [0.050212375819683075, 0.015281998552381992, 0.03056405857205391]], "obb": [[[-0.00012280135640530045, 0.012392236571463433, 0.9999232057476132, -6.525305876881301e-07], [0.9999998465523955, -0.000538635789408787, 0.00012948618348458774, -2.0308377291216992e-06], [0.0005401990486945076, 0.9999230682128716, -0.012392168524698866, -7.048229065944942e-06], [0.0, 0.0, 0.0, 1.0]], [0.10186345822058324, 0.030636530880058254, 0.0613887634455482]], "radius": 0.05905809551321975, "volume": 0.000178123036734787, "num_verts": 169, "num_faces": 334, "num_hulls": 0}