{"bbox": [[-0.09881927246068782, -0.024772078110040428, -0.06569999498748817], [0.09881639246090757, -0.024772078110040428, -0.06569999498748817], [0.09881639246090757, 0.024772078110040428, -0.06569999498748817], [-0.09881927246068782, 0.024772078110040428, -0.06569999498748817], [-0.09881927246068782, -0.024772078110040428, 0.06569531498784523], [0.09881639246090757, -0.024772078110040428, 0.06569531498784523], [0.09881639246090757, 0.024772078110040428, 0.06569531498784523], [-0.09881927246068782, 0.024772078110040428, 0.06569531498784523]], "aabb": [[-0.09881927073001862, -0.024772077798843384, -0.0656999945640564], [0.0988163948059082, 0.024772077798843384, 0.06569531559944153]], "obb": [[[-0.0014958902800471282, -0.012371800836244841, 0.999922347413207, 0.0001592738348172786], [0.999998880984231, 1.5177651739350863e-18, 0.0014960047747629307, 7.136138840663678e-05], [-1.8508273123439822e-05, 0.9999234663433338, 0.012371786992004613, 0.0006659505829780326], [0.0, 0.0, 0.0, 1.0]], [0.1981844008482935, 0.04972741680396698, 0.13439337504380583]], "radius": 0.11683117115754367, "volume": 0.00025993552257129454, "num_verts": 2905, "num_faces": 5750, "num_hulls": 0}