{"bbox": [[-0.05843999554138218, -0.020326978449174617, -0.01905653854610149], [0.05843999554138218, -0.020326978449174617, -0.01905653854610149], [0.05843999554138218, 0.020326978449174617, -0.01905653854610149], [-0.05843999554138218, 0.020326978449174617, -0.01905653854610149], [-0.05843999554138218, -0.020326978449174617, 0.019055458546183887], [0.05843999554138218, -0.020326978449174617, 0.019055458546183887], [0.05843999554138218, 0.020326978449174617, 0.019055458546183887], [-0.05843999554138218, 0.020326978449174617, 0.019055458546183887]], "aabb": [[-0.05843999609351158, -0.020326977595686913, -0.019056538119912148], [0.05843999609351158, 0.020326977595686913, 0.019055457785725594]], "obb": [[[0.08442996276903542, 6.123233995736766e-17, 0.9964294161589268, 0.0004674579184042553], [5.58438605709033e-17, 1.0, -6.618354893662625e-17, -3.3158993507309503e-18], [-0.9964294161589267, 6.123233995736766e-17, 0.0844299627690354, -0.0029750805460805755], [0.0, 0.0, 0.0, 1.0]], [0.12015883336460405, 0.04065395689834924, 0.04583983326440113]], "radius": 0.05911284528972982, "volume": 6.936268999528407e-05, "num_verts": 1475, "num_faces": 2902, "num_hulls": 0}