{"bbox": [[-0.035581600000000005, -0.0962796, -0.0313955], [0.035581600000000005, -0.0962796, -0.0313955], [0.035581600000000005, 0.0962796, -0.0313955], [-0.035581600000000005, 0.0962796, -0.0313955], [-0.035581600000000005, -0.0962796, 0.0313955], [0.035581600000000005, -0.0962796, 0.0313955], [0.035581600000000005, 0.0962796, 0.0313955], [-0.035581600000000005, 0.0962796, 0.0313955]], "aabb": [[-0.03558159992098808, -0.09627959877252579, -0.03139549866318703], [0.03558159992098808, 0.09627959877252579, 0.03139549866318703]], "obb": [[[-0.14141823470465875, -0.9899499395893805, -6.123233995736767e-17, -0.0025952441267466726], [-5.195758181810605e-17, 6.9276320665319e-17, -1.0, 1.999190625186037e-19], [0.9899499395893805, -0.14141823470465875, -6.123233995736766e-17, -0.000669681934511073], [0.0, 0.0, 0.0, 1.0]], [0.07811219182879245, 0.1925592, 0.07258652696517491]], "radius": 0.09828388487442895, "volume": 0.00035544714422570847, "num_verts": 1335, "num_faces": 2606, "num_hulls": 0}