{"bbox": [[-0.0357893, -0.09683270000000001, -0.0420981], [0.0357893, -0.09683270000000001, -0.0420981], [0.0357893, 0.0968417, -0.0420981], [-0.0357893, 0.0968417, -0.0420981], [-0.0357893, -0.09683270000000001, 0.041575600000000004], [0.0357893, -0.09683270000000001, 0.041575600000000004], [0.0357893, 0.0968417, 0.041575600000000004], [-0.0357893, 0.0968417, 0.041575600000000004]], "aabb": [[-0.03578929975628853, -0.09683270007371902, -0.04209810122847557], [0.03578929975628853, 0.09684170037508011, 0.0415755994617939]], "obb": [[[0.9883730474525765, 0.0007526233167917465, -0.1520465475683347, 0.001845175261591012], [-0.15204841028207705, 0.004892340536946398, -0.9883609390980421, 0.0004155643418543568], [-6.125667229336801e-17, 0.9999877492060659, 0.004949892704536896, -9.928088957753738e-05], [0.0, 0.0, 0.0, 1.0]], [0.09608843917956982, 0.20293410190359099, 0.0845281888648692]], "radius": 0.09848819137617922, "volume": 0.0004469309791172282, "num_verts": 1697, "num_faces": 3326, "num_hulls": 0}