{"bbox": [[-0.050939816113600454, -0.00886001932403417, -0.03100997763412646], [0.05094023611356841, -0.00886001932403417, -0.03100997763412646], [0.05094023611356841, 0.00886001932403417, -0.03100997763412646], [-0.050939816113600454, 0.00886001932403417, -0.03100997763412646], [-0.050939816113600454, -0.00886001932403417, 0.03100997763412646], [0.05094023611356841, -0.00886001932403417, 0.03100997763412646], [0.05094023611356841, 0.00886001932403417, 0.03100997763412646], [-0.050939816113600454, 0.00886001932403417, 0.03100997763412646]], "aabb": [[-0.05093981698155403, -0.008860019035637379, -0.03100997768342495], [0.05094023793935776, 0.008860019035637379, 0.03100997768342495]], "obb": [[[4.564575114424132e-18, -6.106196943007509e-17, -1.0, 2.0999998397857123e-07], [-0.9972176381400547, -0.07454516873929964, -0.0, 3.858505971669346e-05], [-0.07454516873929964, 0.9972176381400549, -6.123233995736766e-17, 0.00016846251507910266], [0.0, 0.0, 0.0, 1.0]], [0.10188005222716887, 0.01906592847434883, 0.06308338194011714]], "radius": 0.058679992161606756, "volume": 8.38071555941179e-05, "num_verts": 189, "num_faces": 370, "num_hulls": 0}