{"bbox": [[-0.05518703578956331, -0.05518703578956331, -0.020395198443969847], [0.05518703578956331, -0.05518703578956331, -0.020395198443969847], [0.05518703578956331, 0.05518703578956331, -0.020395198443969847], [-0.05518703578956331, 0.05518703578956331, -0.020395198443969847], [-0.05518703578956331, -0.05518703578956331, 0.020395198443969847], [0.05518703578956331, -0.05518703578956331, 0.020395198443969847], [0.05518703578956331, 0.05518703578956331, 0.020395198443969847], [-0.05518703578956331, 0.05518703578956331, 0.020395198443969847]], "aabb": [[-0.05518703535199165, -0.05518703535199165, -0.020395198836922646], [0.05518703535199165, 0.05518703535199165, 0.020395198836922646]], "obb": [[[0.014596175974767532, 0.4460905253179426, -0.8948688143345233, 0.00010592399303099993], [-0.0036501396381878257, -0.8949344194944907, -0.4461827666827579, 0.0005165005293093425], [-0.9998868076575145, 0.009778958309590767, -0.011434327564134962, -9.111530969912913e-06], [0.0, 0.0, 0.0, 1.0]], [0.14834158320915178, 0.14782998948615073, 0.04213750933241143]], "radius": 0.058916324890918526, "volume": 0.00029636856105439964, "num_verts": 1009, "num_faces": 1986, "num_hulls": 0}