{"bbox": [[-0.14515515346076854, -0.14515935346086867, -0.025245150601891295], [0.14515935346086867, -0.14515935346086867, -0.025245150601891295], [0.14515935346086867, 0.14515935346086867, -0.025245150601891295], [-0.14515515346076854, 0.14515935346086867, -0.025245150601891295], [-0.14515515346076854, -0.14515935346086867, 0.025245150601891295], [0.14515935346086867, -0.14515935346086867, 0.025245150601891295], [0.14515935346086867, 0.14515935346086867, 0.025245150601891295], [-0.14515515346076854, 0.14515935346086867, 0.025245150601891295]], "aabb": [[-0.1451551467180252, -0.14515934884548187, -0.025245150551199913], [0.14515934884548187, 0.14515934884548187, 0.025245150551199913]], "obb": [[[0.01960390699451239, 7.591117142865519e-05, -0.9998078220678436, 0.0003851487655005537], [0.0038722180399577183, -0.9999925029356225, 8.719761344826827e-17, 7.015534410464716e-05], [-0.9998003264442363, -0.003871473885101942, -0.019604053967367047, -0.000604382488398251], [0.0, 0.0, 0.0, 1.0]], [0.29128391056576164, 0.29051298258109187, 0.054514034454471484]], "radius": 0.14849149581599874, "volume": 0.0010150740079312049, "num_verts": 1591, "num_faces": 3126, "num_hulls": 0}