{"bbox": [[-0.0879869, -0.013389300000000002, -0.04590620000000001], [0.0879869, -0.013389300000000002, -0.04590620000000001], [0.0879869, 0.013389300000000002, -0.04590620000000001], [-0.0879869, 0.013389300000000002, -0.04590620000000001], [-0.0879869, -0.013389300000000002, 0.04590620000000001], [0.0879869, -0.013389300000000002, 0.04590620000000001], [0.0879869, 0.013389300000000002, 0.04590620000000001], [-0.0879869, 0.013389300000000002, 0.04590620000000001]], "aabb": [[-0.08798690140247345, -0.013389299623668194, -0.045906201004981995], [0.08798690140247345, 0.013389299623668194, 0.045906201004981995]], "obb": [[[0.0036539244821558892, 0.013516456583457254, 0.9999019723139395, 2.1167645636691637e-06], [0.9991740055715012, -0.04051758294366908, -0.0031035564446236278, -0.00018478300753367794], [0.04047166201283028, 0.9990873990166378, -0.013653340253901925, -2.045664906540048e-05], [0.0, 0.0, 0.0, 1.0]], [0.17843878732289503, 0.029177460221379268, 0.09432465024975338]], "radius": 0.09803324430513355, "volume": 0.000363325782255943, "num_verts": 166, "num_faces": 328, "num_hulls": 0}