{"bbox": [[-0.057885900000000004, -0.08068940000000001, -0.00833038], [0.057885900000000004, -0.08068940000000001, -0.00833038], [0.057885900000000004, 0.08068940000000001, -0.00833038], [-0.057885900000000004, 0.08068940000000001, -0.00833038], [-0.057885900000000004, -0.08068940000000001, 0.008768910000000001], [0.057885900000000004, -0.08068940000000001, 0.008768910000000001], [0.057885900000000004, 0.08068940000000001, 0.008768910000000001], [-0.057885900000000004, 0.08068940000000001, 0.008768910000000001]], "aabb": [[-0.057885900139808655, -0.08068940043449402, -0.008330379612743855], [0.057885900139808655, 0.08068940043449402, 0.008768909610807896]], "obb": [[[-0.0018222409635316363, 0.9999983396309908, -1.3157976611796214e-05, 5.366994952827247e-07], [0.007220578322865174, 7.07934710945789e-17, -0.9999739312845527, -2.12665658334796e-06], [-0.9999722709588271, -0.0018222884682511777, -0.007220566334040697, 0.0002944740146974115], [0.0, 0.0, 0.0, 1.0]], [0.1158217974676389, 0.16156303221898208, 0.01733519010145609]], "radius": 0.09855914182424125, "volume": 0.0002795046970602644, "num_verts": 115, "num_faces": 226, "num_hulls": 0}