{"bbox": [[-0.10187963222720091, -0.01772003864806834, -0.06201995526825292], [0.10188047222713682, -0.01772003864806834, -0.06201995526825292], [0.10188047222713682, 0.01772003864806834, -0.06201995526825292], [-0.10187963222720091, 0.01772003864806834, -0.06201995526825292], [-0.10187963222720091, -0.01772003864806834, 0.06201995526825292], [0.10188047222713682, -0.01772003864806834, 0.06201995526825292], [0.10188047222713682, 0.01772003864806834, 0.06201995526825292], [-0.10187963222720091, 0.01772003864806834, 0.06201995526825292]], "aabb": [[-0.10187963396310806, -0.017720038071274757, -0.0620199553668499], [0.10188047587871552, 0.017720038071274757, 0.0620199553668499]], "obb": [[[4.564575114424132e-18, -6.106196943007509e-17, -1.0, 4.1999996795714245e-07], [-0.9972176381400547, -0.07454516873929964, -0.0, 7.717011943338692e-05], [-0.07454516873929964, 0.9972176381400549, -6.123233995736766e-17, 0.0003369250301582053], [0.0, 0.0, 0.0, 1.0]], [0.20376010445433773, 0.03813185694869766, 0.1261667638802343]], "radius": 0.11735998432321351, "volume": 0.0006704572447529432, "num_verts": 189, "num_faces": 370, "num_hulls": 0}