{"bbox": [[-0.05621543571110262, -0.041072516866415644, -0.09945815241194517], [0.05621543571110262, -0.041072516866415644, -0.09945815241194517], [0.05621543571110262, 0.041072516866415644, -0.09945815241194517], [-0.05621543571110262, 0.041072516866415644, -0.09945815241194517], [-0.05621543571110262, -0.041072516866415644, 0.09945815241194517], [0.05621543571110262, -0.041072516866415644, 0.09945815241194517], [0.05621543571110262, 0.041072516866415644, 0.09945815241194517], [-0.05621543571110262, 0.041072516866415644, 0.09945815241194517]], "aabb": [[-0.05621543526649475, -0.04107251763343811, -0.09945815056562424], [0.05621543526649475, 0.04107251763343811, 0.09945815056562424]], "obb": [[[0.004972716730010924, -0.9996765857926627, 0.02493984575429747, 0.00014373196876225674], [0.999832703808897, 0.005409406069767104, 0.017472913900168578, 0.0009467068386816985], [-0.017602172664572032, 0.024848785561822673, 0.9995362431515874, -0.0009075363199083965], [0.0, 0.0, 0.0, 1.0]], [0.11625671661658249, 0.08576800312124985, 0.204407912027476]], "radius": 0.11715708136735671, "volume": 0.001699614226260767, "num_verts": 267, "num_faces": 530, "num_hulls": 0}