{"bbox": [[-0.0369716, -0.09449220000000001, -0.0323533], [0.036974, -0.09449220000000001, -0.0323533], [0.036974, 0.09449220000000001, -0.0323533], [-0.0369716, 0.09449220000000001, -0.0323533], [-0.0369716, -0.09449220000000001, 0.0323533], [0.036974, -0.09449220000000001, 0.0323533], [0.036974, 0.09449220000000001, 0.0323533], [-0.0369716, 0.09449220000000001, 0.0323533]], "aabb": [[-0.036971598863601685, -0.09449219703674316, -0.03235330060124397], [0.03697400167584419, 0.09449219703674316, 0.03235330060124397]], "obb": [[[-0.13516522803776929, -0.980147784081502, 0.14505406747009536, 0.003860740725481196], [0.0450061864247302, 0.14017297661579634, 0.989103624404526, -0.0005755931409365189], [-0.9898003860945904, 0.14022074734784634, 0.025166201545151274, -0.0012318858507620008], [0.0, 0.0, 0.0, 1.0]], [0.10449229291314369, 0.20204697168380317, 0.08086807342947967]], "radius": 0.09889928400863174, "volume": 0.000339711393554791, "num_verts": 1688, "num_faces": 3292, "num_hulls": 0}