{"bbox": [[-0.04432439661831691, -0.11329511135626898, -0.046795796429764065], [0.04433291661766689, -0.11329511135626898, -0.046795796429764065], [0.04433291661766689, 0.11329511135626898, -0.046795796429764065], [-0.04432439661831691, 0.11329511135626898, -0.046795796429764065], [-0.04432439661831691, -0.11329511135626898, 0.046795796429764065], [0.04433291661766689, -0.11329511135626898, 0.046795796429764065], [0.04433291661766689, 0.11329511135626898, 0.046795796429764065], [-0.04432439661831691, 0.11329511135626898, 0.046795796429764065]], "aabb": [[-0.044324398040771484, -0.11329510807991028, -0.0467957966029644], [0.04433291777968407, 0.11329510807991028, 0.0467957966029644]], "obb": [[[-0.9989655786114741, -0.04231209464145794, 0.01665711248971243, -0.002097012835496513], [0.01619977402949708, 0.011128694694441204, 0.9998068410827119, 0.00019055517522493685], [-0.04248929360245777, 0.9990424609602188, -0.010431736562716587, 0.00038929008488761813], [0.0, 0.0, 0.0, 1.0]], [0.0945882623666698, 0.229098403299657, 0.09832879040185694]], "radius": 0.11724078225892809, "volume": 0.0008852718581250701, "num_verts": 1606, "num_faces": 3136, "num_hulls": 0}