{"bbox": [[-0.01083768, -0.03406128, -0.07121896], [0.01083768, -0.03406128, -0.07121896], [0.01083768, 0.03406128, -0.07121896], [-0.01083768, 0.03406128, -0.07121896], [-0.01083768, -0.03406128, 0.07121896], [0.01083768, -0.03406128, 0.07121896], [0.01083768, 0.03406128, 0.07121896], [-0.01083768, 0.03406128, 0.07121896]], "aabb": [[-0.010837679728865623, -0.03406127914786339, -0.07121895998716354], [0.010837679728865623, 0.03406127914786339, 0.07121895998716354]], "obb": [[[0.9989679295476129, 6.123233995736766e-17, -0.045421093506820956, -0.0005156811746034584], [-6.395038370741219e-17, 1.0, -5.838790402972211e-17, 4.809833191859281e-20], [0.04542109350682096, 6.123233995736766e-17, 0.998967929547613, -0.0002698241964485174], [0.0, 0.0, 0.0, 1.0]], [0.026353501613607243, 0.06812256000000003, 0.1433989502447426]], "radius": 0.07890236846663604, "volume": 0.00016609061036978496, "num_verts": 326, "num_faces": 636, "num_hulls": 0}