{"bbox": [[-0.08264375369478198, -0.08264375369478198, -0.08640023340818533], [0.08264375369478198, -0.08264375369478198, -0.08640023340818533], [0.08264375369478198, 0.08264375369478198, -0.08640023340818533], [-0.08264375369478198, 0.08264375369478198, -0.08640023340818533], [-0.08264375369478198, -0.08264375369478198, 0.08640035340817616], [0.08264375369478198, -0.08264375369478198, 0.08640035340817616], [0.08264375369478198, 0.08264375369478198, 0.08640035340817616], [-0.08264375369478198, 0.08264375369478198, 0.08640035340817616]], "aabb": [[-0.08264375478029251, -0.08264375478029251, -0.08640023320913315], [0.08264375478029251, 0.08264375478029251, 0.0864003524184227]], "obb": [[[-0.7071000032311903, -0.7071135590767595, 4.990837925697996e-07, 3.907127647083097e-08], [-0.7071135590765029, 0.7071000032313621, 6.069772765850151e-07, 4.818253377695345e-08], [-7.821040136635742e-07, 7.628471739309317e-08, -0.9999999999996911, 1.4949767416879577e-08], [0.0, 0.0, 0.0, 1.0]], [0.2325879679394364, 0.2325879446733056, 0.17280070033259612]], "radius": 0.11847055665859957, "volume": 0.0008053574002381782, "num_verts": 2130, "num_faces": 4132, "num_hulls": 0}