{"bbox": [[-0.06886980000000001, -0.06886980000000001, -0.0720002], [0.06886980000000001, -0.06886980000000001, -0.0720002], [0.06886980000000001, 0.06886980000000001, -0.0720002], [-0.06886980000000001, 0.06886980000000001, -0.0720002], [-0.06886980000000001, -0.06886980000000001, 0.0720003], [0.06886980000000001, -0.06886980000000001, 0.0720003], [0.06886980000000001, 0.06886980000000001, 0.0720003], [-0.06886980000000001, 0.06886980000000001, 0.0720003]], "aabb": [[-0.06886979937553406, -0.06886979937553406, -0.07200019806623459], [0.06886979937553406, 0.06886979937553406, 0.07200030237436295]], "obb": [[[-0.7071000032311904, -0.7071135590767594, 4.989042983030449e-07, 3.254769187189368e-08], [-0.7071135590765031, 0.7071000032313622, 6.067589786903142e-07, 4.0137674101109946e-08], [-7.818227318657111e-07, 7.625728178084328e-08, -0.9999999999996914, 1.2469229745511459e-08], [0.0, 0.0, 0.0, 1.0]], [0.19382332137623584, 0.19382330198220427, 0.1440005945580228]], "radius": 0.09872547141432145, "volume": 0.0004660634169964541, "num_verts": 2130, "num_faces": 4132, "num_hulls": 0}