{"bbox": [[-0.045954601095643074, -0.03676365087651374, -0.14054445335084087], [0.045954601095643074, -0.03676365087651374, -0.14054445335084087], [0.045954601095643074, 0.03676365087651374, -0.14054445335084087], [-0.045954601095643074, 0.03676365087651374, -0.14054445335084087], [-0.045954601095643074, -0.03676365087651374, 0.14092335335987458], [0.045954601095643074, -0.03676365087651374, 0.14092335335987458], [0.045954601095643074, 0.03676365087651374, 0.14092335335987458], [-0.045954601095643074, 0.03676365087651374, 0.14092335335987458]], "aabb": [[-0.04595459997653961, -0.03676364943385124, -0.14054445922374725], [0.04595459997653961, 0.03676364943385124, 0.14092335104942322]], "obb": [[[4.657956668162611e-05, -0.999999998912568, -2.282145374798489e-06, -1.3907506873142709e-07], [0.9988019219858131, 4.663543952574874e-05, -0.04893586070134351, -0.002982415572787953], [0.04893586075455793, 6.123225467435494e-17, 0.9988019230719425, -0.0007260198367905405], [0.0, 0.0, 0.0, 1.0]], [0.09191337100592953, 0.08327347122554404, 0.28602928701682495]], "radius": 0.14681864153748153, "volume": 0.0004313128545809927, "num_verts": 2889, "num_faces": 5722, "num_hulls": 0}