{"bbox": [[-0.03795080000000001, -0.0969853, -0.029517300000000003], [0.03795080000000001, -0.0969853, -0.029517300000000003], [0.03795080000000001, 0.0969853, -0.029517300000000003], [-0.03795080000000001, 0.0969853, -0.029517300000000003], [-0.03795080000000001, -0.0969853, 0.029514600000000002], [0.03795080000000001, -0.0969853, 0.029514600000000002], [0.03795080000000001, 0.0969853, 0.029514600000000002], [-0.03795080000000001, 0.0969853, 0.029514600000000002]], "aabb": [[-0.037950798869132996, -0.09698530286550522, -0.02951730042695999], [0.037950798869132996, 0.09698530286550522, 0.029514599591493607]], "obb": [[[0.04870497273295517, 0.9955615250654851, 0.08052996610186638, -0.003303202226630875], [-0.024353063891233144, 0.08178534173865373, -0.9963523905505527, -0.00034524129553098275], [-0.9985162762369933, 0.04656616460454178, 0.02822832626690982, 0.0006688001131510364], [0.0, 0.0, 0.0, 1.0]], [0.09305069933242041, 0.201564790947375, 0.06640648031439034]], "radius": 0.09891448023324795, "volume": 0.0003547025348601213, "num_verts": 1438, "num_faces": 2820, "num_hulls": 0}