{"bbox": [[-0.0886896021145249, -0.0886896021145249, -0.11999055286079771], [0.0886896021145249, -0.0886896021145249, -0.11999055286079771], [0.0886896021145249, 0.0886896021145249, -0.11999055286079771], [-0.0886896021145249, 0.0886896021145249, -0.11999055286079771], [-0.0886896021145249, -0.0886896021145249, 0.1199919028608299], [0.0886896021145249, -0.0886896021145249, 0.1199919028608299], [0.0886896021145249, 0.0886896021145249, 0.1199919028608299], [-0.0886896021145249, 0.0886896021145249, 0.1199919028608299]], "aabb": [[-0.08868960291147232, -0.08868960291147232, -0.11999054998159409], [0.08868960291147232, 0.08868960291147232, 0.11999190598726273]], "obb": [[[-0.9488998453522729, 0.31557737872983543, -3.904405858240048e-05, -0.00013484303518146557], [0.31557737405266334, 0.9488998429942846, 9.46120905542233e-05, -0.0003819511128114823], [6.690633659195109e-05, 7.745597661556543e-05, -0.9999999947620568, 2.933780592727807e-07], [0.0, 0.0, 0.0, 1.0]], [0.22345259893046637, 0.22398983714455123, 0.240024288878639]], "radius": 0.14793609777484112, "volume": 0.0055989977364843645, "num_verts": 1057, "num_faces": 2090, "num_hulls": 0}