{"bbox": [[-0.054744751305216575, -0.1398967533353985, -0.05778615137772921], [0.054744751305216575, -0.1398967533353985, -0.05778615137772921], [0.054744751305216575, 0.13990350333555945, -0.05778615137772921], [-0.054744751305216575, 0.13990350333555945, -0.05778615137772921], [-0.054744751305216575, -0.1398967533353985, 0.057279301365644957], [0.054744751305216575, -0.1398967533353985, 0.057279301365644957], [0.054744751305216575, 0.13990350333555945, 0.057279301365644957], [-0.054744751305216575, 0.13990350333555945, 0.057279301365644957]], "aabb": [[-0.05474475026130676, -0.13989675045013428, -0.05778615176677704], [0.05474475026130676, 0.1399035006761551, 0.057279299944639206]], "obb": [[[-0.9992654723613107, -0.010795818404597297, 0.03676909098008508, -0.00119360488626796], [0.037179495670933975, -0.04065859971407497, 0.9984811281996999, -0.0003793298941348638], [-0.009284441188451707, 0.9991147724732458, 0.041030117932472486, -0.0024143721136507014], [0.0, 0.0, 0.0, 1.0]], [0.116696401414456, 0.28769077058092174, 0.12746720699366174]], "radius": 0.1474185557644915, "volume": 0.0015012591417719603, "num_verts": 1662, "num_faces": 3268, "num_hulls": 0}