{"bbox": [[-0.02544112, -0.02544112, -0.07313912], [0.02544112, -0.02544112, -0.07313912], [0.02544112, 0.02544112, -0.07313912], [-0.02544112, 0.02544112, -0.07313912], [-0.02544112, -0.02544112, 0.0731432], [0.02544112, -0.02544112, 0.0731432], [0.02544112, 0.02544112, 0.0731432], [-0.02544112, 0.02544112, 0.0731432]], "aabb": [[-0.025441119447350502, -0.025441119447350502, -0.07313912361860275], [0.025441119447350502, 0.025441119447350502, 0.07314319908618927]], "obb": [[[0.9998005157654879, -0.006770101370192713, -0.01879080632921427, 4.3623525681373274e-05], [0.006514013016507242, 0.9998855300479682, -0.013656296537292136, 2.462154994750555e-05], [0.018881109858414007, 0.013531168764411954, 0.9997301691768552, -0.0002112953473520309], [0.0, 0.0, 0.0, 1.0]], [0.05220462322964867, 0.05190952114271601, 0.14873018219021317]], "radius": 0.07885332899926038, "volume": 0.00016910304575127485, "num_verts": 927, "num_faces": 1822, "num_hulls": 0}