{"bbox": [[-0.02200439832119764, -0.05624411570891451, -0.02567663804102798], [0.02200853832088178, -0.05624411570891451, -0.02567663804102798], [0.02200853832088178, 0.056241535709111355, -0.02567663804102798], [-0.02200439832119764, 0.056241535709111355, -0.02567663804102798], [-0.02200439832119764, -0.05624411570891451, 0.02537099806434646], [0.02200853832088178, -0.05624411570891451, 0.02537099806434646], [0.02200853832088178, 0.056241535709111355, 0.02537099806434646], [-0.02200439832119764, 0.056241535709111355, 0.02537099806434646]], "aabb": [[-0.022004397585988045, -0.05624411627650261, -0.025676637887954712], [0.022008538246154785, 0.056241534650325775, 0.025370998308062553]], "obb": [[[-0.9996894480317857, -0.01723779250541547, 0.017996277488521725, -0.0005034414007601774], [0.017595170073433378, 0.023144737077967173, 0.9995772762201423, 0.00037397384893172206], [-0.017647024791465148, 0.9995835030927291, -0.02283424754349047, 0.0003020644821944432], [0.0, 0.0, 0.0, 1.0]], [0.04600153287926749, 0.1146424320124824, 0.05368848249848094]], "radius": 0.05924455507874375, "volume": 0.00010308674535759428, "num_verts": 1739, "num_faces": 3410, "num_hulls": 0}