{"bbox": [[-0.1368691532632149, -0.05950830141878847, -0.05950830141878847], [0.1368691532632149, -0.05950830141878847, -0.05950830141878847], [0.1368691532632149, 0.05950830141878847, -0.05950830141878847], [-0.1368691532632149, 0.05950830141878847, -0.05950830141878847], [-0.1368691532632149, -0.05950830141878847, 0.05949705141852025], [0.1368691532632149, -0.05950830141878847, 0.05949705141852025], [0.1368691532632149, 0.05950830141878847, 0.05949705141852025], [-0.1368691532632149, 0.05950830141878847, 0.05949705141852025]], "aabb": [[-0.1368691474199295, -0.0595083013176918, -0.0595083013176918], [0.1368691474199295, 0.0595083013176918, 0.05949705094099045]], "obb": [[[0.011928816522249265, -0.02242372693460519, 0.9996773878640752, 6.188059753667667e-05], [0.4425359254463263, 0.8966281159765176, 0.014831599029235934, -0.0006444050564884293], [-0.8966714325915273, 0.44221623456264336, 0.020619017035135138, -0.003950161575152951], [0.0, 0.0, 0.0, 1.0]], [0.2791081936598289, 0.16078939626542785, 0.1596434799688588]], "radius": 0.14700430335184148, "volume": 0.0025266186916058937, "num_verts": 1036, "num_faces": 2052, "num_hulls": 0}