{"bbox": [[-0.01612104, -0.04970664, -0.06179744], [0.01612104, -0.04970664, -0.06179744], [0.01612104, 0.04970664, -0.06179744], [-0.01612104, 0.04970664, -0.06179744], [-0.01612104, -0.04970664, 0.06179744], [0.01612104, -0.04970664, 0.06179744], [0.01612104, 0.04970664, 0.06179744], [-0.01612104, 0.04970664, 0.06179744]], "aabb": [[-0.016121039167046547, -0.04970664158463478, -0.06179744005203247], [0.016121039167046547, 0.04970664158463478, 0.06179744005203247]], "obb": [[[0.9988662495456965, 1.2246467991473532e-16, 0.047604784617876476, 0.0006751671145880808], [-1.2232583552824586e-16, 1.0, -5.8299047106381586e-18, -8.268412457698475e-20], [-0.04760478461787647, 7.69498568175132e-34, 0.9988662495456965, 6.391776104029315e-05], [0.0, 0.0, 0.0, 1.0]], [0.03535124754654265, 0.09941328, 0.12580291253075582]], "radius": 0.07845000340358438, "volume": 0.00020300084519426828, "num_verts": 457, "num_faces": 890, "num_hulls": 0}