{"bbox": [[-0.0675235, -0.0675235, -0.0337618], [0.0675235, -0.0675235, -0.0337618], [0.0675235, 0.0675235, -0.0337618], [-0.0675235, 0.0675235, -0.0337618], [-0.0675235, -0.0675235, 0.0337618], [0.0675235, -0.0675235, 0.0337618], [0.0675235, 0.0675235, 0.0337618], [-0.0675235, 0.0675235, 0.0337618]], "aabb": [[-0.06752350181341171, -0.06752350181341171, -0.033761799335479736], [0.06752350181341171, 0.06752350181341171, 0.033761799335479736]], "obb": [[[-0.0070370615223728965, 0.9999752383442443, -4.963368365102124e-05, 0.0001861071026401196], [0.007053007703049893, 2.0608485383597236e-16, -0.999975127231843, -0.00018368777103957464], [-0.9999503661919781, -0.007037236557926265, -0.007052833058901108, 2.3244124275928717e-05], [0.0, 0.0, 0.0, 1.0]], [0.13559715454341467, 0.13559195150569628, 0.06833503514009437]], "radius": 0.09803126620854186, "volume": 0.00040740692676216676, "num_verts": 1455, "num_faces": 2842, "num_hulls": 0}