{"bbox": [[-0.02788208, -0.07225096, -0.034558], [0.027880159999999998, -0.07225096, -0.034558], [0.027880159999999998, 0.07225672000000001, -0.034558], [-0.02788208, 0.07225672000000001, -0.034558], [-0.02788208, -0.07225096, 0.03416536], [0.027880159999999998, -0.07225096, 0.03416536], [0.027880159999999998, 0.07225672000000001, 0.03416536], [-0.02788208, 0.07225672000000001, 0.03416536]], "aabb": [[-0.027882080525159836, -0.07225096225738525, -0.034557998180389404], [0.02788016013801098, 0.07225672155618668, 0.034165360033512115]], "obb": [[[0.9987806525376484, 0.01442986254605623, -0.04721215080221719, 0.0005713391416988489], [-0.046857070128504576, -0.024027457486649712, -0.9986125856735931, -0.000489150601311451], [-0.015544230294285321, 0.9996071530124366, -0.02332201858607137, -0.00042776105039667514], [0.0, 0.0, 0.0, 1.0]], [0.061182108137347, 0.14891873395503796, 0.07250363168123357]], "radius": 0.07874365517616262, "volume": 0.0002169266452770565, "num_verts": 1496, "num_faces": 2908, "num_hulls": 0}