{"bbox": [[-0.07242210172667746, -0.07242225172668103, -0.11487660273887164], [0.07242225172668103, -0.07242225172668103, -0.11487660273887164], [0.07242225172668103, 0.07242225172668103, -0.11487660273887164], [-0.07242210172667746, 0.07242225172668103, -0.11487660273887164], [-0.07242210172667746, -0.07242225172668103, 0.11487660273887164], [0.07242225172668103, -0.07242225172668103, 0.11487660273887164], [0.07242225172668103, 0.07242225172668103, 0.11487660273887164], [-0.07242210172667746, 0.07242225172668103, 0.11487660273887164]], "aabb": [[-0.0724221020936966, -0.07242225110530853, -0.11487660557031631], [0.07242225110530853, 0.07242225110530853, 0.11487660557031631]], "obb": [[[0.9998137836132515, -0.0016749868820897338, 0.01922478909894502, 0.00028025416171705426], [0.0013129143306744762, 0.9998218223151761, 0.018830822560915946, 0.0007460895567349837], [-0.019252905051300638, -0.018802075452066955, 0.9996378382223136, 1.2421440619766964e-05], [0.0, 0.0, 0.0, 1.0]], [0.14712056594254774, 0.14714467282786242, 0.23675738644955682]], "radius": 0.147527004482853, "volume": 0.003526680790020462, "num_verts": 636, "num_faces": 1248, "num_hulls": 0}