{"bbox": [[-0.11598945276540405, -0.08068830192375903, -0.07564530180352454], [0.11598945276540405, -0.08068830192375903, -0.07564530180352454], [0.11598945276540405, 0.08068830192375903, -0.07564530180352454], [-0.11598945276540405, 0.08068830192375903, -0.07564530180352454], [-0.11598945276540405, -0.08068830192375903, 0.07480050178338293], [0.11598945276540405, -0.08068830192375903, 0.07480050178338293], [0.11598945276540405, 0.08068830192375903, 0.07480050178338293], [-0.11598945276540405, 0.08068830192375903, 0.07480050178338293]], "aabb": [[-0.11598945409059525, -0.08068830519914627, -0.07564530521631241], [0.11598945409059525, 0.08068830519914627, 0.07480049878358841]], "obb": [[[0.0194418695462176, -0.00025112985159937983, 0.9998109574526305, 0.0010035142889011249], [0.0026133043609485136, 0.9999965652423265, 0.00020035934299966242, 0.00013940533541511858], [-0.9998075736604843, 0.0026089149750261028, 0.01944245904684334, -0.0005358130907775822], [0.0, 0.0, 0.0, 1.0]], [0.23537161354032063, 0.16187512806127644, 0.15183254606509664]], "radius": 0.14977319305091463, "volume": 0.0029638747864760215, "num_verts": 2086, "num_faces": 3968, "num_hulls": 0}