{"bbox": [[-0.036937, -0.09441260000000001, -0.0389965], [0.0369441, -0.09441260000000001, -0.0389965], [0.0369441, 0.09441260000000001, -0.0389965], [-0.036937, 0.09441260000000001, -0.0389965], [-0.036937, -0.09441260000000001, 0.0389965], [0.0369441, -0.09441260000000001, 0.0389965], [0.0369441, 0.09441260000000001, 0.0389965], [-0.036937, 0.09441260000000001, 0.0389965]], "aabb": [[-0.03693699836730957, -0.09441260248422623, -0.03899649903178215], [0.03694409877061844, 0.09441260248422623, 0.03899649903178215]], "obb": [[[-0.9989655786114741, -0.04231209464146039, 0.016657112489712484, -0.00174751082957166], [0.016199774029497054, 0.01112869469444185, 0.9998068410827119, 0.0001587959914692912], [-0.042489293602460246, 0.9990424609602188, -0.010431736562717195, 0.0003244084288234315], [0.0, 0.0, 0.0, 1.0]], [0.0788235579859848, 0.19091535064873177, 0.08194066491979049]], "radius": 0.09770065933640827, "volume": 0.0005123102203401237, "num_verts": 1606, "num_faces": 3136, "num_hulls": 0}