{"bbox": [[-0.0645238515383685, -0.050496901203939945, -0.129047703076737], [0.0645238515383685, -0.050496901203939945, -0.129047703076737], [0.0645238515383685, 0.050496901203939945, -0.129047703076737], [-0.0645238515383685, 0.050496901203939945, -0.129047703076737], [-0.0645238515383685, -0.050496901203939945, 0.129047703076737], [0.0645238515383685, -0.050496901203939945, 0.129047703076737], [0.0645238515383685, 0.050496901203939945, 0.129047703076737], [-0.0645238515383685, 0.050496901203939945, 0.129047703076737]], "aabb": [[-0.0645238533616066, -0.0504969023168087, -0.1290477067232132], [0.0645238533616066, 0.0504969023168087, 0.1290477067232132]], "obb": [[[2.042010144934007e-18, 1.0, -6.11982814401077e-17, 1.4888453455675105e-20], [-0.9994437822026128, -0.0, -0.03334855643857043, -0.00027302153038957446], [-0.03334855643857043, 6.123233995736766e-17, 0.9994437822026127, -0.00024314689698353884], [0.0, 0.0, 0.0, 1.0]], [0.12904770307673705, 0.10299954959182217, 0.2627324698223455]], "radius": 0.1477750599346829, "volume": 0.003031048719912973, "num_verts": 194, "num_faces": 384, "num_hulls": 0}