{"bbox": [[-0.07397160000000001, -0.0747879, -0.0682846], [0.073975, -0.0747879, -0.0682846], [0.073975, 0.0747879, -0.0682846], [-0.07397160000000001, 0.0747879, -0.0682846], [-0.07397160000000001, -0.0747879, 0.0682846], [0.073975, -0.0747879, 0.0682846], [0.073975, 0.0747879, 0.0682846], [-0.07397160000000001, 0.0747879, 0.0682846]], "aabb": [[-0.07397159934043884, -0.07478789985179901, -0.06828460097312927], [0.07397499680519104, 0.07478789985179901, 0.06828460097312927]], "obb": [[[0.026782103402205368, -0.9996412951340864, 1.3294376886919697e-16, 0.0016719010691836366], [0.008917578017035783, 0.0002389171973108717, 0.9999602090687824, 0.0004837165809597451], [-0.9996015184760694, -0.026781037717371028, 0.00892077794349185, -0.0005746796208797669], [0.0, 0.0, 0.0, 1.0]], [0.15155015461717317, 0.15095010046193758, 0.14045344070154808]], "radius": 0.09994027923970396, "volume": 0.000745757646579737, "num_verts": 1998, "num_faces": 3888, "num_hulls": 0}