{"bbox": [[-0.0837031, -0.0291141, -0.0491301], [0.0837031, -0.0291141, -0.0491301], [0.0837031, 0.0291141, -0.0491301], [-0.0837031, 0.0291141, -0.0491301], [-0.0837031, -0.0291141, 0.0491301], [0.0837031, -0.0291141, 0.0491301], [0.0837031, 0.0291141, 0.0491301], [-0.0837031, 0.0291141, 0.0491301]], "aabb": [[-0.08370310068130493, -0.029114099219441414, -0.04913010075688362], [0.08370310068130493, 0.029114099219441414, 0.04913010075688362]], "obb": [[[0.0019687596756188222, 0.013948715411944571, 0.9999007737389227, -6.448195364176966e-06], [0.9997787075698602, 0.020914755892409622, -0.0022602822612171466, -0.00030833633581520343], [-0.02094420863339346, 0.999683953219375, -0.01390445253878735, -0.000139346512572306], [0.0, 0.0, 0.0, 1.0]], [0.17010291265426553, 0.05980334770824237, 0.10117439409774692]], "radius": 0.09763802000778181, "volume": 0.000905519743977108, "num_verts": 218, "num_faces": 432, "num_hulls": 0}