{"bbox": [[-0.03626771723299277, -0.049068056256404396, -0.012800339023411635], [0.03626771723299277, -0.049068056256404396, -0.012800339023411635], [0.03626771723299277, 0.049068056256404396, -0.012800339023411635], [-0.03626771723299277, 0.049068056256404396, -0.012800339023411635], [-0.03626771723299277, -0.049068056256404396, 0.012800339023411635], [0.03626771723299277, -0.049068056256404396, 0.012800339023411635], [0.03626771723299277, 0.049068056256404396, 0.012800339023411635], [-0.03626771723299277, 0.049068056256404396, 0.012800339023411635]], "aabb": [[-0.0362677164375782, -0.04906805604696274, -0.012800338678061962], [0.0362677164375782, 0.04906805604696274, 0.012800338678061962]], "obb": [[[0.03068805582645446, 0.9995288138509678, -0.0006273047665359829, -0.00011355152814962444], [0.003074299413572773, -0.0007219861004857509, -0.9999950136971615, -1.3921381205331672e-05], [-0.9995242828029283, 0.03068597428383869, -0.0030950071960287495, -0.0003365271964729298], [0.0, 0.0, 0.0, 1.0]], [0.07345369517410136, 0.09825505787349657, 0.02730917764037911]], "radius": 0.05918071108867722, "volume": 0.00012997066359555563, "num_verts": 1125, "num_faces": 2202, "num_hulls": 0}