{"bbox": [[-0.03995675695154137, -0.11487587123566656, -0.03995675695154137], [0.03995675695154137, -0.11487587123566656, -0.03995675695154137], [0.03995675695154137, 0.11487587123566656, -0.03995675695154137], [-0.03995675695154137, 0.11487587123566656, -0.03995675695154137], [-0.03995675695154137, -0.11487587123566656, 0.03995675695154137], [0.03995675695154137, -0.11487587123566656, 0.03995675695154137], [0.03995675695154137, 0.11487587123566656, 0.03995675695154137], [-0.03995675695154137, 0.11487587123566656, 0.03995675695154137]], "aabb": [[-0.03995675593614578, -0.11487586796283722, -0.03995675593614578], [0.03995675593614578, 0.11487586796283722, 0.03995675593614578]], "obb": [[[0.9997912234297173, 8.675428606114154e-19, -0.020433050504252582, -0.0003533094051045853], [-0.020431185235631994, 0.013511674490765362, -0.999699955647855, 0.00043914744851074593], [0.0002760847272668291, 0.9999087131595842, 0.013508853569706405, 0.0006858956001627273], [0.0, 0.0, 0.0, 1.0]], [0.08284916227321973, 0.23265528397088323, 0.08231974046728117]], "radius": 0.11800867779038297, "volume": 0.0005966732737205094, "num_verts": 1984, "num_faces": 3872, "num_hulls": 0}