{"bbox": [[-0.05495640000000001, -0.0311625, -0.07962430000000001], [0.055389200000000006, -0.0311625, -0.07962430000000001], [0.055389200000000006, 0.0311625, -0.07962430000000001], [-0.05495640000000001, 0.0311625, -0.07962430000000001], [-0.05495640000000001, -0.0311625, 0.0796352], [0.055389200000000006, -0.0311625, 0.0796352], [0.055389200000000006, 0.0311625, 0.0796352], [-0.05495640000000001, 0.0311625, 0.0796352]], "aabb": [[-0.05495639890432358, -0.031162500381469727, -0.07962430268526077], [0.055389199405908585, 0.031162500381469727, 0.07963520288467407]], "obb": [[[-0.0006407622003716014, -0.9997645432927295, -0.021689799410849354, 0.00029626145186181687], [-0.9995639176125753, 1.226767628837504e-16, 0.02952921615960157, -0.0009257510328795975], [-0.029522263307596344, 0.021699262076861184, -0.9993285635838277, -0.00021612473884521168], [0.0, 0.0, 0.0, 1.0]], [0.11351323613104658, 0.06578470535763613, 0.16545716744258948]], "radius": 0.09799973685107527, "volume": 0.0008640481932108902, "num_verts": 377, "num_faces": 746, "num_hulls": 0}