{"bbox": [[-0.05946584, -0.05946584, -0.04266024], [0.05946296, -0.05946584, -0.04266024], [0.05946296, 0.05946584, -0.04266024], [-0.05946584, 0.05946584, -0.04266024], [-0.05946584, -0.05946584, 0.04265808], [0.05946296, -0.05946584, 0.04265808], [0.05946296, 0.05946584, 0.04265808], [-0.05946584, 0.05946584, 0.04265808]], "aabb": [[-0.059465840458869934, -0.059465840458869934, -0.04266024008393288], [0.05946296080946922, 0.059465840458869934, 0.04265807941555977]], "obb": [[[0.28638897203839175, 0.9580480759118717, 0.011191109701624392, -0.004445327010383617], [-0.16847194520848918, 0.061852759360650586, -0.983763914685399, 0.001036897152681876], [-0.9431853266312307, 0.2798537482347414, 0.17911817112315803, -0.0014181150786810263], [0.0, 0.0, 0.0, 1.0]], [0.13654044840946394, 0.1359520579121539, 0.13362911264769176]], "radius": 0.07848288064963814, "volume": 0.0001978666226191747, "num_verts": 5425, "num_faces": 10630, "num_hulls": 0}