{"bbox": [[-0.13536825322743065, -0.13536825322743065, -0.061798501473391096], [0.13536825322743065, -0.13536825322743065, -0.061798501473391096], [0.13536825322743065, 0.13536825322743065, -0.061798501473391096], [-0.13536825322743065, 0.13536825322743065, -0.061798501473391096], [-0.13536825322743065, -0.13536825322743065, 0.061798501473391096], [0.13536825322743065, -0.13536825322743065, 0.061798501473391096], [0.13536825322743065, 0.13536825322743065, 0.061798501473391096], [-0.13536825322743065, 0.13536825322743065, 0.061798501473391096]], "aabb": [[-0.1353682577610016, -0.1353682577610016, -0.06179850175976753], [0.1353682577610016, 0.1353682577610016, 0.06179850175976753]], "obb": [[[0.0022127051959747487, 0.44619842106380553, 0.8949313230499214, -0.00016483363038669475], [0.0015014702248676843, 0.8949310226811356, -0.4462019836688994, -0.0005004631809381563], [-0.9999964247550486, 0.002331026182579313, 0.0013102648803152662, -0.00019762399751170745], [0.0, 0.0, 0.0, 1.0]], [0.3633197048138918, 0.36264042251740725, 0.12451941114135023]], "radius": 0.14813313113466212, "volume": 0.0015800386520284854, "num_verts": 3055, "num_faces": 5954, "num_hulls": 0}