{"bbox": [[-0.08310107365989124, -0.02709815793257462, -0.08310107365989124], [0.08310107365989124, -0.02709815793257462, -0.08310107365989124], [0.08310107365989124, 0.0267970779555452, -0.08310107365989124], [-0.08310107365989124, 0.0267970779555452, -0.08310107365989124], [-0.08310107365989124, -0.02709815793257462, 0.08310107365989124], [0.08310107365989124, -0.02709815793257462, 0.08310107365989124], [0.08310107365989124, 0.0267970779555452, 0.08310107365989124], [-0.08310107365989124, 0.0267970779555452, 0.08310107365989124]], "aabb": [[-0.0831010714173317, -0.02709815837442875, -0.0831010714173317], [0.0831010714173317, 0.026797078549861908, 0.0831010714173317]], "obb": [[[-6.129936074964813e-17, 0.9993158492404444, -0.036984232543735646, 0.0019470025736353326], [0.9999360049117182, -0.00041840607532098807, -0.011305353490636013, -0.00021568873804262833], [-0.011313093352045736, -0.03698186573450898, -0.9992518979344511, -0.0013983152372307858], [0.0, 0.0, 0.0, 1.0]], [0.17051881186703005, 0.05455320113119412, 0.17283752731598082]], "radius": 0.11752316028056593, "volume": 0.0009356202353127174, "num_verts": 563, "num_faces": 1110, "num_hulls": 0}