{"bbox": [[-0.14523960346278197, -0.031573800752778075, -0.08208390195703272], [0.14523960346278197, -0.031573800752778075, -0.08208390195703272], [0.14523960346278197, 0.031573800752778075, -0.08208390195703272], [-0.14523960346278197, 0.031573800752778075, -0.08208390195703272], [-0.14523960346278197, -0.031573800752778075, 0.08209200195722584], [0.14523960346278197, -0.031573800752778075, 0.08209200195722584], [0.14523960346278197, 0.031573800752778075, 0.08209200195722584], [-0.14523960346278197, 0.031573800752778075, 0.08209200195722584]], "aabb": [[-0.14523960649967194, -0.03157380223274231, -0.08208390325307846], [0.14523960649967194, 0.03157380223274231, 0.08209200203418732]], "obb": [[[-4.3632225874354004e-18, -6.107668741268749e-17, -1.0, 9.593235630864736e-20], [-0.9974580010368941, 0.07125683242667594, -0.0, -0.00011204005071500871], [0.07125683242667594, 0.9974580010368941, -6.123233995736766e-17, -0.0015666942725925418], [0.0, 0.0, 0.0, 1.0]], [0.29047920692556395, 0.06648183403367774, 0.1681510528287838]], "radius": 0.14775729471932603, "volume": 0.002112541829712015, "num_verts": 531, "num_faces": 1054, "num_hulls": 0}