{"bbox": [[-0.0977731125405035, -0.021254998378372317, -0.06801611481078225], [0.0977731125405035, -0.021254998378372317, -0.06801611481078225], [0.0977731125405035, 0.021254998378372317, -0.06801611481078225], [-0.0977731125405035, 0.021254998378372317, -0.06801611481078225], [-0.0977731125405035, -0.021254998378372317, 0.06801611481078225], [0.0977731125405035, -0.021254998378372317, 0.06801611481078225], [0.0977731125405035, 0.021254998378372317, 0.06801611481078225], [-0.0977731125405035, 0.021254998378372317, 0.06801611481078225]], "aabb": [[-0.09777311235666275, -0.021254997700452805, -0.06801611185073853], [0.09777311235666275, 0.021254997700452805, 0.06801611185073853]], "obb": [[[1.1059579280106309e-16, 0.011387668084938175, 0.9999351584055775, -2.3630369209264594e-05], [0.9995948530740839, -0.028460932012196172, 0.0003241246639028111, 2.611906643109572e-05], [0.02846277758407642, 0.999530037750034, -0.01138305440622021, -5.053622222307998e-06], [0.0, 0.0, 0.0, 1.0]], [0.19802481164161306, 0.04570242065373531, 0.13815812177077616]], "radius": 0.11793689759601908, "volume": 0.0010343057744918406, "num_verts": 190, "num_faces": 376, "num_hulls": 0}