{"bbox": [[-0.0857628, -0.0335593, -0.052203400000000004], [0.08575150000000001, -0.0335593, -0.052203400000000004], [0.08575150000000001, 0.0335593, -0.052203400000000004], [-0.0857628, 0.0335593, -0.052203400000000004], [-0.0857628, -0.0335593, 0.052203400000000004], [0.08575150000000001, -0.0335593, 0.052203400000000004], [0.08575150000000001, 0.0335593, 0.052203400000000004], [-0.0857628, 0.0335593, 0.052203400000000004]], "aabb": [[-0.08576279878616333, -0.033559300005435944, -0.05220339819788933], [0.0857515037059784, 0.033559300005435944, 0.05220339819788933]], "obb": [[[-2.9133294357858834e-18, -6.116299508896885e-17, -1.0, -5.6499999999959225e-06], [-0.9988675123562633, 0.04757828033052888, -0.0, 0.00012235655358546404], [0.04757828033052888, 0.9988675123562631, -6.123233995736766e-17, -0.00022793812426289868], [0.0, 0.0, 0.0, 1.0]], [0.1715143, 0.07118627827181466, 0.1084737915166224]], "radius": 0.09853464015938761, "volume": 0.0010311776825180452, "num_verts": 501, "num_faces": 994, "num_hulls": 0}