{"bbox": [[-0.058285075553201636, -0.02407511816321425, -0.017739538646580608], [0.05828711555304599, -0.02407511816321425, -0.017739538646580608], [0.05828711555304599, 0.024070378163575885, -0.017739538646580608], [-0.058285075553201636, 0.024070378163575885, -0.017739538646580608], [-0.058285075553201636, -0.02407511816321425, 0.017739538646580608], [0.05828711555304599, -0.02407511816321425, 0.017739538646580608], [0.05828711555304599, 0.024070378163575885, 0.017739538646580608], [-0.058285075553201636, 0.024070378163575885, 0.017739538646580608]], "aabb": [[-0.058285076171159744, -0.024075118824839592, -0.017739538103342056], [0.058287113904953, 0.0240703783929348, 0.017739538103342056]], "obb": [[[-6.54249830801921e-17, 0.07099433999191154, -0.9974767183694628, 8.005112338507034e-06], [-5.673068395732476e-17, 0.9974767183694628, 0.07099433999191154, -0.0018067354480466743], [1.0, 6.123233995736766e-17, -6.123233995736766e-17, -3.571420555311944e-18], [0.0, 0.0, 0.0, 1.0]], [0.11963625962668299, 0.05831778424202557, 0.03547907729316122]], "radius": 0.059446016665206575, "volume": 6.0003449625338786e-05, "num_verts": 1500, "num_faces": 2948, "num_hulls": 0}