{"bbox": [[-0.0360851, -0.09223100000000001, -0.0421073], [0.036092000000000006, -0.09223100000000001, -0.0421073], [0.036092000000000006, 0.0922319, -0.0421073], [-0.0360851, 0.0922319, -0.0421073], [-0.0360851, -0.09223100000000001, 0.0421073], [0.036092000000000006, -0.09223100000000001, 0.0421073], [0.036092000000000006, 0.0922319, 0.0421073], [-0.0360851, 0.0922319, 0.0421073]], "aabb": [[-0.0360850989818573, -0.09223099797964096, -0.04210729897022247], [0.03609199821949005, 0.09223189949989319, 0.04210729897022247]], "obb": [[[-0.9995744671670005, 0.026551529734184037, 0.01207894269302401, 0.0002863393180992671], [0.012259155534078896, 0.006635013429418804, 0.9999028401311715, 0.00020024765466505225], [0.026468806044056468, 0.9996254262800472, -0.006957689346036276, 0.0007166148579574068], [0.0, 0.0, 0.0, 1.0]], [0.07502148824093455, 0.18623763072682842, 0.08694686443226575]], "radius": 0.09865552805043415, "volume": 0.00042943931841447317, "num_verts": 2289, "num_faces": 4474, "num_hulls": 0}