{"bbox": [[-0.034945437333874715, -0.01803635862393504, -0.05185349604389221], [0.034945437333874715, -0.01803635862393504, -0.05185349604389221], [0.034945437333874715, 0.017754538645436198, -0.05185349604389221], [-0.034945437333874715, 0.017754538645436198, -0.05185349604389221], [-0.034945437333874715, -0.01803635862393504, 0.051854516043814386], [0.034945437333874715, -0.01803635862393504, 0.051854516043814386], [0.034945437333874715, 0.017754538645436198, 0.051854516043814386], [-0.034945437333874715, 0.017754538645436198, 0.051854516043814386]], "aabb": [[-0.03494543582201004, -0.018036358058452606, -0.051853496581315994], [0.03494543582201004, 0.017754537984728813, 0.05185451731085777]], "obb": [[[-0.0004013672914713356, 0.9999999188335413, -3.517397277237506e-05, 4.881278129386428e-07], [-0.9985156026763077, -0.0003988557862082976, 0.054464962370607266, 0.0008601595289597806], [0.054464943920536586, 5.698221504810696e-05, 0.9985156817179989, -0.00026109962181474817], [0.0, 0.0, 0.0, 1.0]], [0.06991613291010691, 0.038995639949506465, 0.10564928988516059]], "radius": 0.05887630731914095, "volume": 0.0001106194216986881, "num_verts": 2091, "num_faces": 4086, "num_hulls": 0}