{"bbox": [[-0.05757767560717197, -0.05757767560717197, -0.015020278854043667], [0.05757767560717197, -0.05757767560717197, -0.015020278854043667], [0.05757767560717197, 0.05757767560717197, -0.015020278854043667], [-0.05757767560717197, 0.05757767560717197, -0.015020278854043667], [-0.05757767560717197, -0.05757767560717197, 0.015018898854148952], [0.05757767560717197, -0.05757767560717197, 0.015018898854148952], [0.05757767560717197, 0.05757767560717197, 0.015018898854148952], [-0.05757767560717197, 0.05757767560717197, 0.015018898854148952]], "aabb": [[-0.05757767707109451, -0.05757767707109451, -0.015020279213786125], [0.05757767707109451, 0.05757767707109451, 0.015018898993730545]], "obb": [[[-0.007543409665039015, -0.999971548080349, 6.448207557874608e-07, -8.253212216084878e-05], [0.012844325722952613, -9.624798167892001e-05, 0.9999175036136976, 0.00014052921430210595], [-0.9998890539791643, 0.00754279564328907, 0.012844686315184406, -0.0003007238713510312], [0.0, 0.0, 0.0, 1.0]], [0.11540268802174743, 0.11557838507079511, 0.03214155120961007]], "radius": 0.059511433684268325, "volume": 0.00010763737917030557, "num_verts": 2085, "num_faces": 4078, "num_hulls": 0}