{"bbox": [[-0.040043756944903794, -0.11512583121659613, -0.0325355975177309], [0.040043756944903794, -0.11512583121659613, -0.0325355975177309], [0.040043756944903794, 0.11512583121659613, -0.0325355975177309], [-0.040043756944903794, 0.11512583121659613, -0.0325355975177309], [-0.040043756944903794, -0.11512583121659613, 0.0325355975177309], [0.040043756944903794, -0.11512583121659613, 0.0325355975177309], [0.040043756944903794, 0.11512583121659613, 0.0325355975177309], [-0.040043756944903794, 0.11512583121659613, 0.0325355975177309]], "aabb": [[-0.04004375636577606, -0.11512583494186401, -0.03253559768199921], [0.04004375636577606, 0.11512583494186401, 0.03253559768199921]], "obb": [[[-2.4004791565155224e-18, -1.0, 9.270727935561594e-17, -7.309261058759387e-20], [0.03920279966741152, 9.254190742840848e-17, 0.9992312747798863, -0.0005324292366211912], [-0.9992312747798865, 6.03301874793652e-18, 0.03920279966741152, -0.003948370534761685], [0.0, 0.0, 0.0, 1.0]], [0.08008751388980762, 0.23244692438656894, 0.07399068533915874]], "radius": 0.11826576750329432, "volume": 0.0005098958368141523, "num_verts": 1452, "num_faces": 2836, "num_hulls": 0}