{"bbox": [[-0.05377643589718354, -0.03809159709384177, -0.10307147213627074], [0.05377643589718354, -0.03809159709384177, -0.10307147213627074], [0.05377643589718354, 0.03809159709384177, -0.10307147213627074], [-0.05377643589718354, 0.03809159709384177, -0.10307147213627074], [-0.05377643589718354, -0.03809159709384177, 0.10307147213627074], [0.05377643589718354, -0.03809159709384177, 0.10307147213627074], [0.05377643589718354, 0.03809159709384177, 0.10307147213627074], [-0.05377643589718354, 0.03809159709384177, 0.10307147213627074]], "aabb": [[-0.05377643555402756, -0.038091596215963364, -0.10307147353887558], [0.05377643555402756, 0.038091596215963364, 0.10307147353887558]], "obb": [[[0.006454134254002268, -0.9998984174514274, 0.012708222895538244, -0.00014355186588022972], [0.9999584819142545, 0.006371728942811101, -0.006514254985698142, -0.0002370864768868033], [0.006432619899439446, 0.012749739150692897, 0.9998980275772217, 5.7562418074210724e-05], [0.0, 0.0, 0.0, 1.0]], [0.10880301264473506, 0.07830313859183621, 0.20925644820214864]], "radius": 0.11846316842828726, "volume": 0.0015866561730375486, "num_verts": 206, "num_faces": 408, "num_hulls": 0}