{"bbox": [[-0.0297796, -0.07717288, -0.02516584], [0.0297796, -0.07717288, -0.02516584], [0.0297796, 0.07716888, -0.02516584], [-0.0297796, 0.07716888, -0.02516584], [-0.0297796, -0.07717288, 0.02516584], [0.0297796, -0.07717288, 0.02516584], [0.0297796, 0.07716888, 0.02516584], [-0.0297796, 0.07716888, 0.02516584]], "aabb": [[-0.029779599979519844, -0.07717288285493851, -0.02516583912074566], [0.029779599979519844, 0.07716888189315796, 0.02516583912074566]], "obb": [[[0.03505497857803744, 0.998122142213614, -0.05023283487719761, 0.0005678227933493079], [-0.021917509461972743, -0.04948382004927063, -0.9985344131938145, 0.00030953131918940704], [-0.9991450201326522, 0.03610458109766505, 0.020141697244384745, 0.000509808727522735], [0.0, 0.0, 0.0, 1.0]], [0.06898005811771503, 0.15838148439635327, 0.054885888484259376]], "radius": 0.07898973794004342, "volume": 0.00016765513630021719, "num_verts": 1610, "num_faces": 3136, "num_hulls": 0}