{"bbox": [[-0.06667856, -0.01304576, -0.043486000000000004], [0.06667856, -0.01304576, -0.043486000000000004], [0.06667856, 0.01304576, -0.043486000000000004], [-0.06667856, 0.01304576, -0.043486000000000004], [-0.06667856, -0.01304576, 0.043486000000000004], [0.06667856, -0.01304576, 0.043486000000000004], [0.06667856, 0.01304576, 0.043486000000000004], [-0.06667856, 0.01304576, 0.043486000000000004]], "aabb": [[-0.06667856127023697, -0.013045759871602058, -0.04348599910736084], [0.06667856127023697, 0.013045759871602058, 0.04348599910736084]], "obb": [[[4.262041903701834e-18, 6.108383137513342e-17, -1.0, -3.0816472100465362e-21], [0.9975746707975287, -0.0696044264627031, 0.0, 3.7208277085775652e-06], [-0.0696044264627031, -0.9975746707975288, -6.123233995736766e-17, 5.032711818937671e-05], [0.0, 0.0, 0.0, 1.0]], [0.13335712, 0.028429860138649427, 0.08881391811581762]], "radius": 0.07893437111180766, "volume": 0.00022795781037284436, "num_verts": 582, "num_faces": 1124, "num_hulls": 0}