{"bbox": [[-0.011446619126692266, -0.03538043730068685, -0.047867696347984594], [0.011446619126692266, -0.03538043730068685, -0.047867696347984594], [0.011446619126692266, 0.03538043730068685, -0.047867696347984594], [-0.011446619126692266, 0.03538043730068685, -0.047867696347984594], [-0.011446619126692266, -0.03538043730068685, 0.047867696347984594], [0.011446619126692266, -0.03538043730068685, 0.047867696347984594], [0.011446619126692266, 0.03538043730068685, 0.047867696347984594], [-0.011446619126692266, 0.03538043730068685, 0.047867696347984594]], "aabb": [[-0.011446619406342506, -0.03538043797016144, -0.04786769673228264], [0.011446619406342506, 0.03538043797016144, 0.04786769673228264]], "obb": [[[0.9995729720875991, -0.0022712060421484197, 0.029132715202634725, -0.00041898929094603445], [0.002244761882620533, 0.9999970383543745, 0.0009403863941436279, 2.972836965116628e-05], [-0.02913476473311651, -0.0008745888142807722, 0.9995751100234298, -4.953078953041947e-08], [0.0, 0.0, 0.0, 1.0]], [0.02514665044155888, 0.07091115938630656, 0.09693819945901863]], "radius": 0.05875807678290126, "volume": 7.863350913814552e-05, "num_verts": 372, "num_faces": 720, "num_hulls": 0}