{"bbox": [[-0.04396955664538905, -0.11236679142709416, -0.05129783608628569], [0.04396955664538905, -0.11236679142709416, -0.05129783608628569], [0.04396955664538905, 0.11236679142709416, -0.05129783608628569], [-0.04396955664538905, 0.11236679142709416, -0.05129783608628569], [-0.04396955664538905, -0.11236679142709416, 0.05129783608628569], [0.04396955664538905, -0.11236679142709416, 0.05129783608628569], [0.04396955664538905, 0.11236679142709416, 0.05129783608628569], [-0.04396955664538905, 0.11236679142709416, 0.05129783608628569]], "aabb": [[-0.04396955668926239, -0.11236678808927536, -0.051297836005687714], [0.04396955668926239, 0.11236678808927536, 0.051297836005687714]], "obb": [[[0.9998138640926528, 0.0020387070873341827, -0.019185433055589486, -0.0003953412346200241], [-0.01922661754667803, 0.022586575733753562, -0.9995599950850059, 0.0007281800543189465], [-0.0016044768095005914, 0.9997428120622001, 0.02262156900244337, 0.0010125482284879463], [0.0, 0.0, 0.0, 1.0]], [0.0905599310298204, 0.2292139229179895, 0.1074478113439283]], "radius": 0.11836614377589127, "volume": 0.0008181086634618145, "num_verts": 1689, "num_faces": 3310, "num_hulls": 0}