{"bbox": [[-0.07413995434357037, -0.03806555709582847, -0.09217391296768852], [0.07413995434357037, -0.03806555709582847, -0.09217391296768852], [0.07413995434357037, 0.0380717970953524, -0.09217391296768852], [-0.07413995434357037, 0.0380717970953524, -0.09217391296768852], [-0.07413995434357037, -0.03806555709582847, 0.09217391296768852], [0.07413995434357037, -0.03806555709582847, 0.09217391296768852], [0.07413995434357037, 0.0380717970953524, 0.09217391296768852], [-0.07413995434357037, 0.0380717970953524, 0.09217391296768852]], "aabb": [[-0.07413995265960693, -0.038065556436777115, -0.09217391163110733], [0.07413995265960693, 0.03807179629802704, 0.09217391163110733]], "obb": [[[-0.20058513574222353, 0.9795256096776792, -0.017180899418961653, 0.0009453106905972286], [0.9796709598787803, 0.20049543215685905, -0.006811171296029459, 0.00039558626695257855], [-0.003227024862514118, -0.018197847944332546, -0.9998291977336586, 0.0001705079936476084], [0.0, 0.0, 0.0, 1.0]], [0.1635383931440618, 0.09270427417227314, 0.1889994477586279]], "radius": 0.11778078524009022, "volume": 0.0007115075646118115, "num_verts": 1570, "num_faces": 3092, "num_hulls": 0}