{"bbox": [[-0.051619076061777035, -0.04039751691791405, -0.10323815212355407], [0.051619076061777035, -0.04039751691791405, -0.10323815212355407], [0.051619076061777035, 0.04039751691791405, -0.10323815212355407], [-0.051619076061777035, 0.04039751691791405, -0.10323815212355407], [-0.051619076061777035, -0.04039751691791405, 0.10323815212355407], [0.051619076061777035, -0.04039751691791405, 0.10323815212355407], [0.051619076061777035, 0.04039751691791405, 0.10323815212355407], [-0.051619076061777035, 0.04039751691791405, 0.10323815212355407]], "aabb": [[-0.05161907523870468, -0.0403975173830986, -0.10323815047740936], [0.05161907523870468, 0.0403975173830986, 0.10323815047740936]], "obb": [[[2.042010144934007e-18, 1.0, -6.11982814401077e-17, 1.191076157184572e-20], [-0.9994437822026128, -0.0, -0.03334855643857043, -0.0002184172024402769], [-0.03334855643857043, 6.123233995736766e-17, 0.9994437822026127, -0.00019451749810865394], [0.0, 0.0, 0.0, 1.0]], [0.1032381521235541, 0.08239963142230425, 0.2101859548107364]], "radius": 0.11822003610968776, "volume": 0.0015518964783941835, "num_verts": 194, "num_faces": 384, "num_hulls": 0}