{"bbox": [[-0.0740152, -0.02896344, -0.032181600000000005], [0.07401368, -0.02896344, -0.032181600000000005], [0.07401368, 0.02896344, -0.032181600000000005], [-0.0740152, 0.02896344, -0.032181600000000005], [-0.0740152, -0.02896344, 0.032181600000000005], [0.07401368, -0.02896344, 0.032181600000000005], [0.07401368, 0.02896344, 0.032181600000000005], [-0.0740152, 0.02896344, 0.032181600000000005]], "aabb": [[-0.07401520013809204, -0.028963439166545868, -0.032181598246097565], [0.07401368021965027, 0.028963439166545868, 0.032181598246097565]], "obb": [[[2.7386998578604648e-17, -5.476633788660834e-17, -1.0, -7.600000000023268e-07], [-0.8944021725241726, -0.4472636289528138, -0.0, -4.149829379141477e-07], [-0.44726362895281385, 0.8944021725241726, -6.123233995736766e-17, -0.001609040007550934], [0.0, 0.0, 0.0, 1.0]], [0.14802888, 0.0804532098685086, 0.08174058377206898]], "radius": 0.07862858515038958, "volume": 0.0003560942166328793, "num_verts": 1146, "num_faces": 2272, "num_hulls": 0}