{"bbox": [[-0.019950118477926753, -0.05735651562404513, -0.01870319857305919], [0.019950118477926753, -0.05735651562404513, -0.01870319857305919], [0.019950118477926753, 0.05735651562404513, -0.01870319857305919], [-0.019950118477926753, 0.05735651562404513, -0.01870319857305919], [-0.019950118477926753, -0.05735651562404513, 0.01870319857305919], [0.019950118477926753, -0.05735651562404513, 0.01870319857305919], [0.019950118477926753, 0.05735651562404513, 0.01870319857305919], [-0.019950118477926753, 0.05735651562404513, 0.01870319857305919]], "aabb": [[-0.01995011791586876, -0.057356514036655426, -0.018703198060393333], [0.01995011791586876, 0.057356514036655426, 0.018703198060393333]], "obb": [[[-0.00020984346950394695, -0.9998461617456889, 0.017538780120980133, -0.0002048448751751178], [3.949357905750017e-05, 0.01753877220726087, 0.999846183125044, 4.703155003853072e-05], [-0.9999999772029876, 0.00021050386123651796, 3.5807106623430453e-05, -1.1698530936292676e-07], [0.0, 0.0, 0.0, 1.0]], [0.04110142699958705, 0.11553984706539842, 0.03741944778700034]], "radius": 0.05902631834755858, "volume": 7.072503438452692e-05, "num_verts": 1890, "num_faces": 3704, "num_hulls": 0}