{"bbox": [[-0.07765480000000001, -0.07765288000000001, -0.011816400000000001], [0.07765480000000001, -0.07765288000000001, -0.011816400000000001], [0.07765480000000001, 0.07765480000000001, -0.011816400000000001], [-0.07765480000000001, 0.07765480000000001, -0.011816400000000001], [-0.07765480000000001, -0.07765288000000001, 0.011817040000000001], [0.07765480000000001, -0.07765288000000001, 0.011817040000000001], [0.07765480000000001, 0.07765480000000001, 0.011817040000000001], [-0.07765480000000001, 0.07765480000000001, 0.011817040000000001]], "aabb": [[-0.07765480130910873, -0.07765287905931473, -0.011816400103271008], [0.07765480130910873, 0.07765480130910873, 0.011817039921879768]], "obb": [[[-0.013724866101477148, 0.4472000920644915, 0.8943286340646859, 0.00011695289985618738], [-0.004760387360866018, -0.8944319665670583, 0.4471787068892701, 3.855733554376627e-05], [0.9998944778138696, 0.0018801171494248266, 0.01440480464405568, -5.060071964174045e-05], [0.0, 0.0, 0.0, 1.0]], [0.20899064482985194, 0.20878045227276798, 0.025096652781314028]], "radius": 0.07933724402618482, "volume": 0.0001483463335112395, "num_verts": 1593, "num_faces": 3130, "num_hulls": 0}