{"bbox": [[-0.07844210000000001, -0.030688900000000005, -0.056270200000000006], [0.07844210000000001, -0.030688900000000005, -0.056270200000000006], [0.07844210000000001, 0.030688900000000005, -0.056270200000000006], [-0.07844210000000001, 0.030688900000000005, -0.056270200000000006], [-0.07844210000000001, -0.030688900000000005, 0.05627370000000001], [0.07844210000000001, -0.030688900000000005, 0.05627370000000001], [0.07844210000000001, 0.030688900000000005, 0.05627370000000001], [-0.07844210000000001, 0.030688900000000005, 0.05627370000000001]], "aabb": [[-0.07844209671020508, -0.030688900500535965, -0.05627020075917244], [0.07844209671020508, 0.030688900500535965, 0.056273698806762695]], "obb": [[[-2.714794638117812e-18, 6.117212883926382e-17, -1.0, 2.5268408802178e-20], [0.9990166778185227, 0.044335961029873396, 0.0, -0.0008141386922653584], [0.044335961029873396, -0.9990166778185225, -6.123233995736766e-17, -0.0004126644322227576], [0.0, 0.0, 0.0, 1.0]], [0.15688420000000003, 0.06577529718343915, 0.11471885880462936]], "radius": 0.09833755888702954, "volume": 0.0010125060252745843, "num_verts": 289, "num_faces": 570, "num_hulls": 0}