{"bbox": [[-0.11146691149574955, -0.04604075648736904, -0.04361747667225062], [0.11146691149574955, -0.04604075648736904, -0.04361747667225062], [0.11146691149574955, 0.046039076487497214, -0.04361747667225062], [-0.11146691149574955, 0.046039076487497214, -0.04361747667225062], [-0.11146691149574955, -0.04604075648736904, 0.04361747667225062], [0.11146691149574955, -0.04604075648736904, 0.04361747667225062], [0.11146691149574955, 0.046039076487497214, 0.04361747667225062], [-0.11146691149574955, 0.046039076487497214, 0.04361747667225062]], "aabb": [[-0.1114669144153595, -0.04604075476527214, -0.043617475777864456], [0.1114669144153595, 0.046039074659347534, 0.043617475777864456]], "obb": [[[0.010330598636325293, 0.03675049718817702, -0.9992710741776912, -0.00019356552858431624], [-0.10983501953440655, -0.9932359685483848, -0.0376640314574582, 0.002731355340137534], [-0.9938961450854368, 0.1101440499444871, -0.006224230565672596, -0.0011416930236451844], [0.0, 0.0, 0.0, 1.0]], [0.22856870547171299, 0.10651824521336044, 0.09897524759045326]], "radius": 0.11853824046543751, "volume": 0.0006100689641765932, "num_verts": 1773, "num_faces": 3450, "num_hulls": 0}