{"bbox": [[-0.06297448, -0.04198296, -0.0742776], [0.06297264, -0.04198296, -0.0742776], [0.06297264, 0.04198296, -0.0742776], [-0.06297448, 0.04198296, -0.0742776], [-0.06297448, -0.04198296, 0.0742776], [0.06297264, -0.04198296, 0.0742776], [0.06297264, 0.04198296, 0.0742776], [-0.06297448, 0.04198296, 0.0742776]], "aabb": [[-0.0629744827747345, -0.04198295995593071, -0.0742776021361351], [0.06297264248132706, 0.04198295995593071, 0.0742776021361351]], "obb": [[[-0.6643448876189355, -0.7474261605016072, -6.994576096884082e-05, 0.0003052494508650248], [-0.7474261572592226, 0.6643448912751855, -6.986611581302681e-05, 0.0004435873903160227], [9.868787165729594e-05, 5.8640944793359564e-06, -0.9999999951131582, 4.568986591887185e-07], [0.0, 0.0, 0.0, 1.0]], [0.1354634734436825, 0.13407058817805198, 0.14856609302150084]], "radius": 0.07839328630159458, "volume": 0.0006723530079831749, "num_verts": 2291, "num_faces": 4546, "num_hulls": 0}