{"bbox": [[-0.09147390218090777, -0.09147390218090777, -0.09147390218090777], [0.09147390218090777, -0.09147390218090777, -0.09147390218090777], [0.09147390218090777, 0.09147390218090777, -0.09147390218090777], [-0.09147390218090777, 0.09147390218090777, -0.09147390218090777], [-0.09147390218090777, -0.09147390218090777, 0.09147390218090777], [0.09147390218090777, -0.09147390218090777, 0.09147390218090777], [0.09147390218090777, 0.09147390218090777, 0.09147390218090777], [-0.09147390218090777, 0.09147390218090777, 0.09147390218090777]], "aabb": [[-0.09147389978170395, -0.09147389978170395, -0.09147389978170395], [0.09147389978170395, 0.09147389978170395, 0.09147389978170395]], "obb": [[[-0.032272643159948274, -0.9994790873774663, -0.00017435187968922817, 0.0002023294643262766], [-5.2465337027340104e-05, 0.00017613682373963325, -0.9999999831116038, 1.8378644557494147e-06], [0.9994791012076537, -0.03227263346748496, -5.812240803091296e-05, 8.58759267059026e-06], [0.0, 0.0, 0.0, 1.0]], [0.18690563553232883, 0.18302235876711875, 0.1852919877747867]], "radius": 0.14880661300292558, "volume": 0.005550997540675597, "num_verts": 750, "num_faces": 1416, "num_hulls": 0}