{"bbox": [[-0.05358264, -0.01045432, -0.060117040000000004], [0.05358264, -0.01045432, -0.060117040000000004], [0.05358264, 0.01045512, -0.060117040000000004], [-0.05358264, 0.01045512, -0.060117040000000004], [-0.05358264, -0.01045432, 0.060117040000000004], [0.05358264, -0.01045432, 0.060117040000000004], [0.05358264, 0.01045512, 0.060117040000000004], [-0.05358264, 0.01045512, 0.060117040000000004]], "aabb": [[-0.05358263850212097, -0.010454320348799229, -0.06011703982949257], [0.05358263850212097, 0.010455120354890823, 0.06011703982949257]], "obb": [[[0.0007262332688666025, -0.9998405871513695, -0.017840203755676205, -4.719827983945681e-06], [-0.9991724708197556, 1.222907840313773e-16, -0.04067399114845868, 0.001062512585888605], [0.040667507191664544, 0.017854979272036466, -0.9990131898899088, -0.00026626025545384605], [0.0, 0.0, 0.0, 1.0]], [0.10875194115417587, 0.024223025321964266, 0.12402828000292314]], "radius": 0.07860541809943475, "volume": 0.00021822769601432876, "num_verts": 329, "num_faces": 646, "num_hulls": 0}