{"bbox": [[-0.09413051281841181, -0.036826677190347504, -0.06752423484830973], [0.09413051281841181, -0.036826677190347504, -0.06752423484830973], [0.09413051281841181, 0.036826677190347504, -0.06752423484830973], [-0.09413051281841181, 0.036826677190347504, -0.06752423484830973], [-0.09413051281841181, -0.036826677190347504, 0.06752843484798929], [0.09413051281841181, -0.036826677190347504, 0.06752843484798929], [0.09413051281841181, 0.036826677190347504, 0.06752843484798929], [-0.09413051281841181, 0.036826677190347504, 0.06752843484798929]], "aabb": [[-0.0941305160522461, -0.03682667762041092, -0.06752423197031021], [0.0941305160522461, 0.03682667762041092, 0.06752843409776688]], "obb": [[[-2.714794638117812e-18, 6.117212883926382e-17, -1.0, 3.032208824922232e-20], [0.9990166778185227, 0.044335961029873396, 0.0, -0.0009769663561818096], [0.044335961029873396, -0.9990166778185225, -6.123233995736766e-17, -0.0004951972808867625], [0.0, 0.0, 0.0, 1.0]], [0.18826102563682362, 0.07893035059821912, 0.13766262006273078]], "radius": 0.11800506166136371, "volume": 0.0017496100112204995, "num_verts": 289, "num_faces": 570, "num_hulls": 0}