{"bbox": [[-0.05005470119339707, -0.14390730343101746, -0.04066950096963646], [0.05005470119339707, -0.14390730343101746, -0.04066950096963646], [0.05005470119339707, 0.14390730343101746, -0.04066950096963646], [-0.05005470119339707, 0.14390730343101746, -0.04066950096963646], [-0.05005470119339707, -0.14390730343101746, 0.04066950096963646], [0.05005470119339707, -0.14390730343101746, 0.04066950096963646], [0.05005470119339707, 0.14390730343101746, 0.04066950096963646], [-0.05005470119339707, 0.14390730343101746, 0.04066950096963646]], "aabb": [[-0.050054702907800674, -0.1439073085784912, -0.04066950082778931], [0.050054702907800674, 0.1439073085784912, 0.04066950082778931]], "obb": [[[-2.400479156515695e-18, -1.0, 6.192875733369937e-17, -6.494213450182026e-20], [0.03920279966741435, 6.178704563260795e-17, 0.9992312747798863, -0.0006655366124205433], [-0.9992312747798863, 4.826414515052657e-18, 0.03920279966741435, -0.004935463662669045], [0.0, 0.0, 0.0, 1.0]], [0.10010940238679415, 0.29055868457853634, 0.0924883659353453]], "radius": 0.14783222418241526, "volume": 0.0009958906054505054, "num_verts": 1452, "num_faces": 2836, "num_hulls": 0}