{"bbox": [[-0.030636400000000005, -0.024509100000000002, -0.09369630000000001], [0.030636400000000005, -0.024509100000000002, -0.09369630000000001], [0.030636400000000005, 0.024509100000000002, -0.09369630000000001], [-0.030636400000000005, 0.024509100000000002, -0.09369630000000001], [-0.030636400000000005, -0.024509100000000002, 0.0939489], [0.030636400000000005, -0.024509100000000002, 0.0939489], [0.030636400000000005, 0.024509100000000002, 0.0939489], [-0.030636400000000005, 0.024509100000000002, 0.0939489]], "aabb": [[-0.03063639998435974, -0.02450910024344921, -0.09369630366563797], [0.03063639998435974, 0.02450910024344921, 0.09394890069961548]], "obb": [[[4.657956668162611e-05, -0.999999998912568, -2.282145374798489e-06, -9.271671027343208e-08], [0.9988019219858131, 4.663543952574874e-05, -0.04893586070134351, -0.0019882770011210842], [0.04893586075455793, 6.123225467435494e-17, 0.9988019230719425, -0.0004840132129872671], [0.0, 0.0, 0.0, 1.0]], [0.06127557920969601, 0.05551564616009985, 0.1906861867982369]], "radius": 0.09787909202470159, "volume": 0.00012779639221662046, "num_verts": 2889, "num_faces": 5722, "num_hulls": 0}