{"bbox": [[-0.1243551029648567, -0.02703375064453484, -0.08380455199805621], [0.1243551029648567, -0.02703375064453484, -0.08380455199805621], [0.1243551029648567, 0.02703375064453484, -0.08380455199805621], [-0.1243551029648567, 0.02703375064453484, -0.08380455199805621], [-0.1243551029648567, -0.02703375064453484, 0.08380455199805621], [0.1243551029648567, -0.02703375064453484, 0.08380455199805621], [0.1243551029648567, 0.02703375064453484, 0.08380455199805621], [-0.1243551029648567, 0.02703375064453484, 0.08380455199805621]], "aabb": [[-0.12435510009527206, -0.027033749967813492, -0.08380455523729324], [0.12435510009527206, 0.027033749967813492, 0.08380455523729324]], "obb": [[[4.362996309926968e-18, 6.107670357717587e-17, -1.0, -4.287268468847841e-22], [0.9974582650230229, -0.07125313703452547, 0.0, -9.806705387328683e-05], [-0.07125313703452547, -0.997458265023023, -6.123233995736766e-17, 7.001640753616152e-06], [0.0, 0.0, 0.0, 1.0]], [0.2487102059297134, 0.0575491659155159, 0.17154719191998752]], "radius": 0.1476783641438428, "volume": 0.0016934917739903589, "num_verts": 638, "num_faces": 1248, "num_hulls": 0}