{"bbox": [[-0.09948407240996762, -0.02162699834999097, -0.06704363488497658], [0.09948407240996762, -0.02162699834999097, -0.06704363488497658], [0.09948407240996762, 0.02162699834999097, -0.06704363488497658], [-0.09948407240996762, 0.02162699834999097, -0.06704363488497658], [-0.09948407240996762, -0.02162699834999097, 0.06704363488497658], [0.09948407240996762, -0.02162699834999097, 0.06704363488497658], [0.09948407240996762, 0.02162699834999097, 0.06704363488497658], [-0.09948407240996762, 0.02162699834999097, 0.06704363488497658]], "aabb": [[-0.09948407113552094, -0.021626997739076614, -0.06704363226890564], [0.09948407113552094, 0.021626997739076614, 0.06704363226890564]], "obb": [[[4.362996309926968e-18, 6.107670357717587e-17, -1.0, -3.429814431631017e-22], [0.9974582650230229, -0.07125313703452547, 0.0, -7.845363524260966e-05], [-0.07125313703452547, -0.997458265023023, -6.123233995736766e-17, 5.601312042000987e-06], [0.0, 0.0, 0.0, 1.0]], [0.19896814481993524, 0.0460393281222275, 0.13723773979357834]], "radius": 0.11814267948476187, "volume": 0.0008670675278095219, "num_verts": 638, "num_faces": 1248, "num_hulls": 0}