{"bbox": [[-0.1451181034598852, -0.14512230345998534, -0.025237350601705327], [0.14512230345998534, -0.14512230345998534, -0.025237350601705327], [0.14512230345998534, 0.14512230345998534, -0.025237350601705327], [-0.1451181034598852, 0.14512230345998534, -0.025237350601705327], [-0.1451181034598852, -0.14512230345998534, 0.02523870060173751], [0.14512230345998534, -0.14512230345998534, 0.02523870060173751], [0.14512230345998534, 0.14512230345998534, 0.02523870060173751], [-0.1451181034598852, 0.14512230345998534, 0.02523870060173751]], "aabb": [[-0.1451181024312973, -0.14512230455875397, -0.025237349793314934], [0.14512230455875397, 0.14512230455875397, 0.025238700211048126]], "obb": [[[-0.012017260106776588, 1.6672097214668007e-07, 0.9999277901226161, -0.00020847856207081774], [0.00457972938126464, 0.9999895114788673, 5.48730423454572e-05, 8.757700357990164e-05], [-0.9999173023497097, 0.0045800581031902815, -0.012017134827026935, -0.0001942148017363171], [0.0, 0.0, 0.0, 1.0]], [0.290810014115377, 0.29047284071149243, 0.05249939170265872]], "radius": 0.14799559452441285, "volume": 0.0009839886673410076, "num_verts": 1668, "num_faces": 3276, "num_hulls": 0}