{"bbox": [[-0.06590143999999999, -0.02578752, -0.05157408], [0.06589824, -0.02578752, -0.05157408], [0.06589824, 0.02578752, -0.05157408], [-0.06590143999999999, 0.02578752, -0.05157408], [-0.06590143999999999, -0.02578752, 0.05157504], [0.06589824, -0.02578752, 0.05157504], [0.06589824, 0.02578752, 0.05157504], [-0.06590143999999999, 0.02578752, 0.05157504]], "aabb": [[-0.06590144336223602, -0.02578751929104328, -0.05157408118247986], [0.06589823961257935, 0.02578751929104328, 0.05157503858208656]], "obb": [[[-0.20331239236102633, 0.07968145680291111, 0.9758662493160636, 0.0010092541942536223], [0.9775473783149424, -0.03983831456489436, 0.20691551861136775, 0.00229186440396018], [0.05536419657160063, 0.9960239827104538, -0.06979277615618132, -0.001278026940807124], [0.0, 0.0, 0.0, 1.0]], [0.14552291251983576, 0.08008958591681233, 0.11685469545120918]], "radius": 0.07889932916965782, "volume": 0.00022239609264282766, "num_verts": 2454, "num_faces": 4792, "num_hulls": 0}