{"bbox": [[-0.053753695898918465, -0.053753695898918465, -0.02570831803861099], [0.053753695898918465, -0.053753695898918465, -0.02570831803861099], [0.053753695898918465, 0.05375243589901459, -0.02570831803861099], [-0.053753695898918465, 0.05375243589901459, -0.02570831803861099], [-0.053753695898918465, -0.053753695898918465, 0.02570831803861099], [0.053753695898918465, -0.053753695898918465, 0.02570831803861099], [0.053753695898918465, 0.05375243589901459, 0.02570831803861099], [-0.053753695898918465, 0.05375243589901459, 0.02570831803861099]], "aabb": [[-0.053753696382045746, -0.053753696382045746, -0.025708317756652832], [0.053753696382045746, 0.053752437233924866, 0.025708317756652832]], "obb": [[[0.02125321412726945, -1.654597838557505e-05, 0.9997741247979419, 0.0003751091907869043], [0.004590437639363657, 0.9999894606023411, -8.10340536695644e-05, 7.765184109470619e-05], [-0.9997635864400841, 0.004591123007428571, 0.021253066084476198, -0.00011257757209919089], [0.0, 0.0, 0.0, 1.0]], [0.10877435488514127, 0.10779097966162139, 0.05288718907247399]], "radius": 0.05937732798279725, "volume": 0.00011194116109985877, "num_verts": 2985, "num_faces": 5826, "num_hulls": 0}