{"bbox": [[-0.1225713029223276, -0.05061810120682957, -0.1092483026046825], [0.1225713029223276, -0.05061810120682957, -0.1092483026046825], [0.1225713029223276, 0.05061735120681169, -0.1092483026046825], [-0.1225713029223276, 0.05061735120681169, -0.1092483026046825], [-0.1225713029223276, -0.05061810120682957, 0.1092483026046825], [0.1225713029223276, -0.05061810120682957, 0.1092483026046825], [0.1225713029223276, 0.05061735120681169, 0.1092483026046825], [-0.1225713029223276, 0.05061735120681169, 0.1092483026046825]], "aabb": [[-0.12257130444049835, -0.05061810091137886, -0.10924830287694931], [0.12257130444049835, 0.05061735212802887, 0.10924830287694931]], "obb": [[[-0.00035866884499307847, -0.025628242529239637, 0.9996714783075098, -0.0005729397797977411], [-0.9999020835021392, 0.013993691724533673, -1.2241841205579567e-16, -0.001198390304924475], [-0.013989094493244139, -0.9995735939773426, -0.02563075220273287, 0.000304546484996195], [0.0, 0.0, 0.0, 1.0]], [0.2495628863023419, 0.10440205235948051, 0.22488649106267725]], "radius": 0.14764752033347017, "volume": 0.0037759168518387053, "num_verts": 1060, "num_faces": 2092, "num_hulls": 0}