{"bbox": [[-0.09014085214912539, -0.1219552529076398, -0.018558450442467938], [0.09014085214912539, -0.1219552529076398, -0.018558450442467938], [0.09014085214912539, 0.1219552529076398, -0.018558450442467938], [-0.09014085214912539, 0.1219552529076398, -0.018558450442467938], [-0.09014085214912539, -0.1219552529076398, 0.018558450442467938], [0.09014085214912539, -0.1219552529076398, 0.018558450442467938], [0.09014085214912539, 0.1219552529076398, 0.018558450442467938], [-0.09014085214912539, 0.1219552529076398, 0.018558450442467938]], "aabb": [[-0.09014084935188293, -0.1219552531838417, -0.018558450043201447], [0.09014084935188293, 0.1219552531838417, 0.018558450043201447]], "obb": [[[-0.01890875348293266, -0.999674940047426, -0.017101850276995085, -0.0008150428042170226], [-0.01895911681817601, -0.01674332794895257, 0.999680055247012, 0.00020297920867590123], [-0.9996414411833857, 0.019226939703678756, -0.01863635850789161, -0.0035040353477991063], [0.0, 0.0, 0.0, 1.0]], [0.18527816113880785, 0.24920932502123042, 0.04533627397500464]], "radius": 0.14691636940429526, "volume": 0.0009543045559607496, "num_verts": 599, "num_faces": 1174, "num_hulls": 0}