{"bbox": [[-0.0363088, -0.0927785, -0.042360300000000004], [0.0363088, -0.0927785, -0.042360300000000004], [0.0363088, 0.0927893, -0.042360300000000004], [-0.0363088, 0.0927893, -0.042360300000000004], [-0.0363088, -0.0927785, 0.042360300000000004], [0.0363088, -0.0927785, 0.042360300000000004], [0.0363088, 0.0927893, 0.042360300000000004], [-0.0363088, 0.0927893, 0.042360300000000004]], "aabb": [[-0.03630879893898964, -0.09277849644422531, -0.042360298335552216], [0.03630879893898964, 0.09278929978609085, 0.042360298335552216]], "obb": [[[0.9991658771974429, -0.0002667193715950307, -0.040834773233621356, -0.0003240333192607827], [-0.04083476987346218, 1.8033965126885964e-05, -0.999165912771326, 0.00022482537366200287], [0.0002672333172500028, 0.9999999642677759, 7.1274984254755815e-06, -3.434407449490951e-06], [0.0, 0.0, 0.0, 1.0]], [0.07683490410710318, 0.1888292372484262, 0.08474684290360641]], "radius": 0.09778313014165584, "volume": 0.00046497259050897914, "num_verts": 1752, "num_faces": 3420, "num_hulls": 0}