{"bbox": [[-0.04018697693397698, -0.007840739401799057, -0.04508777656007564], [0.04018697693397698, -0.007840739401799057, -0.04508777656007564], [0.04018697693397698, 0.007841339401753281, -0.04508777656007564], [-0.04018697693397698, 0.007841339401753281, -0.04508777656007564], [-0.04018697693397698, -0.007840739401799057, 0.04508777656007564], [0.04018697693397698, -0.007840739401799057, 0.04508777656007564], [0.04018697693397698, 0.007841339401753281, 0.04508777656007564], [-0.04018697693397698, 0.007841339401753281, 0.04508777656007564]], "aabb": [[-0.04018697515130043, -0.00784073956310749, -0.0450877770781517], [0.04018697515130043, 0.007841339334845543, 0.0450877770781517]], "obb": [[[0.0007262332688665936, -0.9998405871513695, -0.017840203755675983, -3.539870717884348e-06], [-0.9991724708197556, 1.223992940438275e-16, -0.04067399114845869, 0.0007968843786190021], [0.040667507191664544, 0.017854979272036244, -0.9990131898899088, -0.00019969517635484645], [0.0, 0.0, 0.0, 1.0]], [0.08156394964279637, 0.018167267605420683, 0.0930212029052378]], "radius": 0.058954059076738306, "volume": 9.20647881840856e-05, "num_verts": 329, "num_faces": 646, "num_hulls": 0}