{"bbox": [[-0.042115796786819704, -0.03273005750289478, -0.04028141692677178], [0.04211435678692957, -0.03273005750289478, -0.04028141692677178], [0.04211435678692957, 0.03273131750279865, -0.04028141692677178], [-0.042115796786819704, 0.03273131750279865, -0.04028141692677178], [-0.042115796786819704, -0.03273005750289478, 0.040282736926671066], [0.04211435678692957, -0.03273005750289478, 0.040282736926671066], [0.04211435678692957, 0.03273131750279865, 0.040282736926671066], [-0.042115796786819704, 0.03273131750279865, 0.040282736926671066]], "aabb": [[-0.042115796357393265, -0.03273005783557892, -0.04028141871094704], [0.04211435839533806, 0.0327313169836998, 0.04028273746371269]], "obb": [[[0.03047147939920634, -0.0066717513024214005, -0.9995133699344809, 0.00030656500203952644], [-0.9872065197760326, -0.15677817687348758, -0.029049794627833678, -0.0018680938197583837], [-0.15650807089386035, 0.987611305621186, -0.011363659370920244, -0.001379340510730343], [0.0, 0.0, 0.0, 1.0]], [0.08648090492200147, 0.07621039069247935, 0.09172858787413804]], "radius": 0.058784793245190065, "volume": 0.0002284725687448521, "num_verts": 3249, "num_faces": 6370, "num_hulls": 0}