{"bbox": [[-0.027093177932954564, -0.049852016196593005, -0.02059127842901013], [0.027093777932908788, -0.049852016196593005, -0.02059127842901013], [0.027093777932908788, 0.049852616196547225, -0.02059127842901013], [-0.027093177932954564, 0.049852616196547225, -0.02059127842901013], [-0.027093177932954564, -0.049852016196593005, 0.020587258429316833], [0.027093777932908788, -0.049852016196593005, 0.020587258429316833], [0.027093777932908788, 0.049852616196547225, 0.020587258429316833], [-0.027093177932954564, 0.049852616196547225, 0.020587258429316833]], "aabb": [[-0.027093177661299706, -0.04985201731324196, -0.02059127762913704], [0.027093777433037758, 0.04985261708498001, 0.020587258040905]], "obb": [[[1.7672630483462893e-06, -0.9998815707229813, -0.01538975391031536, -3.3220401358686795e-05], [7.430252004734985e-05, -0.015389753736560475, 0.9998815679664584, 8.69921879548807e-06], [-0.999999997238006, -2.9105512462346587e-06, 7.42665227105182e-05, -2.335631249258206e-06], [0.0, 0.0, 0.0, 1.0]], [0.05505289034068768, 0.10125967002799692, 0.04118414309809317]], "radius": 0.05889195770192304, "volume": 4.956519624288937e-05, "num_verts": 1601, "num_faces": 3138, "num_hulls": 0}