{"bbox": [[-0.04232327677099024, -0.10968299163185183, -0.04768547636188687], [0.04232327677099024, -0.10968299163185183, -0.04768547636188687], [0.04232327677099024, 0.10968299163185183, -0.04768547636188687], [-0.04232327677099024, 0.10968299163185183, -0.04768547636188687], [-0.04232327677099024, -0.10968299163185183, 0.0476882363616763], [0.04232327677099024, -0.10968299163185183, 0.0476882363616763], [0.04232327677099024, 0.10968299163185183, 0.0476882363616763], [-0.04232327677099024, 0.10968299163185183, 0.0476882363616763]], "aabb": [[-0.0423232764005661, -0.10968299210071564, -0.04768547788262367], [0.0423232764005661, 0.10968299210071564, 0.047688234597444534]], "obb": [[[-0.999891241191454, -0.007791764103270594, 0.012521749109949323, -0.0005842767777458465], [0.012336389159532488, 0.023399080959348437, 0.9996500870368402, 0.000754434316462304], [-0.00808203508518133, 0.9996958394543897, -0.02330041386896501, 0.0007886670225796225], [0.0, 0.0, 0.0, 1.0]], [0.08677279767972806, 0.2233645578129366, 0.10080263505202926]], "radius": 0.11864659130838145, "volume": 0.0006590272918230076, "num_verts": 1575, "num_faces": 3082, "num_hulls": 0}