{"bbox": [[-0.1108365515438422, -0.04337087669106471, -0.05059931613957854], [0.1108365515438422, -0.04337087669106471, -0.05059931613957854], [0.1108365515438422, 0.04337087669106471, -0.05059931613957854], [-0.1108365515438422, 0.04337087669106471, -0.05059931613957854], [-0.1108365515438422, -0.04337087669106471, 0.05059931613957854], [0.1108365515438422, -0.04337087669106471, 0.05059931613957854], [0.1108365515438422, 0.04337087669106471, 0.05059931613957854], [-0.1108365515438422, 0.04337087669106471, 0.05059931613957854]], "aabb": [[-0.11083655059337616, -0.04337087646126747, -0.050599317997694016], [0.11083655059337616, 0.04337087646126747, 0.050599317997694016]], "obb": [[[-0.003272079979332285, 0.010478279124467619, -0.9999397477644334, -0.00027108339634744974], [-0.8930403576915396, -0.44997300459007705, -0.0017929512947557169, 0.0007959931471554995], [-0.4499646797547288, 0.892980683333502, 0.01082987379686554, -0.004617758351344003], [0.0, 0.0, 0.0, 1.0]], [0.22252962167748067, 0.12313457666931252, 0.1261611286665236]], "radius": 0.11771663328161652, "volume": 0.0011961656654261958, "num_verts": 1185, "num_faces": 2338, "num_hulls": 0}