{"bbox": [[-0.03847608, -0.052584, -0.058996639999999996], [0.0384712, -0.052584, -0.058996639999999996], [0.0384712, 0.052584, -0.058996639999999996], [-0.03847608, 0.052584, -0.058996639999999996], [-0.03847608, -0.052584, 0.058996639999999996], [0.0384712, -0.052584, 0.058996639999999996], [0.0384712, 0.052584, 0.058996639999999996], [-0.03847608, 0.052584, 0.058996639999999996]], "aabb": [[-0.03847607970237732, -0.052583999931812286, -0.058996640145778656], [0.038471199572086334, 0.052583999931812286, 0.058996640145778656]], "obb": [[[0.983514209864135, -0.0006443291535522112, -0.18082970949284918, -0.0018444934001547574], [-2.3306806335242896e-05, -0.999994095296844, 0.003436397567110701, -0.00014479033101986728], [-0.18083085591822853, -0.003375531274977109, -0.9835084175219307, 0.00024434751840304294], [0.0, 0.0, 0.0, 1.0]], [0.08224552388839303, 0.10565097323205012, 0.13768194633572944]], "radius": 0.07897142292952306, "volume": 0.00026336247664550275, "num_verts": 3078, "num_faces": 6044, "num_hulls": 0}