{"bbox": [[-0.08848680210968976, -0.12334530294078118, -0.01608855038358093], [0.08848680210968976, -0.12334530294078118, -0.01608855038358093], [0.08848680210968976, 0.12334530294078118, -0.01608855038358093], [-0.08848680210968976, 0.12334530294078118, -0.01608855038358093], [-0.08848680210968976, -0.12334530294078118, 0.01608855038358093], [0.08848680210968976, -0.12334530294078118, 0.01608855038358093], [0.08848680210968976, 0.12334530294078118, 0.01608855038358093], [-0.08848680210968976, 0.12334530294078118, 0.01608855038358093]], "aabb": [[-0.08848680555820465, -0.12334530055522919, -0.01608855091035366], [0.08848680555820465, 0.12334530055522919, 0.01608855091035366]], "obb": [[[0.019152844650150318, 0.9998165645746431, 7.578895674655789e-05, -0.00010302770910954971], [0.003934277351640516, 4.358472163870243e-07, -0.999992260700817, -1.316395791209292e-05], [-0.999808826728154, 0.01915299459533139, -0.003933547318087018, 1.771300804694212e-05], [0.0, 0.0, 0.0, 1.0]], [0.17761318833189876, 0.24686524794050924, 0.03480021878681956]], "radius": 0.14622924829973705, "volume": 0.0008426088794882133, "num_verts": 542, "num_faces": 1060, "num_hulls": 0}