{"bbox": [[-0.05824109555655704, -0.0582396555566669, -0.00886229932386022], [0.05824109555655704, -0.0582396555566669, -0.00886229932386022], [0.05824109555655704, 0.05824109555655704, -0.00886229932386022], [-0.05824109555655704, 0.05824109555655704, -0.00886229932386022], [-0.05824109555655704, -0.0582396555566669, 0.0088627793238236], [0.05824109555655704, -0.0582396555566669, 0.0088627793238236], [0.05824109555655704, 0.05824109555655704, 0.0088627793238236], [-0.05824109555655704, 0.05824109555655704, 0.0088627793238236]], "aabb": [[-0.0582410953938961, -0.0582396537065506, -0.008862298913300037], [0.0582410953938961, 0.0582410953938961, 0.008862779475748539]], "obb": [[[-0.013724866101482021, 0.44720009206448996, 0.8943286340646865, 8.771466820008143e-05], [-0.0047603873608622225, -0.8944319665670589, 0.44717870688926853, 2.891799945151545e-05], [0.9998944778138696, 0.0018801171494303784, 0.014404804644058349, -3.7950536835693596e-05], [0.0, 0.0, 0.0, 1.0]], [0.15674297166384923, 0.15658532725806348, 0.01882248814994448]], "radius": 0.05950292847992545, "volume": 6.258359512580493e-05, "num_verts": 1593, "num_faces": 3130, "num_hulls": 0}