{"bbox": [[-0.0332601, -0.0956227, -0.0332601], [0.0332601, -0.0956227, -0.0332601], [0.0332601, 0.0956227, -0.0332601], [-0.0332601, 0.0956227, -0.0332601], [-0.0332601, -0.0956227, 0.0332601], [0.0332601, -0.0956227, 0.0332601], [0.0332601, 0.0956227, 0.0332601], [-0.0332601, 0.0956227, 0.0332601]], "aabb": [[-0.033260099589824677, -0.0956227034330368, -0.033260099589824677], [0.033260099589824677, 0.0956227034330368, 0.033260099589824677]], "obb": [[[-0.9076076216103266, 0.4164244223932975, -0.05328325843315524, 0.0023060181666829283], [-0.041271961033115555, 0.0378003731069566, 0.9984326502200617, 0.00014366735004255163], [0.4177858667156262, 0.908384187570096, -0.017121254197334013, -0.00353007832559063], [0.0, 0.0, 0.0, 1.0]], [0.10077016230480502, 0.1966706423007044, 0.0962231469223489]], "radius": 0.09840682883677332, "volume": 0.0003590960372215474, "num_verts": 1793, "num_faces": 3502, "num_hulls": 0}