{"bbox": [[-0.06764315483923684, -0.06599339496510354, -0.10118987227982543], [0.06764315483923684, -0.06599339496510354, -0.10118987227982543], [0.06764315483923684, 0.06599339496510354, -0.10118987227982543], [-0.06764315483923684, 0.06599339496510354, -0.10118987227982543], [-0.06764315483923684, -0.06599339496510354, 0.10118987227982543], [0.06764315483923684, -0.06599339496510354, 0.10118987227982543], [0.06764315483923684, 0.06599339496510354, 0.10118987227982543], [-0.06764315483923684, 0.06599339496510354, 0.10118987227982543]], "aabb": [[-0.06764315813779831, -0.06599339842796326, -0.10118987411260605], [0.06764315813779831, 0.06599339842796326, 0.10118987411260605]], "obb": [[[0.44715138714255726, 0.8943718342466423, 0.012436200496262843, -1.4095993603302863e-05], [-0.8944582924745496, 0.44710816554478816, 0.006217019115896959, -7.046771376485205e-06], [-6.128376877624349e-17, -0.013903611382323528, 0.9999033401236987, -3.391517014930139e-05], [0.0, 0.0, 0.0, 1.0]], [0.18070966561924645, 0.1787767398784015, 0.2051924062392483]], "radius": 0.11799531361235166, "volume": 0.002766396245511688, "num_verts": 930, "num_faces": 1856, "num_hulls": 0}