{"bbox": [[-0.0365558, -0.09342030000000001, -0.0365558], [0.0365558, -0.09342030000000001, -0.0365558], [0.0365558, 0.09342030000000001, -0.0365558], [-0.0365558, 0.09342030000000001, -0.0365558], [-0.0365558, -0.09342030000000001, 0.0365558], [0.0365558, -0.09342030000000001, 0.0365558], [0.0365558, 0.09342030000000001, 0.0365558], [-0.0365558, 0.09342030000000001, 0.0365558]], "aabb": [[-0.03655580058693886, -0.09342029690742493, -0.03655580058693886], [0.03655580058693886, 0.09342029690742493, 0.03655580058693886]], "obb": [[[-0.997266657476863, 2.1233863102305503e-21, 0.07388649325096386, 0.0007071619427101443], [0.07388649317467039, 4.544395623760594e-05, 0.997266656447109, 0.00039972973751880236], [-3.357694565846966e-06, 0.9999999989674233, -4.531974233960213e-05, 2.38143691714916e-06], [0.0, 0.0, 0.0, 1.0]], [0.08492277937677246, 0.1922874217508662, 0.07312218349190507]], "radius": 0.09840762528884639, "volume": 0.0004838658270971827, "num_verts": 1667, "num_faces": 3266, "num_hulls": 0}