{"bbox": [[-0.041333516846502924, -0.11184359146701116, -0.043764956660998784], [0.041333516846502924, -0.11184359146701116, -0.043764956660998784], [0.041333516846502924, 0.11183831146741398, -0.043764956660998784], [-0.041333516846502924, 0.11183831146741398, -0.043764956660998784], [-0.041333516846502924, -0.11184359146701116, 0.0431570367073794], [0.041333516846502924, -0.11184359146701116, 0.0431570367073794], [0.041333516846502924, 0.11183831146741398, 0.0431570367073794], [-0.041333516846502924, 0.11183831146741398, 0.0431570367073794]], "aabb": [[-0.04133351519703865, -0.11184359341859818, -0.043764956295490265], [0.04133351519703865, 0.11183831095695496, 0.04315703734755516]], "obb": [[[0.9990250530063964, 0.03927489398113219, -0.02016001409567754, 0.0008855942750213501], [-0.01921315014791569, -0.02433873658820783, -0.9995191247608438, -0.000485590546147642], [-0.03974667692978544, 0.9989319839729134, -0.02356041317504008, -0.0004183002181316622], [0.0, 0.0, 0.0, 1.0]], [0.08843161393431641, 0.22741349738635036, 0.09553480478753866]], "radius": 0.11813549241592447, "volume": 0.0005701259517659577, "num_verts": 1896, "num_faces": 3692, "num_hulls": 0}