{"bbox": [[-0.04293263672449976, -0.11617055113689032, -0.04293263672449976], [0.04293263672449976, -0.11617055113689032, -0.04293263672449976], [0.04293263672449976, 0.11617055113689032, -0.04293263672449976], [-0.04293263672449976, 0.11617055113689032, -0.04293263672449976], [-0.04293263672449976, -0.11617055113689032, 0.04293263672449976], [0.04293263672449976, -0.11617055113689032, 0.04293263672449976], [0.04293263672449976, 0.11617055113689032, 0.04293263672449976], [-0.04293263672449976, 0.11617055113689032, 0.04293263672449976]], "aabb": [[-0.04293263703584671, -0.11617054790258408, -0.04293263703584671], [0.04293263703584671, 0.11617054790258408, 0.04293263703584671]], "obb": [[[0.9991490075268787, 0.004762219633830734, -0.040970501854531556, -0.00038726865502128024], [-0.04105414881150716, 0.019043038376251122, -0.9989754349105704, 0.00048462058467788597], [-0.003977137590735602, 0.9998073234146466, 0.019222341767447942, 0.0011350530497001349], [0.0, 0.0, 0.0, 1.0]], [0.09258071072365805, 0.23739895187311436, 0.08991136945493575]], "radius": 0.11785789495956298, "volume": 0.0006914507730434687, "num_verts": 1787, "num_faces": 3490, "num_hulls": 0}