{"bbox": [[-0.09157545218332892, -0.09157545218332892, -0.08361240199347501], [0.09157545218332892, -0.09157545218332892, -0.08361240199347501], [0.09157545218332892, 0.09157545218332892, -0.08361240199347501], [-0.09157545218332892, 0.09157545218332892, -0.08361240199347501], [-0.09157545218332892, -0.09157545218332892, 0.08294880197765356], [0.09157545218332892, -0.09157545218332892, 0.08294880197765356], [0.09157545218332892, 0.09157545218332892, 0.08294880197765356], [-0.09157545218332892, 0.09157545218332892, 0.08294880197765356]], "aabb": [[-0.09157545119524002, -0.09157545119524002, -0.08361240476369858], [0.09157545119524002, 0.09157545119524002, 0.08294880390167236]], "obb": [[[-0.01939883259588819, 7.057577710579444e-05, -0.9998118224510933, 0.0012836576325316936], [-6.927323383405512e-05, 0.9999999950134217, 7.193313282100489e-05, 5.639899868901634e-06], [0.99981182254219, 7.065561696839987e-05, -0.019398827610142083, -0.0006868238595553505], [0.0, 0.0, 0.0, 1.0]], [0.18682041138203068, 0.18318660777526422, 0.16760965819639786]], "radius": 0.1483697454046877, "volume": 0.0011336615285448758, "num_verts": 1503, "num_faces": 2866, "num_hulls": 0}