{"bbox": [[-0.08794727329015554, -0.022942798249603404, -0.08029967387362107], [0.08794727329015554, -0.022942798249603404, -0.08029967387362107], [0.08794727329015554, 0.022942798249603404, -0.08029967387362107], [-0.08794727329015554, 0.022942798249603404, -0.08029967387362107], [-0.08794727329015554, -0.022942798249603404, 0.08029967387362107], [0.08794727329015554, -0.022942798249603404, 0.08029967387362107], [0.08794727329015554, 0.022942798249603404, 0.08029967387362107], [-0.08794727329015554, 0.022942798249603404, 0.08029967387362107]], "aabb": [[-0.08794727176427841, -0.0229427982121706, -0.08029967546463013], [0.08794727176427841, 0.0229427982121706, 0.08029967546463013]], "obb": [[[-0.00023809457616162156, -0.000764376190030339, 0.999999679519955, 3.037384695626889e-05], [-0.999456774053294, 0.032956206184148226, -0.00021277436587912538, 7.5898756150772826e-06], [-0.03295603298268267, -0.9994565044077647, -0.00077180765499418, -3.720512048189109e-05], [0.0, 0.0, 0.0, 1.0]], [0.17608968074139525, 0.050447450622176704, 0.16337792074014135]], "radius": 0.11708694849296307, "volume": 0.0010636731459409078, "num_verts": 1016, "num_faces": 1952, "num_hulls": 0}