{"bbox": [[-0.11455515273120767, -0.07719090184037451, -0.06724365160321358], [0.11456325273140078, -0.07719090184037451, -0.06724365160321358], [0.11456325273140078, 0.07719090184037451, -0.06724365160321358], [-0.11455515273120767, 0.07719090184037451, -0.06724365160321358], [-0.11455515273120767, -0.07719090184037451, 0.06724365160321358], [0.11456325273140078, -0.07719090184037451, 0.06724365160321358], [0.11456325273140078, 0.07719090184037451, 0.06724365160321358], [-0.11455515273120767, 0.07719090184037451, 0.06724365160321358]], "aabb": [[-0.11455515027046204, -0.07719089835882187, -0.06724365055561066], [0.11456324905157089, 0.07719089835882187, 0.06724365055561066]], "obb": [[[-0.014327278921467318, -0.0006539004581234097, -0.9998971454569201, -7.771719461584226e-07], [0.0037701469624295183, -0.9999927130045174, 0.0005999414527520736, -3.958845633072034e-05], [-0.999890251512929, -0.003761163657156225, 0.014329639819476464, 2.520515793746326e-05], [0.0, 0.0, 0.0, 1.0]], [0.2316581042373242, 0.1551537069967118, 0.13699496443086825]], "radius": 0.1466025002161794, "volume": 0.004318068063274389, "num_verts": 657, "num_faces": 1278, "num_hulls": 0}