{"bbox": [[-0.12502230298076397, -0.02446080058319093, -0.08153625194397573], [0.12502230298076397, -0.02446080058319093, -0.08153625194397573], [0.12502230298076397, 0.02446080058319093, -0.08153625194397573], [-0.12502230298076397, 0.02446080058319093, -0.08153625194397573], [-0.12502230298076397, -0.02446080058319093, 0.08153625194397573], [0.12502230298076397, -0.02446080058319093, 0.08153625194397573], [0.12502230298076397, 0.02446080058319093, 0.08153625194397573], [-0.12502230298076397, 0.02446080058319093, 0.08153625194397573]], "aabb": [[-0.1250223070383072, -0.024460799992084503, -0.08153624832630157], [0.1250223070383072, 0.024460799992084503, 0.08153624832630157]], "obb": [[[4.2620419037018615e-18, 6.108383137513342e-17, -1.0, -5.7780886565979236e-21], [0.9975746707975289, -0.06960442646270355, 0.0, 6.976552119908019e-06], [-0.06960442646270355, -0.9975746707975288, -6.123233995736766e-17, 9.436334885488377e-05], [0.0, 0.0, 0.0, 1.0]], [0.25004460596152794, 0.05330598903088156, 0.16652610043744964]], "radius": 0.1480019493632808, "volume": 0.0015026516895255795, "num_verts": 582, "num_faces": 1124, "num_hulls": 0}