{"bbox": [[-0.13408320319679268, -0.03215190076656105, -0.05991960142859462], [0.13444815320549378, -0.03215190076656105, -0.05991960142859462], [0.13444815320549378, 0.03215190076656105, -0.05991960142859462], [-0.13408320319679268, 0.03215190076656105, -0.05991960142859462], [-0.13408320319679268, -0.03215190076656105, 0.059549851419779094], [0.13444815320549378, -0.03215190076656105, 0.059549851419779094], [0.13444815320549378, 0.03215190076656105, 0.059549851419779094], [-0.13408320319679268, 0.03215190076656105, 0.059549851419779094]], "aabb": [[-0.13408319652080536, -0.032151900231838226, -0.059919603168964386], [0.13444815576076508, 0.032151900231838226, 0.05954985320568085]], "obb": [[[-0.020635887497354618, -0.028913093398587615, 0.999368897443442, 0.0017587844445530571], [0.9990207994633561, 0.03853133841955392, 0.021743463367059655, 0.002293378519895523], [-0.039135691980510305, 0.9988390105466057, 0.028089653317267267, 0.0009263116935953695], [0.0, 0.0, 0.0, 1.0]], [0.27332156901165244, 0.07318911131009666, 0.13056966134109024]], "radius": 0.14638722645216198, "volume": 0.00031519905488577816, "num_verts": 2355, "num_faces": 4650, "num_hulls": 0}