{"bbox": [[-0.10001783236924496, -0.019568638507031364, -0.06522899502342262], [0.10001783236924496, -0.019568638507031364, -0.06522899502342262], [0.10001783236924496, 0.019568638507031364, -0.06522899502342262], [-0.10001783236924496, 0.019568638507031364, -0.06522899502342262], [-0.10001783236924496, -0.019568638507031364, 0.06522899502342262], [0.10001783236924496, -0.019568638507031364, 0.06522899502342262], [0.10001783236924496, 0.019568638507031364, 0.06522899502342262], [-0.10001783236924496, 0.019568638507031364, 0.06522899502342262]], "aabb": [[-0.10001783072948456, -0.019568638876080513, -0.06522899866104126], [0.10001783072948456, 0.019568638876080513, 0.06522899866104126]], "obb": [[[4.262041903701834e-18, 6.108383137513342e-17, -1.0, -4.622470462403288e-21], [0.9975746707975287, -0.0696044264627031, 0.0, 5.581241137052401e-06], [-0.0696044264627031, -0.9975746707975288, -6.123233995736766e-17, 7.549067152458378e-05], [0.0, 0.0, 0.0, 1.0]], [0.2000356647384899, 0.042644786954435084, 0.1332208670097808]], "radius": 0.1184015476343903, "volume": 0.0007693574339163942, "num_verts": 582, "num_faces": 1124, "num_hulls": 0}