{"bbox": [[-0.027340399999999997, -0.07397576, -0.03055688], [0.027340399999999997, -0.07397576, -0.03055688], [0.027340399999999997, 0.07397992, -0.03055688], [-0.027340399999999997, 0.07397992, -0.03055688], [-0.027340399999999997, -0.07397576, 0.03055688], [0.027340399999999997, -0.07397576, 0.03055688], [0.027340399999999997, 0.07397992, 0.03055688], [-0.027340399999999997, 0.07397992, 0.03055688]], "aabb": [[-0.027340399101376534, -0.07397575676441193, -0.030556879937648773], [0.027340399101376534, 0.0739799216389656, 0.030556879937648773]], "obb": [[[-0.998729306687952, -0.044374982723212754, 0.023887923118538427, -0.0010396676642752164], [0.02242042333818214, 0.03327888242445944, 0.9991945959631265, 0.0006556033025893845], [-0.04513420631781766, 0.9984605034215893, -0.0322416892728513, 0.0006275702110980568], [0.0, 0.0, 0.0, 1.0]], [0.0598629018815012, 0.15178553526860264, 0.06682474283344195]], "radius": 0.07862356297326649, "volume": 0.0002130036825631112, "num_verts": 1694, "num_faces": 3316, "num_hulls": 0}