{"bbox": [[-0.05074860120994094, -0.13731975327395804, -0.06268950149463419], [0.05074860120994094, -0.13731975327395804, -0.06268950149463419], [0.05074860120994094, 0.1373116532737649, -0.06268950149463419], [-0.05074860120994094, 0.1373116532737649, -0.06268950149463419], [-0.05074860120994094, -0.13731975327395804, 0.06268950149463419], [0.05074860120994094, -0.13731975327395804, 0.06268950149463419], [0.05074860120994094, 0.1373116532737649, 0.06268950149463419], [-0.05074860120994094, 0.1373116532737649, 0.06268950149463419]], "aabb": [[-0.05074860155582428, -0.13731975853443146, -0.06268949806690216], [0.05074860155582428, 0.137311652302742, 0.06268949806690216]], "obb": [[[-0.9990597132452999, 6.406178235414537e-05, 0.04335533722977451, 0.0008511966141008656], [0.043355337954717875, 9.970620874189786e-06, 0.9990597152179738, 0.00021851021663485656], [6.356926640469755e-05, 0.9999999978983374, -1.2738665855391202e-05, 1.3122367405977348e-06], [0.0, 0.0, 0.0, 1.0]], [0.11157802495608454, 0.27973253932450554, 0.125392660012115]], "radius": 0.14775546734759681, "volume": 0.00143776810184254, "num_verts": 1518, "num_faces": 2956, "num_hulls": 0}