{"bbox": [[-0.07700570000000001, -0.0184144, -0.061939400000000006], [0.07700570000000001, -0.0184144, -0.061939400000000006], [0.07700570000000001, 0.0184144, -0.061939400000000006], [-0.07700570000000001, 0.0184144, -0.061939400000000006], [-0.07700570000000001, -0.0184144, 0.061939400000000006], [0.07700570000000001, -0.0184144, 0.061939400000000006], [0.07700570000000001, 0.0184144, 0.061939400000000006], [-0.07700570000000001, 0.0184144, 0.061939400000000006]], "aabb": [[-0.07700569927692413, -0.01841440051794052, -0.06193939968943596], [0.07700569927692413, 0.01841440051794052, 0.06193939968943596]], "obb": [[[-0.014382752197176898, -0.015256556785592576, -0.9997801627929425, 0.0002749362735206987], [-0.9998684987951917, 0.00771078279642916, 0.014266357128445418, 0.00014118131418555308], [0.007491432191821295, 0.9998538799763265, -0.015365452808201336, -4.241020864904288e-06], [0.0, 0.0, 0.0, 1.0]], [0.15573297678363293, 0.03929485911572768, 0.12638072401366526]], "radius": 0.09791216606464184, "volume": 0.0006351136822960681, "num_verts": 216, "num_faces": 424, "num_hulls": 0}