{"bbox": [[-0.02810771785555131, -0.020536258433207822, -0.04972907620597258], [0.02810771785555131, -0.020536258433207822, -0.04972907620597258], [0.02810771785555131, 0.020536258433207822, -0.04972907620597258], [-0.02810771785555131, 0.020536258433207822, -0.04972907620597258], [-0.02810771785555131, -0.020536258433207822, 0.04972907620597258], [0.02810771785555131, -0.020536258433207822, 0.04972907620597258], [0.02810771785555131, 0.020536258433207822, 0.04972907620597258], [-0.02810771785555131, 0.020536258433207822, 0.04972907620597258]], "aabb": [[-0.028107717633247375, -0.020536258816719055, -0.04972907528281212], [0.028107717633247375, 0.020536258816719055, 0.04972907528281212]], "obb": [[[0.004972716730010924, -0.9996765857926627, 0.02493984575429747, 7.186598438112837e-05], [0.999832703808897, 0.005409406069767104, 0.017472913900168578, 0.00047335341934084924], [-0.017602172664572032, 0.024848785561822673, 0.9995362431515874, -0.0004537681599541982], [0.0, 0.0, 0.0, 1.0]], [0.058128358308291245, 0.042884001560624926, 0.102203956013738]], "radius": 0.058578540683678355, "volume": 0.00021245177828259587, "num_verts": 267, "num_faces": 530, "num_hulls": 0}