{"bbox": [[-0.07219640000000001, -0.07219640000000001, -0.0329592], [0.07219640000000001, -0.07219640000000001, -0.0329592], [0.07219640000000001, 0.07219640000000001, -0.0329592], [-0.07219640000000001, 0.07219640000000001, -0.0329592], [-0.07219640000000001, -0.07219640000000001, 0.0329592], [0.07219640000000001, -0.07219640000000001, 0.0329592], [0.07219640000000001, 0.07219640000000001, 0.0329592], [-0.07219640000000001, 0.07219640000000001, 0.0329592]], "aabb": [[-0.07219640165567398, -0.07219640165567398, -0.03295920044183731], [0.07219640165567398, 0.07219640165567398, 0.03295920044183731]], "obb": [[[0.002212705195977725, 0.4461984210638053, 0.8949313230499215, -8.791126744349901e-05], [0.0015014702248696743, 0.8949310226811357, -0.4462019836688992, -0.0002669136901365652], [-0.9999964247550486, 0.0023310261825824218, 0.0013102648803170424, -0.00010539946282680623], [0.0, 0.0, 0.0, 1.0]], [0.19377050461422687, 0.1934082207314059, 0.06641035102537463]], "radius": 0.07900433472154297, "volume": 0.00023969769836321262, "num_verts": 3055, "num_faces": 5954, "num_hulls": 0}