{"bbox": [[-0.08873160000000001, -0.08873160000000001, -0.0462925], [0.08873160000000001, -0.08873160000000001, -0.0462925], [0.08873160000000001, 0.08873160000000001, -0.0462925], [-0.08873160000000001, 0.08873160000000001, -0.0462925], [-0.08873160000000001, -0.08873160000000001, 0.046294800000000004], [0.08873160000000001, -0.08873160000000001, 0.046294800000000004], [0.08873160000000001, 0.08873160000000001, 0.046294800000000004], [-0.08873160000000001, 0.08873160000000001, 0.046294800000000004]], "aabb": [[-0.08873160183429718, -0.08873160183429718, -0.0462924987077713], [0.08873160183429718, 0.08873160183429718, 0.04629480093717575]], "obb": [[[-0.032243028683645036, -0.000149323603596222, -0.9994800472264401, 0.0011222107506876897], [-4.814645287636798e-06, 0.9999999888512306, -0.00014924596403828106, -1.282994874535712e-06], [0.9994800583694129, 6.123234451881438e-17, -0.032243029043115136, -8.665540464807109e-05], [0.0, 0.0, 0.0, 1.0]], [0.1807233098453627, 0.1774930399635124, 0.09623650947738328]], "radius": 0.09993530834044594, "volume": 0.0010512092378980186, "num_verts": 1162, "num_faces": 2260, "num_hulls": 0}