{"bbox": [[-0.0279552, -0.07349664, -0.007189896], [0.0279552, -0.07349664, -0.007189896], [0.0279552, 0.07329696000000001, -0.007189896], [-0.0279552, 0.07329696000000001, -0.007189896], [-0.0279552, -0.07349664, 0.007189896], [0.0279552, -0.07349664, 0.007189896], [0.0279552, 0.07329696000000001, 0.007189896], [-0.0279552, 0.07329696000000001, 0.007189896]], "aabb": [[-0.027955200523138046, -0.07349663972854614, -0.007189895957708359], [0.027955200523138046, 0.07329695671796799, 0.007189895957708359]], "obb": [[[0.021973920921011202, 0.9997585229316228, 0.00020645807630125437, -3.787370994754286e-05], [0.009395180990876899, 1.2392977804097501e-16, -0.9999558643130949, -0.0001091511071368253], [-0.999714397902474, 0.02197489079791123, -0.009392912270114346, -0.00027426523825358], [0.0, 0.0, 0.0, 1.0]], [0.05634307300235588, 0.1469438339967619, 0.016555841120699116]], "radius": 0.07811829085685641, "volume": 9.678866416089937e-05, "num_verts": 412, "num_faces": 820, "num_hulls": 0}