{"bbox": [[-0.02871728, -0.01834352, -0.07338856], [0.02871728, -0.01834352, -0.07338856], [0.02871728, 0.01834352, -0.07338856], [-0.02871728, 0.01834352, -0.07338856], [-0.02871728, -0.01834352, 0.07318912], [0.02871728, -0.01834352, 0.07318912], [0.02871728, 0.01834352, 0.07318912], [-0.02871728, 0.01834352, 0.07318912]], "aabb": [[-0.0287172794342041, -0.018343519419431686, -0.07338856160640717], [0.0287172794342041, 0.018343519419431686, 0.07318911701440811]], "obb": [[[-0.7075801637970796, -0.7066305174706213, 0.0019035703558983076, 3.69162912988336e-05], [-0.7066278612189544, 0.7075827238602717, 0.001937690275712078, -0.0010229451130856306], [-0.0027161645797104082, 2.5955353408136148e-05, -0.9999963108813431, -0.00012426676807722557], [0.0, 0.0, 0.0, 1.0]], [0.05910396066348206, 0.05911561769414032, 0.14666902169467202]], "radius": 0.07787272390722656, "volume": 0.00014353472588140485, "num_verts": 811, "num_faces": 1618, "num_hulls": 0}