{"bbox": [[-0.0700724, -0.00913984, -0.036559520000000005], [0.0700724, -0.00913984, -0.036559520000000005], [0.0700724, 0.00913984, -0.036559520000000005], [-0.0700724, 0.00913984, -0.036559520000000005], [-0.0700724, -0.00913984, 0.036559520000000005], [0.0700724, -0.00913984, 0.036559520000000005], [0.0700724, 0.00913984, 0.036559520000000005], [-0.0700724, 0.00913984, 0.036559520000000005]], "aabb": [[-0.07007239758968353, -0.009139839559793472, -0.03655951842665672], [0.07007239758968353, 0.009139839559793472, 0.03655951842665672]], "obb": [[[-2.5515594981796743e-18, 6.11791549531529e-17, -1.0, -1.859923730381328e-21], [0.9991314229661682, 0.04167012888869133, 0.0, -3.305707597643505e-05], [0.04167012888869132, -0.9991314229661681, -6.123233995736766e-17, 3.037485961954548e-05], [0.0, 0.0, 0.0, 1.0]], [0.1401448, 0.019477100837425033, 0.07424715770912794]], "radius": 0.0784356294057117, "volume": 0.00016123327190303534, "num_verts": 125, "num_faces": 246, "num_hulls": 0}