{"bbox": [[-0.036630177205339266, -0.036630177205339266, -0.03344495744835225], [0.036630177205339266, -0.036630177205339266, -0.03344495744835225], [0.036630177205339266, 0.036630177205339266, -0.03344495744835225], [-0.036630177205339266, 0.036630177205339266, -0.03344495744835225], [-0.036630177205339266, -0.036630177205339266, 0.03317951746860371], [0.036630177205339266, -0.036630177205339266, 0.03317951746860371], [0.036630177205339266, 0.036630177205339266, 0.03317951746860371], [-0.036630177205339266, 0.036630177205339266, 0.03317951746860371]], "aabb": [[-0.03663017600774765, -0.03663017600774765, -0.033444955945014954], [0.03663017600774765, 0.03663017600774765, 0.03317951783537865]], "obb": [[[-0.019398832595888413, 7.057577710557239e-05, -0.9998118224510933, 0.0005134630015966589], [-6.92732338338374e-05, 0.9999999950134217, 7.193313282077859e-05, 2.2559597216513446e-06], [0.99981182254219, 7.065561696817781e-05, -0.019398827610142305, -0.00027472951631187957], [0.0, 0.0, 0.0, 1.0]], [0.07472815706984803, 0.07327463577269096, 0.06704385656506855]], "radius": 0.05934789221902608, "volume": 7.255431603101524e-05, "num_verts": 1503, "num_faces": 2866, "num_hulls": 0}