{"bbox": [[-0.07443119432135054, -0.05534627577741426, -0.08779055330211233], [0.07443119432135054, -0.05534627577741426, -0.08779055330211233], [0.07443119432135054, 0.055344715777533283, -0.08779055330211233], [-0.07443119432135054, 0.055344715777533283, -0.08779055330211233], [-0.07443119432135054, -0.05534627577741426, 0.08779055330211233], [0.07443119432135054, -0.05534627577741426, 0.08779055330211233], [0.07443119432135054, 0.055344715777533283, 0.08779055330211233], [-0.07443119432135054, 0.055344715777533283, 0.08779055330211233]], "aabb": [[-0.07443119585514069, -0.055346276611089706, -0.08779055625200272], [0.07443119585514069, 0.05534471571445465, 0.08779055625200272]], "obb": [[[3.758704787379752e-05, -0.9999640562614662, 0.00847848879983118, 0.00034685389983033226], [-0.9850225433109326, 0.0014248857671455503, 0.17241971717240484, 0.0007464092560125722], [-0.1724256006411905, -0.00835798334920671, -0.9849870843609367, -0.002751783688581808], [0.0, 0.0, 0.0, 1.0]], [0.15013590999440551, 0.13583138000398107, 0.19637309584645246]], "radius": 0.11803394739264245, "volume": 0.002012609104530339, "num_verts": 1849, "num_faces": 3590, "num_hulls": 0}