{"bbox": [[-0.03493464, -0.07652344, -0.02328976], [0.03493064, -0.07652344, -0.02328976], [0.03493064, 0.07652344, -0.02328976], [-0.03493464, 0.07652344, -0.02328976], [-0.03493464, -0.07652344, 0.02287384], [0.03493064, -0.07652344, 0.02287384], [0.03493064, 0.07652344, 0.02287384], [-0.03493464, 0.07652344, 0.02287384]], "aabb": [[-0.0349346399307251, -0.07652343809604645, -0.023289760574698448], [0.03493063896894455, 0.07652343809604645, 0.022873839363455772]], "obb": [[[-0.009091360034706895, -0.9936171362461977, 0.11243813290260522, -0.0009427502364139105], [-2.1545637154739063e-19, 0.11244277985545931, 0.9936582014246029, 0.0006772219500216221], [-0.999958672732388, 0.009033704460590368, -0.0010222577949692685, -0.00011242292917395981], [0.0, 0.0, 0.0, 1.0]], [0.08011258918084183, 0.1607725240216877, 0.046725544873747075]], "radius": 0.07910189023032003, "volume": 0.00013339941850787232, "num_verts": 1534, "num_faces": 3008, "num_hulls": 0}