{"bbox": [[-0.05700375135907534, -0.1311085531258715, -0.07624245181776171], [0.05700375135907534, -0.1311085531258715, -0.07624245181776171], [0.05700375135907534, 0.1311085531258715, -0.07624245181776171], [-0.05700375135907534, 0.1311085531258715, -0.07624245181776171], [-0.05700375135907534, -0.1311085531258715, 0.07624245181776171], [0.05700375135907534, -0.1311085531258715, 0.07624245181776171], [0.05700375135907534, 0.1311085531258715, 0.07624245181776171], [-0.05700375135907534, 0.1311085531258715, 0.07624245181776171]], "aabb": [[-0.057003751397132874, -0.13110855221748352, -0.07624245434999466], [0.057003751397132874, 0.13110855221748352, 0.07624245434999466]], "obb": [[[0.9961483237053999, 0.01876373132552742, -0.0856530184270544, -0.00019444674975655854], [-0.08600414526072722, 0.018780531422042585, -0.9961177533994049, 0.0013507107392963554], [-0.017082276689412323, 0.9996475449008262, 0.020321953568918225, 0.0020658855466982235], [0.0, 0.0, 0.0, 1.0]], [0.12890262841386066, 0.27448609573729243, 0.15865511477551045]], "radius": 0.14732540429456048, "volume": 0.0017045606953676132, "num_verts": 1817, "num_faces": 3570, "num_hulls": 0}