{"bbox": [[-0.092519, -0.0362043, -0.040227000000000006], [0.0925171, -0.0362043, -0.040227000000000006], [0.0925171, 0.0362043, -0.040227000000000006], [-0.092519, 0.0362043, -0.040227000000000006], [-0.092519, -0.0362043, 0.040227000000000006], [0.0925171, -0.0362043, 0.040227000000000006], [0.0925171, 0.0362043, 0.040227000000000006], [-0.092519, 0.0362043, 0.040227000000000006]], "aabb": [[-0.09251900017261505, -0.036204300820827484, -0.040226999670267105], [0.09251710027456284, 0.036204300820827484, 0.040226999670267105]], "obb": [[[2.7386998578604633e-17, -5.476633788660834e-17, -1.0, -9.499999999994392e-07], [-0.8944021725241725, -0.44726362895281363, -0.0, -5.187286723897146e-07], [-0.44726362895281363, 0.8944021725241726, -6.123233995736766e-17, -0.0020113000094386644], [0.0, 0.0, 0.0, 1.0]], [0.1850361, 0.10056651233563574, 0.1021757297150862]], "radius": 0.09828573143798697, "volume": 0.0006954965168610923, "num_verts": 1146, "num_faces": 2272, "num_hulls": 0}