{"bbox": [[-0.05599481572793459, -0.024345598142578268, -0.020693758421191526], [0.05599481572793459, -0.024345598142578268, -0.020693758421191526], [0.05599481572793459, 0.024345598142578268, -0.020693758421191526], [-0.05599481572793459, 0.024345598142578268, -0.020693758421191526], [-0.05599481572793459, -0.024345598142578268, 0.020693758421191526], [0.05599481572793459, -0.024345598142578268, 0.020693758421191526], [0.05599481572793459, 0.024345598142578268, 0.020693758421191526], [-0.05599481572793459, 0.024345598142578268, 0.020693758421191526]], "aabb": [[-0.05599481612443924, -0.024345597252249718, -0.020693758502602577], [0.05599481612443924, 0.024345597252249718, 0.020693758502602577]], "obb": [[[0.029429350532077788, -0.048494183500040866, -0.9983898174029642, -0.0004912636410382011], [-0.714613396479475, -0.6994005305200357, 0.01290703220578854, 0.0007127645224793357], [-0.6989002839456634, 0.7130828928497421, -0.055237496555458405, -0.0030852094725565627], [0.0, 0.0, 0.0, 1.0]], [0.11588228918063746, 0.06471815947554688, 0.06953551627575802]], "radius": 0.05898330305401457, "volume": 8.49387979696555e-05, "num_verts": 1640, "num_faces": 3256, "num_hulls": 0}