{"bbox": [[-0.0971181, -0.0971181, -0.014778800000000002], [0.0971181, -0.0971181, -0.014778800000000002], [0.0971181, 0.0971181, -0.014778800000000002], [-0.0971181, 0.0971181, -0.014778800000000002], [-0.0971181, -0.0971181, 0.014778800000000002], [0.0971181, -0.0971181, 0.014778800000000002], [0.0971181, 0.0971181, 0.014778800000000002], [-0.0971181, 0.0971181, 0.014778800000000002]], "aabb": [[-0.09711810201406479, -0.09711810201406479, -0.014778800308704376], [0.09711810201406479, 0.09711810201406479, 0.014778800308704376]], "obb": [[[-0.013648558788628138, 0.4474168736962078, 0.8942213696702316, -0.00016165534244305053], [0.00767965513292808, 0.8943251987318078, -0.44735160870432955, 8.994136385791351e-05], [-0.9998773623500198, 0.0007616070009735591, -0.015642257341682342, -0.00020967459050098803], [0.0, 0.0, 0.0, 1.0]], [0.261380921103195, 0.26119664308167423, 0.031938214424366694]], "radius": 0.09912635872889713, "volume": 0.00028786407885595674, "num_verts": 1576, "num_faces": 3096, "num_hulls": 0}