{"bbox": [[-0.12553095299289113, -0.0382050009108782, -0.07641015182175998], [0.12553095299289113, -0.0382050009108782, -0.07641015182175998], [0.12553095299289113, 0.0382050009108782, -0.07641015182175998], [-0.12553095299289113, 0.0382050009108782, -0.07641015182175998], [-0.12553095299289113, -0.0382050009108782, 0.07641015182175998], [0.12553095299289113, -0.0382050009108782, 0.07641015182175998], [0.12553095299289113, 0.0382050009108782, 0.07641015182175998], [-0.12553095299289113, 0.0382050009108782, 0.07641015182175998]], "aabb": [[-0.12553095817565918, -0.03820500150322914, -0.07641015201807022], [0.12553095817565918, 0.03820500150322914, 0.07641015201807022]], "obb": [[[-0.00012280135640542968, 0.012392236571472374, 0.9999232057476132, -1.6313266325709495e-06], [0.9999998465523957, -0.0005386357894091732, 0.000129486183484736, -5.07709483120634e-06], [0.0005401990486948967, 0.9999230682128716, -0.012392168524707809, -1.7620574428658337e-05], [0.0, 0.0, 0.0, 1.0]], [0.2546586710519093, 0.07659133486968005, 0.15347192398190682]], "radius": 0.14764525356762428, "volume": 0.0027831732850667756, "num_verts": 169, "num_faces": 334, "num_hulls": 0}