{"bbox": [[-0.14293935340793976, -0.055929901333472753, -0.046610701111285714], [0.14293935340793976, -0.055929901333472753, -0.046610701111285714], [0.14293935340793976, 0.05593275133354071, -0.046610701111285714], [-0.14293935340793976, 0.05593275133354071, -0.046610701111285714], [-0.14293935340793976, -0.055929901333472753, 0.046610701111285714], [0.14293935340793976, -0.055929901333472753, 0.046610701111285714], [0.14293935340793976, 0.05593275133354071, 0.046610701111285714], [-0.14293935340793976, 0.05593275133354071, 0.046610701111285714]], "aabb": [[-0.14293935894966125, -0.05592990294098854, -0.04661070182919502], [0.14293935894966125, 0.055932752788066864, 0.04661070182919502]], "obb": [[[-0.0059245867349687915, -4.1948518271689185e-16, -0.9999824494819995, 4.099505090712477e-05], [0.051621022381796215, -0.9986666994102754, -0.0003058385920740055, 7.090583679338502e-05], [-0.9986491722923913, -0.05162192837337936, 0.005916687479981206, 0.0001534807583823765], [0.0, 0.0, 0.0, 1.0]], [0.2863455548831761, 0.11500855879777674, 0.10032610454717411]], "radius": 0.14716335069575304, "volume": 0.000926902033961621, "num_verts": 1685, "num_faces": 3326, "num_hulls": 0}