{"bbox": [[-0.01978259849070751, -0.056874955660785244, -0.021019018396376158], [0.01978259849070751, -0.056874955660785244, -0.021019018396376158], [0.01978259849070751, 0.056872795660950035, -0.021019018396376158], [-0.01978259849070751, 0.056872795660950035, -0.021019018396376158], [-0.01978259849070751, -0.056874955660785244, 0.021019018396376158], [0.01978259849070751, -0.056874955660785244, 0.021019018396376158], [0.01978259849070751, 0.056872795660950035, 0.021019018396376158], [-0.01978259849070751, 0.056872795660950035, 0.021019018396376158]], "aabb": [[-0.019782599061727524, -0.05687495693564415, -0.021019019186496735], [0.019782599061727524, 0.05687279626727104, 0.021019019186496735]], "obb": [[[0.9349676465168382, 0.3449264016593332, 0.08283282806417361, 0.0014530154421644958], [0.08325990723615599, 0.013603512085777338, -0.9964350115817685, -0.00018112331751469953], [-0.34482356040994555, 0.9385311512663158, -0.015999696526254565, -0.0013804384005234552], [0.0, 0.0, 0.0, 1.0]], [0.05958105003512793, 0.11767335681949606, 0.055580675622408295]], "radius": 0.05898372413171475, "volume": 7.229094585651979e-05, "num_verts": 2044, "num_faces": 3992, "num_hulls": 0}