{"bbox": [[-0.0617833, -0.0317213, -0.07681160000000001], [0.0617833, -0.0317213, -0.07681160000000001], [0.0617833, 0.031726500000000005, -0.07681160000000001], [-0.0617833, 0.031726500000000005, -0.07681160000000001], [-0.0617833, -0.0317213, 0.07681160000000001], [0.0617833, -0.0317213, 0.07681160000000001], [0.0617833, 0.031726500000000005, 0.07681160000000001], [-0.0617833, 0.031726500000000005, 0.07681160000000001]], "aabb": [[-0.06178329885005951, -0.03172130137681961, -0.07681159675121307], [0.06178329885005951, 0.031726498156785965, 0.07681159675121307]], "obb": [[[-0.20058513574222356, 0.9795256096776792, -0.01718089941896161, 0.0007877589689322502], [0.9796709598787803, 0.20049543215685905, -0.006811171296029676, 0.0003296552476111871], [-0.0032270248625143405, -0.018197847944332542, -0.9998291977336586, 0.0001420900055469423], [0.0, 0.0, 0.0, 1.0]], [0.13628200468420915, 0.07725356770420669, 0.15749955181511785]], "radius": 0.09815066185504254, "volume": 0.000411752157096633, "num_verts": 1570, "num_faces": 3092, "num_hulls": 0}