{"bbox": [[-0.10510859198085083, -0.0137097589540284, -0.05483927581609529], [0.10510859198085083, -0.0137097589540284, -0.05483927581609529], [0.10510859198085083, 0.0137097589540284, -0.05483927581609529], [-0.10510859198085083, 0.0137097589540284, -0.05483927581609529], [-0.10510859198085083, -0.0137097589540284, 0.05483927581609529], [0.10510859198085083, -0.0137097589540284, 0.05483927581609529], [0.10510859198085083, 0.0137097589540284, 0.05483927581609529], [-0.10510859198085083, 0.0137097589540284, 0.05483927581609529]], "aabb": [[-0.1051085889339447, -0.013709759339690208, -0.054839275777339935], [0.1051085889339447, 0.013709759339690208, 0.054839275777339935]], "obb": [[[-2.5515594981796743e-18, 6.11791549531529e-17, -1.0, -2.789885382720655e-21], [0.9991314229661682, 0.04167012888869133, 0.0, -4.958561018156781e-05], [0.04167012888869132, -0.9991314229661681, -6.123233995736766e-17, 4.556228595319208e-05], [0.0, 0.0, 0.0, 1.0]], [0.21021718396170166, 0.02921564902716042, 0.11137072806677963]], "radius": 0.11765343513232279, "volume": 0.0005441621681238986, "num_verts": 125, "num_faces": 246, "num_hulls": 0}