{"bbox": [[-0.07268980000000001, -0.0928814, -0.020188400000000002], [0.07268980000000001, -0.0928814, -0.020188400000000002], [0.07268980000000001, 0.0928814, -0.020188400000000002], [-0.07268980000000001, 0.0928814, -0.020188400000000002], [-0.07268980000000001, -0.0928814, 0.020191600000000004], [0.07268980000000001, -0.0928814, 0.020191600000000004], [0.07268980000000001, 0.0928814, 0.020191600000000004], [-0.07268980000000001, 0.0928814, 0.020191600000000004]], "aabb": [[-0.07268980145454407, -0.09288139641284943, -0.020188400521874428], [0.07268980145454407, 0.09288139641284943, 0.020191600546240807]], "obb": [[[-0.009872835896670097, -0.999951262367981, 1.9656313006757632e-07, 2.3444947748310564e-05], [0.012346731565612744, -0.00012170663815501543, 0.9999237687979724, -2.1029847860087512e-05], [-0.9998750348573585, 0.009872085705434477, 0.012347331404819103, -0.00031547974412900133], [0.0, 0.0, 0.0, 1.0]], [0.14598478787442193, 0.18652612875877705, 0.042185627346812034]], "radius": 0.0982667148028894, "volume": 0.00040534056560331453, "num_verts": 1659, "num_faces": 3214, "num_hulls": 0}