{"bbox": [[-0.06142960000000001, -0.01602512, -0.049403680000000005], [0.06142960000000001, -0.01602512, -0.049403680000000005], [0.06142960000000001, 0.01602512, -0.049403680000000005], [-0.06142960000000001, 0.01602512, -0.049403680000000005], [-0.06142960000000001, -0.01602512, 0.049410720000000005], [0.06142960000000001, -0.01602512, 0.049410720000000005], [0.06142960000000001, 0.01602512, 0.049410720000000005], [-0.06142960000000001, 0.01602512, 0.049410720000000005]], "aabb": [[-0.06142960116267204, -0.01602512039244175, -0.04940367862582207], [0.06142960116267204, 0.01602512039244175, 0.04941071942448616]], "obb": [[[0.0008036644901388006, -0.013494474375227857, 0.9999086224674351, 0.00034446243921220396], [0.999746841627421, 0.022494503790461636, -0.0004999552154345182, 8.366593775298683e-05], [-0.022485701665365548, 0.9996558890240966, 0.0135091361699759, 1.4025401958666607e-05], [0.0, 0.0, 0.0, 1.0]], [0.12412006017662222, 0.03251786822963815, 0.10058449204201206]], "radius": 0.07810574087655273, "volume": 0.00034422621984663677, "num_verts": 269, "num_faces": 530, "num_hulls": 0}