{"bbox": [[-0.1079507917640082, -0.04654403644897183, -0.04693511641913479], [0.10794719176428286, -0.04654403644897183, -0.04693511641913479], [0.10794719176428286, 0.046926356419803125, -0.04693511641913479], [-0.1079507917640082, 0.046926356419803125, -0.04693511641913479], [-0.1079507917640082, -0.04654403644897183, 0.04693511641913479], [0.10794719176428286, -0.04654403644897183, 0.04693511641913479], [0.10794719176428286, 0.046926356419803125, 0.04693511641913479], [-0.1079507917640082, 0.046926356419803125, 0.04693511641913479]], "aabb": [[-0.10795079171657562, -0.04654403775930405, -0.04693511500954628], [0.10794719308614731, 0.046926356852054596, 0.04693511500954628]], "obb": [[[-3.471793327470782e-17, -0.03675897850032613, -0.9993241603702038, 0.001232257849420407], [-0.5622930884575452, -0.8263791387390699, 0.030397396759400154, -0.0003581873523073343], [-0.8269380162218177, 0.561913068504805, -0.020669319549492856, -0.005246573324592745], [0.0, 0.0, 0.0, 1.0]], [0.2195146975088974, 0.13194811127891076, 0.12950883586273293]], "radius": 0.11794528269864837, "volume": 0.0011241224049519387, "num_verts": 1232, "num_faces": 2436, "num_hulls": 0}