{"bbox": [[-0.1004437123367529, -0.03493691733452474, -0.05895611550200534], [0.1004437123367529, -0.03493691733452474, -0.05895611550200534], [0.1004437123367529, 0.03493691733452474, -0.05895611550200534], [-0.1004437123367529, 0.03493691733452474, -0.05895611550200534], [-0.1004437123367529, -0.03493691733452474, 0.05895611550200534], [0.1004437123367529, -0.03493691733452474, 0.05895611550200534], [0.1004437123367529, 0.03493691733452474, 0.05895611550200534], [-0.1004437123367529, 0.03493691733452474, 0.05895611550200534]], "aabb": [[-0.10044371336698532, -0.03493691608309746, -0.05895611643791199], [0.10044371336698532, 0.03493691608309746, 0.05895611643791199]], "obb": [[[0.00196875967561881, 0.013948715411944566, 0.9999007737389227, -7.737833846654521e-06], [0.9997787075698602, 0.020914755892409626, -0.0022602822612171588, -0.00037000357474921175], [-0.020944208633393465, 0.999683953219375, -0.013904452538787344, -0.00016721580232921223], [0.0, 0.0, 0.0, 1.0]], [0.20412347961173294, 0.07176401177473123, 0.12140926365450458]], "radius": 0.11716561507031113, "volume": 0.0015647377594523643, "num_verts": 218, "num_faces": 432, "num_hulls": 0}