{"bbox": [[-0.09446171279314325, -0.06297443519543189, -0.11141639149960392], [0.09445895279335383, -0.06297443519543189, -0.11141639149960392], [0.09445895279335383, 0.06297443519543189, -0.11141639149960392], [-0.09446171279314325, 0.06297443519543189, -0.11141639149960392], [-0.09446171279314325, -0.06297443519543189, 0.11141639149960392], [0.09445895279335383, -0.06297443519543189, 0.11141639149960392], [0.09445895279335383, 0.06297443519543189, 0.11141639149960392], [-0.09446171279314325, 0.06297443519543189, 0.11141639149960392]], "aabb": [[-0.09446170926094055, -0.06297443807125092, -0.11141639202833176], [0.09445895254611969, 0.06297443807125092, 0.11141639202833176]], "obb": [[[-0.6643448876189354, -0.7474261605016074, -6.994576096884079e-05, 0.0004578741413645058], [-0.7474261572592228, 0.6643448912751854, -6.986611581302686e-05, 0.0006653810347094798], [9.868787165729593e-05, 5.864094479335943e-06, -0.9999999951131582, 6.853479364656917e-07], [0.0, 0.0, 0.0, 1.0]], [0.2031951946629607, 0.20110586692391796, 0.22284912253021244]], "radius": 0.11758992048099291, "volume": 0.0022691908825666005, "num_verts": 2291, "num_faces": 4546, "num_hulls": 0}