{"bbox": [[-0.04438295661384914, -0.044872736576481886, -0.040970756874179316], [0.044384996613693495, -0.044872736576481886, -0.040970756874179316], [0.044384996613693495, 0.044872736576481886, -0.040970756874179316], [-0.04438295661384914, 0.044872736576481886, -0.040970756874179316], [-0.04438295661384914, -0.044872736576481886, 0.040970756874179316], [0.044384996613693495, -0.044872736576481886, 0.040970756874179316], [0.044384996613693495, 0.044872736576481886, 0.040970756874179316], [-0.04438295661384914, 0.044872736576481886, 0.040970756874179316]], "aabb": [[-0.04438295587897301, -0.04487273842096329, -0.040970757603645325], [0.044384997338056564, 0.04487273842096329, 0.040970757603645325]], "obb": [[[0.026782103402201652, -0.9996412951340865, -1.1388207816655666e-17, 0.0010031405649764927], [0.00891757801703453, 0.00023891719731060373, 0.9999602090687825, 0.0002902299264330128], [-0.9996015184760696, -0.02678103771736731, 0.008920777943490592, -0.000344807746221077], [0.0, 0.0, 0.0, 1.0]], [0.09093008583288859, 0.09057005336721571, 0.08427205799148076]], "radius": 0.0599641629689198, "volume": 0.00016108361479210686, "num_verts": 1998, "num_faces": 3888, "num_hulls": 0}