{"bbox": [[-0.040459556913180775, -0.10947887164742495, -0.052359476005289], [0.040459556913180775, -0.10947887164742495, -0.052359476005289], [0.040459556913180775, 0.10947887164742495, -0.052359476005289], [-0.040459556913180775, 0.10947887164742495, -0.052359476005289], [-0.040459556913180775, -0.10947887164742495, 0.052359476005289], [0.040459556913180775, -0.10947887164742495, 0.052359476005289], [0.040459556913180775, 0.10947887164742495, 0.052359476005289], [-0.040459556913180775, 0.10947887164742495, 0.052359476005289]], "aabb": [[-0.04045955836772919, -0.10947886854410172, -0.05235947668552399], [0.04045955836772919, 0.10947886854410172, 0.05235947668552399]], "obb": [[[0.9992009667697681, -9.360617527812178e-07, 0.03996783713793561, 0.0005266657545800371], [-0.039967837148897074, -2.3401661810958776e-05, 0.9992009664957302, 7.522125085768601e-05], [-6.123243525669357e-17, -0.9999999997257429, -2.3420375469225643e-05, 5.018321334555808e-07], [0.0, 0.0, 0.0, 1.0]], [0.08832888916853246, 0.22255287148328953, 0.10472344660743357]], "radius": 0.11794638765749255, "volume": 0.0006919346680668674, "num_verts": 1678, "num_faces": 3268, "num_hulls": 0}