{"bbox": [[-0.028465280000000003, -0.07702368, -0.0251164], [0.028465280000000003, -0.07702368, -0.0251164], [0.028465280000000003, 0.07702368, -0.0251164], [-0.028465280000000003, 0.07702368, -0.0251164], [-0.028465280000000003, -0.07702368, 0.0251164], [0.028465280000000003, -0.07702368, 0.0251164], [0.028465280000000003, 0.07702368, 0.0251164], [-0.028465280000000003, 0.07702368, 0.0251164]], "aabb": [[-0.028465280309319496, -0.07702367752790451, -0.02511640079319477], [0.028465280309319496, 0.07702367752790451, 0.02511640079319477]], "obb": [[[-0.14141823470465875, -0.9899499395893805, -6.123233995736767e-17, -0.0020761953013973336], [-5.195758181810605e-17, 6.9276320665319e-17, -1.0, 1.5993525001488264e-19], [0.9899499395893805, -0.14141823470465875, -6.123233995736766e-17, -0.0005357455476088578], [0.0, 0.0, 0.0, 1.0]], [0.06248975346303397, 0.15404736, 0.058069221572139944]], "radius": 0.07862710789954314, "volume": 0.00018198893784356272, "num_verts": 1335, "num_faces": 2606, "num_hulls": 0}