{"bbox": [[-0.07646243416637923, -0.06981359467364542, -0.06316463518092078], [0.07646243416637923, -0.06981359467364542, -0.06316463518092078], [0.07646243416637923, 0.06981359467364542, -0.06316463518092078], [-0.07646243416637923, 0.06981359467364542, -0.06316463518092078], [-0.07646243416637923, -0.06981359467364542, 0.06316463518092078], [0.07646243416637923, -0.06981359467364542, 0.06316463518092078], [0.07646243416637923, 0.06981359467364542, 0.06316463518092078], [-0.07646243416637923, 0.06981359467364542, 0.06316463518092078]], "aabb": [[-0.07646243274211884, -0.06981359422206879, -0.06316463649272919], [0.07646243274211884, 0.06981359422206879, 0.06316463649272919]], "obb": [[[-0.011435247152080982, 1.6351074140124e-05, 0.9999346152900265, 0.00035630684621883424], [0.0014298822935092366, 0.9999989777177909, -4.642422923177731e-17, -8.323580635377533e-05], [-0.9999335930746588, 0.0014297888010701787, -0.011435258842142654, 0.0004051176695676392], [0.0, 0.0, 0.0, 1.0]], [0.1550098065846926, 0.13980612527686942, 0.12764927789979932]], "radius": 0.11724294006379817, "volume": 0.0005697793781797838, "num_verts": 1021, "num_faces": 1958, "num_hulls": 0}