{"bbox": [[-0.11787180281028277, -0.10762215256591207, -0.05124855122186067], [0.11787180281028277, -0.10762215256591207, -0.05124855122186067], [0.11787180281028277, 0.10762215256591207, -0.05124855122186067], [-0.11787180281028277, 0.10762215256591207, -0.05124855122186067], [-0.11787180281028277, -0.10762215256591207, 0.051242851221724776], [0.11787180281028277, -0.10762215256591207, 0.051242851221724776], [0.11787180281028277, 0.10762215256591207, 0.051242851221724776], [-0.11787180281028277, 0.10762215256591207, 0.051242851221724776]], "aabb": [[-0.11787180602550507, -0.10762215405702591, -0.05124855041503906], [0.11787180602550507, 0.10762215405702591, 0.051242850720882416]], "obb": [[[-0.010512966453801753, -7.56141205713264e-05, -0.9999447343822786, 0.0004441635936865728], [0.007192276810052168, -0.9999741352426511, -7.22503910078346e-17, -0.0003266648429553308], [-0.9999188710543615, -0.007191879324431439, 0.010513238376161306, -3.25574528758606e-05], [0.0, 0.0, 0.0, 1.0]], [0.23687417355732054, 0.2159751138209108, 0.10480359302249084]], "radius": 0.1475857817036785, "volume": 0.0012860607974337108, "num_verts": 2786, "num_faces": 5520, "num_hulls": 0}