{"bbox": [[-0.05573345574787478, -0.02302037824368452, -0.02180873833612531], [0.05573345574787478, -0.02302037824368452, -0.02180873833612531], [0.05573345574787478, 0.023019538243748607, -0.02180873833612531], [-0.05573345574787478, 0.023019538243748607, -0.02180873833612531], [-0.05573345574787478, -0.02302037824368452, 0.02180873833612531], [0.05573345574787478, -0.02302037824368452, 0.02180873833612531], [0.05573345574787478, 0.023019538243748607, 0.02180873833612531], [-0.05573345574787478, 0.023019538243748607, 0.02180873833612531]], "aabb": [[-0.05573345720767975, -0.02302037738263607, -0.021808737888932228], [0.05573345720767975, 0.023019537329673767, 0.021808737888932228]], "obb": [[[0.010330598636325293, 0.03675049718817702, -0.9992710741776912, -9.678276429215812e-05], [-0.10983501953440655, -0.9932359685483848, -0.0376640314574582, 0.001365677670068767], [-0.9938961450854368, 0.1101440499444871, -0.006224230565672596, -0.0005708465118225922], [0.0, 0.0, 0.0, 1.0]], [0.11428435273585649, 0.05325912260668022, 0.04948762379522663]], "radius": 0.059269120232718756, "volume": 7.625862052207415e-05, "num_verts": 1773, "num_faces": 3450, "num_hulls": 0}