{"bbox": [[-0.035186600000000005, -0.095221, -0.0310503], [0.035190400000000004, -0.095221, -0.0310503], [0.035190400000000004, 0.095221, -0.0310503], [-0.035186600000000005, 0.095221, -0.0310503], [-0.035186600000000005, -0.095221, 0.0310503], [0.035190400000000004, -0.095221, 0.0310503], [0.035190400000000004, 0.095221, 0.0310503], [-0.035186600000000005, 0.095221, 0.0310503]], "aabb": [[-0.03518659994006157, -0.09522099792957306, -0.0310503002256155], [0.035190399736166, 0.09522099792957306, 0.0310503002256155]], "obb": [[[-1.9796578176381058e-05, 0.9999999997901424, 5.273590623819284e-06, 2.0429269008117033e-06], [0.061108702669994235, 6.473478110163226e-06, -0.9981311168459204, -0.00044221700881815385], [-0.9981311166705935, -1.9437318403484555e-05, -0.06110870278532283, -0.00418771348788639], [0.0, 0.0, 0.0, 1.0]], [0.07037926926463924, 0.19504643284466394, 0.07177594507346166]], "radius": 0.09860330385632572, "volume": 0.0003084300777044842, "num_verts": 1624, "num_faces": 3168, "num_hulls": 0}