{"bbox": [[-0.0291972, -0.0746116, -0.03081928], [0.0291972, -0.0746116, -0.03081928], [0.0291972, 0.0746152, -0.03081928], [-0.0291972, 0.0746152, -0.03081928], [-0.0291972, -0.0746116, 0.03054896], [0.0291972, -0.0746116, 0.03054896], [0.0291972, 0.0746152, 0.03054896], [-0.0291972, 0.0746152, 0.03054896]], "aabb": [[-0.029197199270129204, -0.074611596763134, -0.030819280073046684], [0.029197199270129204, 0.07461520284414291, 0.030548959970474243]], "obb": [[[-0.9992654723613107, -0.010795818404597297, 0.036769090980085094, -0.0006365892574987746], [0.03717949567093399, -0.04065859971407497, 0.9984811281996999, -0.00020230927204851036], [-0.009284441188451708, 0.9991147724732458, 0.041030117932472486, -0.001287665096580046], [0.0, 0.0, 0.0, 1.0]], [0.06223807927050507, 0.15343507398498094, 0.06798250877579025]], "radius": 0.07862322786653826, "volume": 0.00022774655573614612, "num_verts": 1662, "num_faces": 3268, "num_hulls": 0}