{"bbox": [[-0.03258089751427479, -0.031417257603053465, -0.053525755916308905], [0.03258089751427479, -0.031417257603053465, -0.053525755916308905], [0.03258089751427479, 0.031417257603053465, -0.053525755916308905], [-0.03258089751427479, 0.031417257603053465, -0.053525755916308905], [-0.03258089751427479, -0.031417257603053465, 0.05352569591631348], [0.03258089751427479, -0.031417257603053465, 0.05352569591631348], [0.03258089751427479, 0.031417257603053465, 0.05352569591631348], [-0.03258089751427479, 0.031417257603053465, 0.05352569591631348]], "aabb": [[-0.0325808972120285, -0.03141725808382034, -0.05352575704455376], [0.0325808972120285, 0.03141725808382034, 0.05352569743990898]], "obb": [[[0.9604151442582732, 0.23028334673154946, 0.1567556407198069, 0.001166955336274079], [-0.1969636371286975, 0.9592761942399362, -0.20247100734075196, -0.0045937223633251475], [-0.19699765564187563, 0.1635810605866737, 0.9666608300168907, -0.003607835519825986], [0.0, 0.0, 0.0, 1.0]], [0.08746150149121712, 0.09030936307468918, 0.12457595718944596]], "radius": 0.05888364446262215, "volume": 0.00010959615425493048, "num_verts": 3847, "num_faces": 7582, "num_hulls": 0}