{"bbox": [[-0.11648219111311409, -0.1164793111133338, -0.01772459864772044], [0.11648219111311409, -0.1164793111133338, -0.01772459864772044], [0.11648219111311409, 0.11648219111311409, -0.01772459864772044], [-0.11648219111311409, 0.11648219111311409, -0.01772459864772044], [-0.11648219111311409, -0.1164793111133338, 0.0177255586476472], [0.11648219111311409, -0.1164793111133338, 0.0177255586476472], [0.11648219111311409, 0.11648219111311409, 0.0177255586476472], [-0.11648219111311409, 0.11648219111311409, 0.0177255586476472]], "aabb": [[-0.1164821907877922, -0.1164793074131012, -0.017724597826600075], [0.1164821907877922, 0.1164821907877922, 0.017725558951497078]], "obb": [[[-0.013724866101482021, 0.44720009206448996, 0.8943286340646865, 0.00017542933640016286], [-0.0047603873608622225, -0.8944319665670589, 0.44717870688926853, 5.78359989030309e-05], [0.9998944778138696, 0.0018801171494303784, 0.014404804644058349, -7.590107367138719e-05], [0.0, 0.0, 0.0, 1.0]], [0.31348594332769847, 0.31317065451612697, 0.03764497629988896]], "radius": 0.1190058569598509, "volume": 0.0005006687610064394, "num_verts": 1593, "num_faces": 3130, "num_hulls": 0}