{"bbox": [[-0.0974, -0.0338783, -0.0317609], [0.0974, -0.0338783, -0.0317609], [0.0974, 0.0338783, -0.0317609], [-0.0974, 0.0338783, -0.0317609], [-0.0974, -0.0338783, 0.031759100000000005], [0.0974, -0.0338783, 0.031759100000000005], [0.0974, 0.0338783, 0.031759100000000005], [-0.0974, 0.0338783, 0.031759100000000005]], "aabb": [[-0.09740000218153, -0.033878300338983536, -0.03176090121269226], [0.09740000218153, 0.033878300338983536, 0.031759098172187805]], "obb": [[[0.08442996276903542, 6.123233995736766e-17, 0.9964294161589268, 0.0007790965901141118], [5.58438605709033e-17, 1.0, -6.618354893662625e-17, 2.5591268822902726e-19], [-0.9964294161589267, 6.123233995736766e-17, 0.0844299627690354, -0.004958467955102019], [0.0, 0.0, 0.0, 1.0]], [0.2002647375533258, 0.06775660000000001, 0.07639972793617143]], "radius": 0.09852141633280334, "volume": 0.00032112363829233856, "num_verts": 1475, "num_faces": 2902, "num_hulls": 0}