{"bbox": [[-0.097066, -0.09706240000000001, -0.016881], [0.097066, -0.09706240000000001, -0.016881], [0.097066, 0.097066, -0.016881], [-0.097066, 0.097066, -0.016881], [-0.097066, -0.09706240000000001, 0.016881], [0.097066, -0.09706240000000001, 0.016881], [0.097066, 0.097066, 0.016881], [-0.097066, 0.097066, 0.016881]], "aabb": [[-0.0970660001039505, -0.09706240147352219, -0.016881000250577927], [0.0970660001039505, 0.0970660001039505, 0.016881000250577927]], "obb": [[[0.01577292971808898, 0.4457262803748415, 0.89503033338056, -0.00023443600843237438], [-0.004533488497904182, 0.8951643685259236, -0.44571313734690826, 0.0001376654746450402], [-0.999865322015994, 0.002972592268145613, 0.016140059636189856, -0.00018497987690803695], [0.0, 0.0, 0.0, 1.0]], [0.2620841926599873, 0.261313402830161, 0.03671832375885161]], "radius": 0.09916889244858995, "volume": 0.000464620904758986, "num_verts": 1365, "num_faces": 2678, "num_hulls": 0}