{"bbox": [[-0.026337199999999998, -0.06730616, -0.04828488], [0.026337199999999998, -0.06730616, -0.04828488], [0.026337199999999998, 0.06730616, -0.04828488], [-0.026337199999999998, 0.06730616, -0.04828488], [-0.026337199999999998, -0.06730616, 0.04828488], [0.026337199999999998, -0.06730616, 0.04828488], [0.026337199999999998, 0.06730616, 0.04828488], [-0.026337199999999998, 0.06730616, 0.04828488]], "aabb": [[-0.02633720077574253, -0.06730616092681885, -0.04828488081693649], [0.02633720077574253, 0.06730616092681885, 0.04828488081693649]], "obb": [[[-0.9880201260805629, -0.15294562355780633, 0.020588023078048284, 0.004006344155247526], [-0.021026716885481876, 0.0012511912730241985, -0.9997781312358336, -9.880206159606728e-05], [0.15288593014651883, -0.988233813808712, -0.00445214648474775, -0.0016397511112926143], [0.0, 0.0, 0.0, 1.0]], [0.06535188981572491, 0.13571762932964188, 0.10727033328635083]], "radius": 0.07860575749131216, "volume": 0.00019215563996544124, "num_verts": 1930, "num_faces": 3752, "num_hulls": 0}