{"bbox": [[-0.05145767607409087, -0.020135578463777275, -0.031322037610318175], [0.05145089607460815, -0.020135578463777275, -0.031322037610318175], [0.05145089607460815, 0.020135578463777275, -0.031322037610318175], [-0.05145767607409087, 0.020135578463777275, -0.031322037610318175], [-0.05145767607409087, -0.020135578463777275, 0.031322037610318175], [0.05145089607460815, -0.020135578463777275, 0.031322037610318175], [0.05145089607460815, 0.020135578463777275, 0.031322037610318175], [-0.05145767607409087, 0.020135578463777275, 0.031322037610318175]], "aabb": [[-0.05145767703652382, -0.020135577768087387, -0.03132203593850136], [0.05145089700818062, 0.020135577768087387, 0.03132203593850136]], "obb": [[[-2.9133294357858706e-18, -6.116299508896885e-17, -1.0, -3.3899997413586096e-06], [-0.9988675123562633, 0.047578280330528674, -0.0, 7.341392655024123e-05], [0.047578280330528674, 0.9988675123562631, -6.123233995736766e-17, -0.00013676286412355734], [0.0, 0.0, 0.0, 1.0]], [0.10290857214869903, 0.04271176370443981, 0.06508426994443768]], "radius": 0.059120779585075035, "volume": 0.00022273432844405183, "num_verts": 501, "num_faces": 994, "num_hulls": 0}