{"bbox": [[-0.07746112000000001, -0.01683936, -0.04377808], [0.07746112000000001, -0.01683936, -0.04377808], [0.07746112000000001, 0.01683936, -0.04377808], [-0.07746112000000001, 0.01683936, -0.04377808], [-0.07746112000000001, -0.01683936, 0.0437824], [0.07746112000000001, -0.01683936, 0.0437824], [0.07746112000000001, 0.01683936, 0.0437824], [-0.07746112000000001, 0.01683936, 0.0437824]], "aabb": [[-0.0774611234664917, -0.01683936081826687, -0.043778080493211746], [0.0774611234664917, 0.01683936081826687, 0.04378240182995796]], "obb": [[[-4.3632225874354e-18, -6.107668741268749e-17, -1.0, 5.11639221447691e-20], [-0.9974580010368941, 0.07125683242667592, -0.0, -5.975469229000943e-05], [0.07125683242667592, 0.9974580010368941, -6.123233995736766e-17, -0.0008355702587944772], [0.0, 0.0, 0.0, 1.0]], [0.15492224000000002, 0.03545697730593455, 0.08968055937053346]], "radius": 0.07880388863814274, "volume": 0.0003204803968737663, "num_verts": 531, "num_faces": 1054, "num_hulls": 0}