{"bbox": [[-0.0833482, -0.0163072, -0.0543575], [0.0833482, -0.0163072, -0.0543575], [0.0833482, 0.0163072, -0.0543575], [-0.0833482, 0.0163072, -0.0543575], [-0.0833482, -0.0163072, 0.0543575], [0.0833482, -0.0163072, 0.0543575], [0.0833482, 0.0163072, 0.0543575], [-0.0833482, 0.0163072, 0.0543575]], "aabb": [[-0.08334819972515106, -0.016307199373841286, -0.05435749888420105], [0.08334819972515106, 0.016307199373841286, 0.05435749888420105]], "obb": [[[4.262041903701834e-18, 6.108383137513342e-17, -1.0, -3.852059012558371e-21], [0.9975746707975287, -0.0696044264627031, 0.0, 4.651034635724794e-06], [-0.0696044264627031, -0.9975746707975288, -6.123233995736766e-17, 6.290889773672417e-05], [0.0, 0.0, 0.0, 1.0]], [0.1666964, 0.03553732517331178, 0.111017397644772]], "radius": 0.09866796388975958, "volume": 0.00044523009838446173, "num_verts": 582, "num_faces": 1124, "num_hulls": 0}