{"bbox": [[-0.024140758158206318, -0.07443407432113079, -0.09253967293978325], [0.024140158158252094, -0.07443407432113079, -0.09253967293978325], [0.024140158158252094, 0.07443407432113079, -0.09253967293978325], [-0.024140758158206318, 0.07443407432113079, -0.09253967293978325], [-0.024140758158206318, -0.07443407432113079, 0.09253967293978325], [0.024140158158252094, -0.07443407432113079, 0.09253967293978325], [0.024140158158252094, 0.07443407432113079, 0.09253967293978325], [-0.024140758158206318, 0.07443407432113079, 0.09253967293978325]], "aabb": [[-0.02414075843989849, -0.0744340717792511, -0.09253967553377151], [0.02414015866816044, 0.0744340717792511, 0.09253967553377151]], "obb": [[[0.9987298405603277, -0.005731886618493138, -0.05005847630656955, 0.0010700625776165528], [-0.005724700250521433, -0.9999835726029668, 0.0002869342240663251, -2.9199456802020617e-05], [-0.0500592986505437, -1.223050908502187e-16, -0.9987462473614686, 0.0001356053946242606], [0.0, 0.0, 0.0, 1.0]], [0.053845225642482154, 0.1493053381614125, 0.18859923994115396]], "radius": 0.1178480442868198, "volume": 0.0006704179014136705, "num_verts": 453, "num_faces": 886, "num_hulls": 0}