{"bbox": [[-0.052412851249619745, -0.1418230533813251, -0.04932720117605212], [0.052412851249619745, -0.1418230533813251, -0.04932720117605212], [0.052412851249619745, 0.1418230533813251, -0.04932720117605212], [-0.052412851249619745, 0.1418230533813251, -0.04932720117605212], [-0.052412851249619745, -0.1418230533813251, 0.04932975117611292], [0.052412851249619745, -0.1418230533813251, 0.04932975117611292], [0.052412851249619745, 0.1418230533813251, 0.04932975117611292], [-0.052412851249619745, 0.1418230533813251, 0.04932975117611292]], "aabb": [[-0.05241285264492035, -0.14182305335998535, -0.04932720214128494], [0.05241285264492035, 0.14182305335998535, 0.04932975023984909]], "obb": [[[0.0023805938330711037, -0.9999964542509702, -0.001193423013627212, 5.3116622712082444e-05], [-0.0011972494200085159, 0.0011905753693710961, -0.9999985745610421, -3.0943599530702845e-05], [0.9999964496771117, 0.002382019264690801, -0.0011944108984804152, -3.746256913053507e-05], [0.0, 0.0, 0.0, 1.0]], [0.10528477206788016, 0.283914730680323, 0.09935102219791879]], "radius": 0.14814313572261914, "volume": 0.0011933045983802582, "num_verts": 1675, "num_faces": 3266, "num_hulls": 0}