{"bbox": [[-0.056040901336119206, -0.14320305341422684, -0.04981410118766072], [0.056040901336119206, -0.14320305341422684, -0.04981410118766072], [0.056040901336119206, 0.14321565341452727, -0.04981410118766072], [-0.056040901336119206, 0.14321565341452727, -0.04981410118766072], [-0.056040901336119206, -0.14320305341422684, 0.04981020118756773], [0.056040901336119206, -0.14320305341422684, 0.04981020118756773], [0.056040901336119206, 0.14321565341452727, 0.04981020118756773], [-0.056040901336119206, 0.14321565341452727, 0.04981020118756773]], "aabb": [[-0.05604090169072151, -0.14320304989814758, -0.04981410130858421], [0.05604090169072151, 0.14321565628051758, 0.049810200929641724]], "obb": [[[-0.08529598870605921, -0.9958260475352525, 0.032481954389667694, 0.0018210486689085753], [0.04303603331351997, 0.02888806811071499, 0.9986557862233957, -0.0007279719639241533], [-0.9954257853538322, 0.0865792271341534, 0.040392366624886634, -0.001652709028948859], [0.0, 0.0, 0.0, 1.0]], [0.12446926487379945, 0.29379051796723993, 0.12191704964132372]], "radius": 0.14817182049935523, "volume": 0.001361937156287698, "num_verts": 1535, "num_faces": 2998, "num_hulls": 0}