{"bbox": [[-0.03384095741813984, -0.015382258826426787, -0.04717217640104855], [0.03384095741813984, -0.015382258826426787, -0.04717217640104855], [0.03384095741813984, 0.015382258826426787, -0.04717217640104855], [-0.03384095741813984, 0.015382258826426787, -0.04717217640104855], [-0.03384095741813984, -0.015382258826426787, 0.047172236401043975], [0.03384095741813984, -0.015382258826426787, 0.047172236401043975], [0.03384095741813984, 0.015382258826426787, 0.047172236401043975], [-0.03384095741813984, 0.015382258826426787, 0.047172236401043975]], "aabb": [[-0.033840958029031754, -0.015382259152829647, -0.0471721775829792], [0.033840958029031754, 0.015382259152829647, 0.04717223718762398]], "obb": [[[0.003714181216336785, 0.9999930963344049, -0.0001101881185663435, 1.620010905126473e-06], [0.9999309031376917, -0.003715179139616744, -0.011152864842740364, -0.0002762309379413745], [-0.0111531972156906, -6.875674380583773e-05, -0.9999377987976943, 1.6132022321271287e-05], [0.0, 0.0, 0.0, 1.0]], [0.06790461809842481, 0.03179664018867012, 0.09497158775321574]], "radius": 0.05868121910733787, "volume": 0.000141763653779171, "num_verts": 262, "num_faces": 516, "num_hulls": 0}