{"bbox": [[-0.02730952, -0.07077392, -0.03846408], [0.02730952, -0.07077392, -0.03846408], [0.02730952, 0.07077392, -0.03846408], [-0.02730952, 0.07077392, -0.03846408], [-0.02730952, -0.07077392, 0.0382036], [0.02730952, -0.07077392, 0.0382036], [0.02730952, 0.07077392, 0.0382036], [-0.02730952, 0.07077392, 0.0382036]], "aabb": [[-0.027309520170092583, -0.07077392190694809, -0.038464080542325974], [0.027309520170092583, 0.07077392190694809, 0.03820360079407692]], "obb": [[[0.9989269914786398, 0.04094110964664618, -0.02164927796336279, 0.001389724497392546], [-0.020191278706431722, -0.03569641434504271, -0.9991586852282803, -0.0005765366521544219], [-0.041679466882781076, 0.9985237060499906, -0.03483145843284245, -0.0011644580954673826], [0.0, 0.0, 0.0, 1.0]], [0.05989361500760258, 0.1458481864164284, 0.08379843420583136]], "radius": 0.07882751723495587, "volume": 0.00020310173302357583, "num_verts": 1586, "num_faces": 3084, "num_hulls": 0}