{"bbox": [[-0.01526216, -0.04717392, -0.06382360000000001], [0.01526216, -0.04717392, -0.06382360000000001], [0.01526216, 0.04717392, -0.06382360000000001], [-0.01526216, 0.04717392, -0.06382360000000001], [-0.01526216, -0.04717392, 0.06382360000000001], [0.01526216, -0.04717392, 0.06382360000000001], [0.01526216, 0.04717392, 0.06382360000000001], [-0.01526216, 0.04717392, 0.06382360000000001]], "aabb": [[-0.015262160450220108, -0.04717392101883888, -0.06382360309362411], [0.015262160450220108, 0.04717392101883888, 0.06382360309362411]], "obb": [[[0.9995729720875991, -0.0022712060421484197, 0.029132715202634725, -0.0005586524305498409], [0.002244761882620533, 0.9999970383543745, 0.0009403863941436279, 3.96378292256792e-05], [-0.02913476473311651, -0.0008745888142807722, 0.9995751100234298, -6.604105775385342e-08], [0.0, 0.0, 0.0, 1.0]], [0.033528869813461405, 0.09454821972853157, 0.12925094247308846]], "radius": 0.07834410835438234, "volume": 0.00018639058284072025, "num_verts": 372, "num_faces": 720, "num_hulls": 0}