{"bbox": [[-0.07951859393321274, -0.0501313161752841, -0.07951859393321274], [0.07951859393321274, -0.0501313161752841, -0.07951859393321274], [0.07951859393321274, 0.0501313161752841, -0.07951859393321274], [-0.07951859393321274, 0.0501313161752841, -0.07951859393321274], [-0.07951859393321274, -0.0501313161752841, 0.07951859393321274], [0.07951859393321274, -0.0501313161752841, 0.07951859393321274], [0.07951859393321274, 0.0501313161752841, 0.07951859393321274], [-0.07951859393321274, 0.0501313161752841, 0.07951859393321274]], "aabb": [[-0.07951859384775162, -0.05013131722807884, -0.07951859384775162], [0.07951859384775162, 0.05013131722807884, 0.07951859384775162]], "obb": [[[-0.005627330898031303, 0.9997540263721347, -0.021452736414475215, 3.501010406965092e-05], [0.9997565114015732, 0.0051670117560759735, -0.02145273641447531, -0.00014383233579608277], [-0.02133661306581821, -0.02156823456422573, -0.9995396741503871, 0.0005587412296844769], [0.0, 0.0, 0.0, 1.0]], [0.16211887257868765, 0.1046294483288339, 0.16718567007280374]], "radius": 0.11768888249149677, "volume": 0.0023905781434989826, "num_verts": 393, "num_faces": 778, "num_hulls": 0}