{"bbox": [[-0.034899000000000006, -0.09443270000000001, -0.0369519], [0.034899000000000006, -0.09443270000000001, -0.0369519], [0.034899000000000006, 0.09443270000000001, -0.0369519], [-0.034899000000000006, 0.09443270000000001, -0.0369519], [-0.034899000000000006, -0.09443270000000001, 0.0369519], [0.034899000000000006, -0.09443270000000001, 0.0369519], [0.034899000000000006, 0.09443270000000001, 0.0369519], [-0.034899000000000006, 0.09443270000000001, 0.0369519]], "aabb": [[-0.03489900007843971, -0.09443269670009613, -0.03695189952850342], [0.03489900007843971, 0.09443269670009613, 0.03695189952850342]], "obb": [[[0.9998172682634531, -0.0029305623318228446, -0.01889025904072673, -0.0003026879105807136], [-0.018944003151817403, -0.01954641551651415, -0.9996294625435166, -0.0001374529913508297], [0.0025602395962857124, 0.9998046556427286, -0.019598360348114196, 1.1560410037025924e-05], [0.0, 0.0, 0.0, 1.0]], [0.07193752602311285, 0.19220056667831673, 0.0770320977643797]], "radius": 0.09866615787923436, "volume": 0.0004231565531668509, "num_verts": 1244, "num_faces": 2436, "num_hulls": 0}