{"bbox": [[-0.047065256409205905, -0.018413338595173752, -0.033762117424154865], [0.047065256409205905, -0.018413338595173752, -0.033762117424154865], [0.047065256409205905, 0.018413338595173752, -0.033762117424154865], [-0.047065256409205905, 0.018413338595173752, -0.033762117424154865], [-0.047065256409205905, -0.018413338595173752, 0.033764217423994644], [0.047065256409205905, -0.018413338595173752, 0.033764217423994644], [0.047065256409205905, 0.018413338595173752, 0.033764217423994644], [-0.047065256409205905, 0.018413338595173752, 0.033764217423994644]], "aabb": [[-0.04706525802612305, -0.01841333881020546, -0.033762115985155106], [0.04706525802612305, 0.01841333881020546, 0.03376421704888344]], "obb": [[[-2.714794638117812e-18, 6.117212883926382e-17, -1.0, 1.516104412461116e-20], [0.9990166778185227, 0.044335961029873396, 0.0, -0.0004884831780909048], [0.044335961029873396, -0.9990166778185225, -6.123233995736766e-17, -0.00024759864044338124], [0.0, 0.0, 0.0, 1.0]], [0.09413051281841181, 0.03946517529910956, 0.06883131003136539]], "radius": 0.059002530830681854, "volume": 0.00021870125140256244, "num_verts": 289, "num_faces": 570, "num_hulls": 0}