{"bbox": [[-0.035556500000000005, -0.09086670000000001, -0.0395073], [0.035556500000000005, -0.09086670000000001, -0.0395073], [0.035556500000000005, 0.09086670000000001, -0.0395073], [-0.035556500000000005, 0.09086670000000001, -0.0395073], [-0.035556500000000005, -0.09086670000000001, 0.0395073], [0.035556500000000005, -0.09086670000000001, 0.0395073], [0.035556500000000005, 0.09086670000000001, 0.0395073], [-0.035556500000000005, 0.09086670000000001, 0.0395073]], "aabb": [[-0.035556498914957047, -0.09086669981479645, -0.03950729966163635], [0.035556498914957047, 0.09086669981479645, 0.03950729966163635]], "obb": [[[0.9999987337516806, 0.0015913680039305726, -6.550713841549417e-06, 5.346341094776264e-05], [-4.017360903311604e-06, -0.0015919320473761034, -0.999998732867306, -1.8697334221063603e-05], [-0.001591376415747444, 0.9999974666469073, -0.0015919236384952218, -7.73368945630103e-05], [0.0, 0.0, 0.0, 1.0]], [0.07124004557133318, 0.18189700435414807, 0.07955158450045377]], "radius": 0.09862881158001906, "volume": 0.0004471752220653604, "num_verts": 1681, "num_faces": 3290, "num_hulls": 0}