{"bbox": [[-0.1286442030671168, -0.05033895120017411, -0.0783051018669391], [0.1286272530667127, -0.05033895120017411, -0.0783051018669391], [0.1286272530667127, 0.05033895120017411, -0.0783051018669391], [-0.1286442030671168, 0.05033895120017411, -0.0783051018669391], [-0.1286442030671168, -0.05033895120017411, 0.0783051018669391], [0.1286272530667127, -0.05033895120017411, 0.0783051018669391], [0.1286272530667127, 0.05033895120017411, 0.0783051018669391], [-0.1286442030671168, 0.05033895120017411, 0.0783051018669391]], "aabb": [[-0.128644198179245, -0.050338950008153915, -0.07830510288476944], [0.1286272555589676, 0.050338950008153915, 0.07830510288476944]], "obb": [[[-2.9133294357858784e-18, -6.116299508896885e-17, -1.0, -8.475000202040596e-06], [-0.9988675123562633, 0.0475782803305288, -0.0, 0.00018353483475400781], [0.0475782803305288, 0.9988675123562631, -6.123233995736766e-17, -0.000341907194546055], [0.0, 0.0, 0.0, 1.0]], [0.2572714561338295, 0.1067794199535417, 0.16271069115425874]], "radius": 0.14780196376295482, "volume": 0.0034802249274234805, "num_verts": 501, "num_faces": 994, "num_hulls": 0}