{"bbox": [[-0.022846558256945933, -0.052556095990288085, -0.029705637733639698], [0.022850458256648387, -0.052556095990288085, -0.029705637733639698], [0.022850458256648387, 0.052556095990288085, -0.029705637733639698], [-0.022846558256945933, 0.052556095990288085, -0.029705637733639698], [-0.022846558256945933, -0.052556095990288085, 0.029705637733639698], [0.022850458256648387, -0.052556095990288085, 0.029705637733639698], [0.022850458256648387, 0.052556095990288085, 0.029705637733639698], [-0.022846558256945933, 0.052556095990288085, 0.029705637733639698]], "aabb": [[-0.022846559062600136, -0.05255609750747681, -0.02970563806593418], [0.022850457578897476, 0.05255609750747681, 0.02970563806593418]], "obb": [[[-0.9939159812176903, 0.11011282799395344, -0.0024874467330120863, 0.00037424909757557766], [0.0036131849036109913, 0.05516927009630831, 0.9984704785480104, 0.0011380379826996917], [0.11008163868206117, 0.9923867777979585, -0.05523147722863773, -0.0005801395396191758], [0.0, 0.0, 0.0, 1.0]], [0.04785090784426785, 0.10899085320926928, 0.07302344733502428]], "radius": 0.05896048973173723, "volume": 0.00010571492975521165, "num_verts": 1682, "num_faces": 3296, "num_hulls": 0}