{"bbox": [[-0.060769500000000004, -0.0168804, -0.07765], [0.060769500000000004, -0.0168804, -0.07765], [0.060769500000000004, 0.0168804, -0.07765], [-0.060769500000000004, 0.0168804, -0.07765], [-0.060769500000000004, -0.0168804, 0.07765], [0.060769500000000004, -0.0168804, 0.07765], [0.060769500000000004, 0.0168804, 0.07765], [-0.060769500000000004, 0.0168804, 0.07765]], "aabb": [[-0.060769498348236084, -0.016880400478839874, -0.07765000313520432], [0.060769498348236084, 0.016880400478839874, 0.07765000313520432]], "obb": [[[0.008538616543074973, 0.9999633286820018, -0.000658269504799046, -2.527705751798938e-06], [-0.999817376181542, 0.008526111332044714, -0.017103207623439493, -0.00018055868108657507], [-0.01709696794718954, 0.0008041870206616516, 0.999853512755868, -4.758581432567119e-06], [0.0, 0.0, 0.0, 1.0]], [0.12213671346179698, 0.03691597048701498, 0.15638997151309572]], "radius": 0.0983184957416457, "volume": 0.0005918870525926717, "num_verts": 179, "num_faces": 354, "num_hulls": 0}