{"bbox": [[-0.05001569618410521, -0.007611059419322249, -0.03153161759432849], [0.05001569618410521, -0.007611059419322249, -0.03153161759432849], [0.05001569618410521, 0.007611059419322249, -0.03153161759432849], [-0.05001569618410521, 0.007611059419322249, -0.03153161759432849], [-0.05001569618410521, -0.007611059419322249, 0.03153161759432849], [0.05001569618410521, -0.007611059419322249, 0.03153161759432849], [0.05001569618410521, 0.007611059419322249, 0.03153161759432849], [-0.05001569618410521, 0.007611059419322249, 0.03153161759432849]], "aabb": [[-0.05001569539308548, -0.007611059583723545, -0.03153161704540253], [0.05001569539308548, 0.007611059583723545, 0.03153161704540253]], "obb": [[[-0.0003697568102949093, -0.0003921313613408907, -0.9999998547564379, -8.426317072576882e-07], [0.9998079082044855, -0.019596317171379062, -0.00036200150509402344, -9.358872681158246e-06], [-0.019596172372997153, -0.9998078968413453, 0.0003993019078544296, 4.450903563796892e-06], [0.0, 0.0, 0.0, 1.0]], [0.10006889256214915, 0.015524019475556509, 0.06357546804853462]], "radius": 0.05834321088311258, "volume": 7.227022845731962e-05, "num_verts": 974, "num_faces": 1824, "num_hulls": 0}