{"bbox": [[-0.06275368, -0.024551120000000003, -0.045016160000000006], [0.06275368, -0.024551120000000003, -0.045016160000000006], [0.06275368, 0.024551120000000003, -0.045016160000000006], [-0.06275368, 0.024551120000000003, -0.045016160000000006], [-0.06275368, -0.024551120000000003, 0.045018960000000004], [0.06275368, -0.024551120000000003, 0.045018960000000004], [0.06275368, 0.024551120000000003, 0.045018960000000004], [-0.06275368, 0.024551120000000003, 0.045018960000000004]], "aabb": [[-0.06275367736816406, -0.024551119655370712, -0.04501615837216377], [0.06275367736816406, 0.024551119655370712, 0.045018959790468216]], "obb": [[[-2.714794638117812e-18, 6.117212883926382e-17, -1.0, 2.0214727041742827e-20], [0.9990166778185227, 0.044335961029873396, 0.0, -0.0006513109538122871], [0.044335961029873396, -0.9990166778185225, -6.123233995736766e-17, -0.0003301315457782131], [0.0, 0.0, 0.0, 1.0]], [0.12550736, 0.052620237746751314, 0.09177508704370348]], "radius": 0.07867004710962362, "volume": 0.0005184030849405872, "num_verts": 289, "num_faces": 570, "num_hulls": 0}