{"bbox": [[-0.048009176337190526, -0.013567798964859087, -0.03444137737233144], [0.048009176337190526, -0.013567798964859087, -0.03444137737233144], [0.048009176337190526, 0.013567798964859087, -0.03444137737233144], [-0.048009176337190526, 0.013567798964859087, -0.03444137737233144], [-0.048009176337190526, -0.013567798964859087, 0.03444137737233144], [0.048009176337190526, -0.013567798964859087, 0.03444137737233144], [0.048009176337190526, 0.013567798964859087, 0.03444137737233144], [-0.048009176337190526, 0.013567798964859087, 0.03444137737233144]], "aabb": [[-0.048009175807237625, -0.013567798770964146, -0.034441377967596054], [0.048009175807237625, 0.013567798770964146, 0.034441377967596054]], "obb": [[[-2.1110165266465533e-18, 6.11959399460362e-17, -1.0, 3.3795670036773437e-21], [0.9994055427024869, 0.03447551617521599, 0.0, -3.414769564022275e-05], [0.03447551617521599, -0.9994055427024869, -6.123233995736766e-17, -5.5192517647215995e-05], [0.0, 0.0, 0.0, 1.0]], [0.09601835267438105, 0.029064126785793835, 0.07026028865881348]], "radius": 0.05918298201157292, "volume": 0.0001642373690962924, "num_verts": 222, "num_faces": 440, "num_hulls": 0}