{"bbox": [[-0.029917680000000002, -0.07645312, -0.03324184], [0.029917680000000002, -0.07645312, -0.03324184], [0.029917680000000002, 0.07645624, -0.03324184], [-0.029917680000000002, 0.07645624, -0.03324184], [-0.029917680000000002, -0.07645312, 0.03324184], [0.029917680000000002, -0.07645312, 0.03324184], [0.029917680000000002, 0.07645624, 0.03324184], [-0.029917680000000002, 0.07645624, 0.03324184]], "aabb": [[-0.029917679727077484, -0.07645311951637268, -0.033241838216781616], [0.029917679727077484, 0.07645624130964279, 0.033241838216781616]], "obb": [[[0.9983939390022776, 0.048814799828233744, -0.028751658756426504, 0.00032101069265445863], [-0.028639038050829378, -0.003005102483431642, -0.9995853014418465, 0.0002412939919535493], [-0.048880958082260145, 0.9988033263244538, -0.001602267195814438, 0.00039739267601945785], [0.0, 0.0, 0.0, 1.0]], [0.06486848767661593, 0.15485156189577054, 0.06911785691724924]], "radius": 0.0790062191645797, "volume": 0.00021857820817076714, "num_verts": 2369, "num_faces": 4618, "num_hulls": 0}