{"bbox": [[-0.08260319369787646, -0.08080739383488511, -0.061054555341907096], [0.08260319369787646, -0.08080739383488511, -0.061054555341907096], [0.08260319369787646, 0.08080739383488511, -0.061054555341907096], [-0.08260319369787646, 0.08080739383488511, -0.061054555341907096], [-0.08260319369787646, -0.08080739383488511, 0.06105347534198949], [0.08260319369787646, -0.08080739383488511, 0.06105347534198949], [0.08260319369787646, 0.08080739383488511, 0.06105347534198949], [-0.08260319369787646, 0.08080739383488511, 0.06105347534198949]], "aabb": [[-0.08260319381952286, -0.0808073952794075, -0.06105455383658409], [0.08260319381952286, 0.0808073952794075, 0.06105347350239754]], "obb": [[[0.01604780344291402, -0.998358778440336, -0.054974698869368024, 0.00041704492171804405], [-0.005559008908995365, -0.055070015755791464, 0.9984670203790441, -0.00013596358885424232], [-0.9998557723114905, -0.015717597646490777, -0.006433638132170677, 0.00046581203459261205], [0.0, 0.0, 0.0, 1.0]], [0.1680797325732152, 0.17860919265181258, 0.12506272902543378]], "radius": 0.11740964921361753, "volume": 0.0015680663824356915, "num_verts": 3362, "num_faces": 6660, "num_hulls": 0}