{"bbox": [[-0.07070112, -0.029202640000000002, -0.03535056], [0.07070112, -0.029202640000000002, -0.03535056], [0.07070112, 0.029202640000000002, -0.03535056], [-0.07070112, 0.029202640000000002, -0.03535056], [-0.07070112, -0.029202640000000002, 0.03535056], [0.07070112, -0.029202640000000002, 0.03535056], [0.07070112, 0.029202640000000002, 0.03535056], [-0.07070112, 0.029202640000000002, 0.03535056]], "aabb": [[-0.07070112228393555, -0.029202640056610107, -0.03535056114196777], [0.07070112228393555, 0.029202640056610107, 0.03535056114196777]], "obb": [[[1.3169834020664018e-05, 0.012333418979219387, -0.9999239404088885, 6.561273903162934e-05], [0.9999999987833829, -4.769606270897403e-05, 1.2582535502097905e-05, 3.165788660918441e-08], [-4.753724928377849e-05, -0.9999239393580737, -0.012333419592363564, 3.9446324510165695e-05], [0.0, 0.0, 0.0, 1.0]], [0.14229316335438677, 0.05841156604239873, 0.07103617606095283]], "radius": 0.078889485353829, "volume": 0.0002398291976060548, "num_verts": 1051, "num_faces": 2030, "num_hulls": 0}