{"bbox": [[-0.0610503, -0.0610503, -0.0557416], [0.0610503, -0.0610503, -0.0557416], [0.0610503, 0.0610503, -0.0557416], [-0.0610503, 0.0610503, -0.0557416], [-0.0610503, -0.0610503, 0.05529920000000001], [0.0610503, -0.0610503, 0.05529920000000001], [0.0610503, 0.0610503, 0.05529920000000001], [-0.0610503, 0.0610503, 0.05529920000000001]], "aabb": [[-0.06105029955506325, -0.06105029955506325, -0.055741600692272186], [0.06105029955506325, 0.06105029955506325, 0.05529920011758804]], "obb": [[[-0.019398832595888635, 7.057577710579444e-05, -0.9998118224510932, 0.0008557717346179486], [-6.927323383383309e-05, 0.9999999950134217, 7.193313282100062e-05, 3.7599331562724386e-06], [0.99981182254219, 7.065561696817781e-05, -0.019398827610142527, -0.00045788256212012085], [0.0, 0.0, 0.0, 1.0]], [0.12454693795192331, 0.12212440227183673, 0.11173976946684815]], "radius": 0.09891316124485154, "volume": 0.0003358996881360258, "num_verts": 1503, "num_faces": 2866, "num_hulls": 0}