{"bbox": [[-0.0637669, -0.07719150000000001, -0.0335615], [0.0637669, -0.07719150000000001, -0.0335615], [0.0637669, 0.0771902, -0.0335615], [-0.0637669, 0.0771902, -0.0335615], [-0.0637669, -0.07719150000000001, 0.0335615], [0.0637669, -0.07719150000000001, 0.0335615], [0.0637669, 0.0771902, 0.0335615], [-0.0637669, 0.0771902, 0.0335615]], "aabb": [[-0.06376689672470093, -0.07719150185585022, -0.033561501652002335], [0.06376689672470093, 0.07719019800424576, 0.033561501652002335]], "obb": [[[0.00044685988427378904, -0.9999987796279939, 0.0014970166221528755, 7.389974097001162e-05], [-0.0004473663770129877, -0.0014972165316972461, -0.9999987791022454, -6.846468682338687e-05], [0.9999998000897643, 0.0004461896238009791, -0.0004480348770656717, -5.03322334808534e-05], [0.0, 0.0, 0.0, 1.0]], [0.12780126788588483, 0.15463122265560847, 0.0672595657687836]], "radius": 0.09815181198378357, "volume": 0.0009989023384681843, "num_verts": 2258, "num_faces": 4388, "num_hulls": 0}