{"bbox": [[-0.016093839999999998, -0.049622719999999995, -0.06169312], [0.01609344, -0.049622719999999995, -0.06169312], [0.01609344, 0.049622719999999995, -0.06169312], [-0.016093839999999998, 0.049622719999999995, -0.06169312], [-0.016093839999999998, -0.049622719999999995, 0.06169312], [0.01609344, -0.049622719999999995, 0.06169312], [0.01609344, 0.049622719999999995, 0.06169312], [-0.016093839999999998, 0.049622719999999995, 0.06169312]], "aabb": [[-0.016093840822577477, -0.04962271824479103, -0.06169312074780464], [0.016093440353870392, 0.04962271824479103, 0.06169312074780464]], "obb": [[[0.9987298405603275, -0.005731886618493138, -0.050058476306569774, 0.000713375106170571], [-0.005724700250521432, -0.9999835726029668, 0.0002869342240663264, -1.9466306019837678e-05], [-0.05005929865054392, -1.2225094959707563e-16, -0.9987462473614686, 9.040360331342273e-05], [0.0, 0.0, 0.0, 1.0]], [0.035896819833697934, 0.09953689970167053, 0.12573283622008938]], "radius": 0.07856536885194138, "volume": 0.00019864238662523336, "num_verts": 453, "num_faces": 886, "num_hulls": 0}