{"bbox": [[-0.0971418, -0.0401252, -0.029565900000000003], [0.0971452, -0.0401252, -0.029565900000000003], [0.0971452, 0.0401173, -0.029565900000000003], [-0.0971418, 0.0401173, -0.029565900000000003], [-0.0971418, -0.0401252, 0.029565900000000003], [0.0971452, -0.0401252, 0.029565900000000003], [0.0971452, 0.0401173, 0.029565900000000003], [-0.0971418, 0.0401173, 0.029565900000000003]], "aabb": [[-0.0971418023109436, -0.040125198662281036, -0.029565900564193726], [0.0971451997756958, 0.0401173010468483, 0.029565900564193726]], "obb": [[[-6.542498308019209e-17, 0.07099433999191133, -0.9974767183694628, 1.3341854915405097e-05], [-5.673068395732479e-17, 0.9974767183694631, 0.07099433999191133, -0.00301122597648274], [1.0, 6.123233995736766e-17, -6.123233995736765e-17, -3.639402970517445e-18], [0.0, 0.0, 0.0, 1.0]], [0.19939378125700877, 0.09719631448553233, 0.05913180000000003]], "radius": 0.09907670200096287, "volume": 0.00027779381184740536, "num_verts": 1500, "num_faces": 2948, "num_hulls": 0}