{"bbox": [[-0.054540751300352845, -0.1394086533237613, -0.0636430515173686], [0.05455125130060318, -0.1394086533237613, -0.0636430515173686], [0.05455125130060318, 0.1394086533237613, -0.0636430515173686], [-0.054540751300352845, 0.1394086533237613, -0.0636430515173686], [-0.054540751300352845, -0.1394086533237613, 0.0636430515173686], [0.05455125130060318, -0.1394086533237613, 0.0636430515173686], [0.05455125130060318, 0.1394086533237613, 0.0636430515173686], [-0.054540751300352845, 0.1394086533237613, 0.0636430515173686]], "aabb": [[-0.05454074963927269, -0.1394086480140686, -0.06364305317401886], [0.054551251232624054, 0.1394086480140686, 0.06364305317401886]], "obb": [[[0.9998067454385525, 1.4639558490010081e-18, -0.019658885410148687, -0.0004210829956615635], [-0.019653571650871116, 0.02324915329814395, -0.999536499579822, 0.0008182712294228628], [0.0004570524405711908, 0.9997297019049296, 0.023244660293219293, 0.001143914239719617], [0.0, 0.0, 0.0, 1.0]], [0.11217342846092493, 0.28498032087805414, 0.13314221025944423]], "radius": 0.1481600464428645, "volume": 0.0016234369268998741, "num_verts": 1616, "num_faces": 3168, "num_hulls": 0}