{"bbox": [[-0.0404105, -0.09296140000000001, -0.0424389], [0.040418, -0.09296140000000001, -0.0424389], [0.040418, 0.09296140000000001, -0.0424389], [-0.0404105, 0.09296140000000001, -0.0424389], [-0.0404105, -0.09296140000000001, 0.0424389], [0.040418, -0.09296140000000001, 0.0424389], [0.040418, 0.09296140000000001, 0.0424389], [-0.0404105, 0.09296140000000001, 0.0424389]], "aabb": [[-0.04041050001978874, -0.0929614007472992, -0.042438898235559464], [0.040417999029159546, 0.0929614007472992, 0.042438898235559464]], "obb": [[[0.9984027524526323, 0.04059790869573015, -0.03929063125658282, 0.0008021195027590365], [-0.040004913856215074, 0.01693377703658622, -0.9990559814458005, 0.0005449933274331598], [-0.039894244727334, 0.9990320600485293, 0.018530845442862036, 0.00027706663204533075], [0.0, 0.0, 0.0, 1.0]], [0.08789825962466062, 0.1911959444253773, 0.09163176276708059]], "radius": 0.09894107544574196, "volume": 0.0004952821430385146, "num_verts": 1983, "num_faces": 3874, "num_hulls": 0}