{"bbox": [[-0.04969355620868254, -0.011832179097276374, -0.054427915847479566], [0.049695056208568095, -0.011832179097276374, -0.054427915847479566], [0.049695056208568095, 0.011832179097276374, -0.054427915847479566], [-0.04969355620868254, 0.011832179097276374, -0.054427915847479566], [-0.04969355620868254, -0.011832179097276374, 0.054427135847539075], [0.049695056208568095, -0.011832179097276374, 0.054427135847539075], [0.049695056208568095, 0.011832179097276374, 0.054427135847539075], [-0.04969355620868254, 0.011832179097276374, 0.054427135847539075]], "aabb": [[-0.049693554639816284, -0.011832179501652718, -0.05442791432142258], [0.049695055931806564, 0.011832179501652718, 0.0544271357357502]], "obb": [[[-0.0005351257322198491, -0.7524891896820965, -0.6586043828065772, -0.0008635267562577571], [0.9996566755030375, -0.017655523894552234, 0.019360103259625835, -0.0008494778156931561], [-0.026196273831695913, -0.6583679076987202, 0.7522402896347308, -0.004774270301942673], [0.0, 0.0, 0.0, 1.0]], [0.14491389643051253, 0.027396514934145667, 0.14628735945330112]], "radius": 0.05893487946487378, "volume": 0.00012082600825041077, "num_verts": 1550, "num_faces": 3036, "num_hulls": 0}