{"bbox": [[-0.03382157741961842, -0.03299669748255177, -0.05059493613991271], [0.03382157741961842, -0.03299669748255177, -0.05059493613991271], [0.03382157741961842, 0.03299669748255177, -0.05059493613991271], [-0.03382157741961842, 0.03299669748255177, -0.05059493613991271], [-0.03382157741961842, -0.03299669748255177, 0.05059493613991271], [0.03382157741961842, -0.03299669748255177, 0.05059493613991271], [0.03382157741961842, 0.03299669748255177, 0.05059493613991271], [-0.03382157741961842, 0.03299669748255177, 0.05059493613991271]], "aabb": [[-0.033821579068899155, -0.03299669921398163, -0.050594937056303024], [0.033821579068899155, 0.03299669921398163, 0.050594937056303024]], "obb": [[[0.44715138714255726, 0.8943718342466423, 0.012436200496262843, -7.047996801651432e-06], [-0.8944582924745496, 0.44710816554478816, 0.006217019115896959, -3.5233856882426027e-06], [-6.128376877624349e-17, -0.013903611382323528, 0.9999033401236987, -1.6957585074650695e-05], [0.0, 0.0, 0.0, 1.0]], [0.09035483280962323, 0.08938836993920075, 0.10259620311962415]], "radius": 0.05899765680617583, "volume": 0.000345799530688961, "num_verts": 930, "num_faces": 1856, "num_hulls": 0}