{"bbox": [[-0.11766315280530817, -0.04603335109752062, -0.08440530201237922], [0.11766315280530817, -0.04603335109752062, -0.08440530201237922], [0.11766315280530817, 0.04603335109752062, -0.08440530201237922], [-0.11766315280530817, 0.04603335109752062, -0.08440530201237922], [-0.11766315280530817, -0.04603335109752062, 0.08441055201250439], [0.11766315280530817, -0.04603335109752062, 0.08441055201250439], [0.11766315280530817, 0.04603335109752062, 0.08441055201250439], [-0.11766315280530817, 0.04603335109752062, 0.08441055201250439]], "aabb": [[-0.11766315251588821, -0.0460333526134491, -0.08440530300140381], [0.11766315251588821, 0.0460333526134491, 0.08441055566072464]], "obb": [[[-2.714794638117812e-18, 6.117212883926382e-17, -1.0, 3.790261410693657e-20], [0.9990166778185227, 0.044335961029873396, 0.0, -0.0012212080675139034], [0.044335961029873396, -0.9990166778185225, -6.123233995736766e-17, -0.0006189966630921805], [0.0, 0.0, 0.0, 1.0]], [0.23532630561061635, 0.09866294812746669, 0.1720782923096102]], "radius": 0.14750634184736952, "volume": 0.0034172080797194833, "num_verts": 289, "num_faces": 570, "num_hulls": 0}