{"bbox": [[-0.13138575313248047, -0.017137200408582697, -0.06854910163433794], [0.13138575313248047, -0.017137200408582697, -0.06854910163433794], [0.13138575313248047, 0.017137200408582697, -0.06854910163433794], [-0.13138575313248047, 0.017137200408582697, -0.06854910163433794], [-0.13138575313248047, -0.017137200408582697, 0.06854910163433794], [0.13138575313248047, -0.017137200408582697, 0.06854910163433794], [0.13138575313248047, 0.017137200408582697, 0.06854910163433794], [-0.13138575313248047, 0.017137200408582697, 0.06854910163433794]], "aabb": [[-0.13138575851917267, -0.017137199640274048, -0.06854910403490067], [0.13138575851917267, 0.017137199640274048, 0.06854910403490067]], "obb": [[[-2.5515594981796743e-18, 6.11791549531529e-17, -1.0, -3.487357077609962e-21], [0.9991314229661682, 0.04167012888869133, 0.0, -6.198201893357868e-05], [0.04167012888869132, -0.9991314229661681, -6.123233995736766e-17, 5.6952863144508205e-05], [0.0, 0.0, 0.0, 1.0]], [0.26277150626496093, 0.036519564940866216, 0.13921342402372153]], "radius": 0.14706680864205537, "volume": 0.0010628170538950512, "num_verts": 125, "num_faces": 246, "num_hulls": 0}