{"bbox": [[-0.06061575144519213, -0.1394421033245588, -0.06365835151773337], [0.06062700144546035, -0.1394421033245588, -0.06365835151773337], [0.06062700144546035, 0.1394421033245588, -0.06365835151773337], [-0.06061575144519213, 0.1394421033245588, -0.06365835151773337], [-0.06061575144519213, -0.1394421033245588, 0.06365835151773337], [0.06062700144546035, -0.1394421033245588, 0.06365835151773337], [0.06062700144546035, 0.1394421033245588, 0.06365835151773337], [-0.06061575144519213, 0.1394421033245588, 0.06365835151773337]], "aabb": [[-0.06061575189232826, -0.1394421011209488, -0.06365834921598434], [0.06062700226902962, 0.1394421011209488, 0.06365834921598434]], "obb": [[[0.9984027524526323, 0.040597908695729504, -0.03929063125658283, 0.0012031792828245502], [-0.04000491385621508, 0.016933777036586474, -0.9990559814458005, 0.0008174900106402297], [-0.039894244727333335, 0.9990320600485293, 0.018530845442862258, 0.00041559995797668534], [0.0, 0.0, 0.0, 1.0]], [0.13184739258047767, 0.2867939234757658, 0.13744764742762813]], "radius": 0.1484116167070216, "volume": 0.0016715773523155127, "num_verts": 1983, "num_faces": 3874, "num_hulls": 0}