{"bbox": [[-0.04940963623034391, -0.012386039055020214, -0.032849997493744086], [0.04940819623045378, -0.012386039055020214, -0.032849997493744086], [0.04940819623045378, 0.012386039055020214, -0.032849997493744086], [-0.04940963623034391, 0.012386039055020214, -0.032849997493744086], [-0.04940963623034391, -0.012386039055020214, 0.032847657493922613], [0.04940819623045378, -0.012386039055020214, 0.032847657493922613], [0.04940819623045378, 0.012386039055020214, 0.032847657493922613], [-0.04940963623034391, 0.012386039055020214, 0.032847657493922613]], "aabb": [[-0.04940963536500931, -0.012386038899421692, -0.0328499972820282], [0.0494081974029541, 0.012386038899421692, 0.032847657799720764]], "obb": [[[-0.0014958902800471282, -0.012371800836244841, 0.999922347413207, 7.96369174086393e-05], [0.999998880984231, 1.5177651739350863e-18, 0.0014960047747629307, 3.568069420331839e-05], [-1.8508273123439822e-05, 0.9999234663433338, 0.012371786992004613, 0.0003329752914890163], [0.0, 0.0, 0.0, 1.0]], [0.09909220042414675, 0.02486370840198349, 0.06719668752190291]], "radius": 0.058415585578771835, "volume": 3.249194032141182e-05, "num_verts": 2905, "num_faces": 5750, "num_hulls": 0}