{"bbox": [[-0.02660016, -0.07647535999999999, -0.0249376], [0.02660016, -0.07647535999999999, -0.0249376], [0.02660016, 0.07647535999999999, -0.0249376], [-0.02660016, 0.07647535999999999, -0.0249376], [-0.02660016, -0.07647535999999999, 0.0249376], [0.02660016, -0.07647535999999999, 0.0249376], [0.02660016, 0.07647535999999999, 0.0249376], [-0.02660016, 0.07647535999999999, 0.0249376]], "aabb": [[-0.02660015970468521, -0.0764753594994545, -0.024937599897384644], [0.02660015970468521, 0.0764753594994545, 0.024937599897384644]], "obb": [[[-0.00020984346950394693, -0.999846161745689, 0.017538780120979886, -0.00027312652107139393], [3.949357905750016e-05, 0.017538772207260626, 0.999846183125044, 6.270873816900156e-05], [-0.9999999772029876, 0.00021050386123651796, 3.580710662343051e-05, -1.5598042438246857e-07], [0.0, 0.0, 0.0, 1.0]], [0.05480190684716939, 0.15405314117385224, 0.04989260085583686]], "radius": 0.07870176380121237, "volume": 0.00016764456431929805, "num_verts": 1890, "num_faces": 3704, "num_hulls": 0}