{"bbox": [[-0.05271368, -0.07131848, -0.0186052], [0.052705840000000004, -0.07131848, -0.0186052], [0.052705840000000004, 0.07131864, -0.0186052], [-0.05271368, 0.07131864, -0.0186052], [-0.05271368, -0.07131848, 0.0186052], [0.052705840000000004, -0.07131848, 0.0186052], [0.052705840000000004, 0.07131864, 0.0186052], [-0.05271368, 0.07131864, 0.0186052]], "aabb": [[-0.052713681012392044, -0.07131847739219666, -0.018605200573801994], [0.05270583927631378, 0.07131864130496979, 0.018605200573801994]], "obb": [[[-1.061706561685309e-05, 0.9988120145811942, 0.048729451213143905, -0.0018211227454899002], [-0.00010442447319006785, 0.048729449842841534, -0.9988120092457554, -0.0007327491642140575], [-0.9999999944914035, -1.5692999912836732e-05, 0.00010378305467209699, 1.6547899233526086e-06], [0.0, 0.0, 0.0, 1.0]], [0.11163123718422022, 0.14838863884000578, 0.03723790167293127]], "radius": 0.07825236799463643, "volume": 0.00013287365554872927, "num_verts": 1090, "num_faces": 2140, "num_hulls": 0}