{"bbox": [[-0.09240683294991814, -0.022097278314111457, -0.07432727432927899], [0.09240683294991814, -0.022097278314111457, -0.07432727432927899], [0.09240683294991814, 0.022097278314111457, -0.07432727432927899], [-0.09240683294991814, 0.022097278314111457, -0.07432727432927899], [-0.09240683294991814, -0.022097278314111457, 0.07432727432927899], [0.09240683294991814, -0.022097278314111457, 0.07432727432927899], [0.09240683294991814, 0.022097278314111457, 0.07432727432927899], [-0.09240683294991814, 0.022097278314111457, 0.07432727432927899]], "aabb": [[-0.09240683168172836, -0.022097278386354446, -0.07432727515697479], [0.09240683168172836, 0.022097278386354446, 0.07432727515697479]], "obb": [[[-0.01438275219717676, -0.015256556785592353, -0.9997801627929425, 0.00032992350305367806], [-0.9998684987951917, 0.0077107827964292925, 0.014266357128445277, 0.00016941756409713038], [0.007491432191821434, 0.9998538799763265, -0.015365452808201115, -5.089224649622986e-06], [0.0, 0.0, 0.0, 1.0]], [0.1868795578825807, 0.04715382734132168, 0.1516568572458983]], "radius": 0.11749459031344435, "volume": 0.0010974761918152208, "num_verts": 216, "num_faces": 424, "num_hulls": 0}