{"bbox": [[-0.05418635586590913, -0.09970403239318601, -0.04118255685802026], [0.054187555865817576, -0.09970403239318601, -0.04118255685802026], [0.054187555865817576, 0.09970523239309445, -0.04118255685802026], [-0.05418635586590913, 0.09970523239309445, -0.04118255685802026], [-0.05418635586590913, -0.09970403239318601, 0.041174516858633665], [0.054187555865817576, -0.09970403239318601, 0.041174516858633665], [0.054187555865817576, 0.09970523239309445, 0.041174516858633665], [-0.05418635586590913, 0.09970523239309445, 0.041174516858633665]], "aabb": [[-0.05418635532259941, -0.09970403462648392, -0.04118255525827408], [0.054187554866075516, 0.09970523416996002, 0.04117451608181]], "obb": [[[1.7672630483462893e-06, -0.9998815707229813, -0.01538975391031536, -6.644080271737359e-05], [7.430252004734985e-05, -0.015389753736560475, 0.9998815679664584, 1.739843759097614e-05], [-0.999999997238006, -2.9105512462346587e-06, 7.42665227105182e-05, -4.671262498516412e-06], [0.0, 0.0, 0.0, 1.0]], [0.11010578068137536, 0.20251934005599384, 0.08236828619618634]], "radius": 0.11778391540384608, "volume": 0.00039652156994311494, "num_verts": 1601, "num_faces": 3138, "num_hulls": 0}