{"bbox": [[-0.07038952, -0.010711440000000001, -0.03672496], [0.07038952, -0.010711440000000001, -0.03672496], [0.07038952, 0.010711440000000001, -0.03672496], [-0.07038952, 0.010711440000000001, -0.03672496], [-0.07038952, -0.010711440000000001, 0.03672496], [0.07038952, -0.010711440000000001, 0.03672496], [0.07038952, 0.010711440000000001, 0.03672496], [-0.07038952, 0.010711440000000001, 0.03672496]], "aabb": [[-0.0703895166516304, -0.01071143988519907, -0.03672495856881142], [0.0703895166516304, 0.01071143988519907, 0.03672495856881142]], "obb": [[[0.0036539244821533487, 0.013516456583458878, 0.9999019723139395, 1.693411650939712e-06], [0.9991740055715007, -0.040517582943674, -0.003103556444620907, -0.0001478264060268661], [0.04047166201283524, 0.9990873990166376, -0.013653340253903459, -1.636531925224724e-05], [0.0, 0.0, 0.0, 1.0]], [0.14275102985831611, 0.023341968177103215, 0.07545972019980315]], "radius": 0.07842659544410684, "volume": 0.00018602280051504272, "num_verts": 166, "num_faces": 328, "num_hulls": 0}