{"bbox": [[-0.08759050000000002, -0.0114248, -0.0456994], [0.08759050000000002, -0.0114248, -0.0456994], [0.08759050000000002, 0.0114248, -0.0456994], [-0.08759050000000002, 0.0114248, -0.0456994], [-0.08759050000000002, -0.0114248, 0.0456994], [0.08759050000000002, -0.0114248, 0.0456994], [0.08759050000000002, 0.0114248, 0.0456994], [-0.08759050000000002, 0.0114248, 0.0456994]], "aabb": [[-0.08759050071239471, -0.011424800381064415, -0.04569939896464348], [0.08759050071239471, 0.011424800381064415, 0.04569939896464348]], "obb": [[[-2.5515594981796743e-18, 6.11791549531529e-17, -1.0, -2.324904662976872e-21], [0.9991314229661682, 0.04167012888869133, 0.0, -4.1321344970543965e-05], [0.04167012888869132, -0.9991314229661681, -6.123233995736766e-17, 3.796857452443531e-05], [0.0, 0.0, 0.0, 1.0]], [0.17518100000000003, 0.024346376046781294, 0.0928089471364099]], "radius": 0.09804453675713962, "volume": 0.000314908734185616, "num_verts": 125, "num_faces": 246, "num_hulls": 0}