{"bbox": [[-0.012978479009820632, -0.03693881718179191, -0.0459239364962817], [0.012978479009820632, -0.03693881718179191, -0.0459239364962817], [0.012978479009820632, 0.03693881718179191, -0.0459239364962817], [-0.012978479009820632, 0.03693881718179191, -0.0459239364962817], [-0.012978479009820632, -0.03693881718179191, 0.04592237649640072], [0.012978479009820632, -0.03693881718179191, 0.04592237649640072], [0.012978479009820632, 0.03693881718179191, 0.04592237649640072], [-0.012978479009820632, 0.03693881718179191, 0.04592237649640072]], "aabb": [[-0.012978479266166687, -0.03693881630897522, -0.04592393711209297], [0.012978479266166687, 0.03693881630897522, 0.045922376215457916]], "obb": [[[0.9977738137081338, 0.003906692573480263, 0.0665744277591829, -7.124166221114698e-05], [-0.003915378991228327, 0.9999923348743005, -3.710534680097264e-16, -8.000379896099282e-06], [-0.06657391745782576, -0.0002606641158009826, 0.9977814618284593, 0.00013724283651331926], [0.0, 0.0, 0.0, 1.0]], [0.027986009119102883, 0.07401498672325657, 0.09421977144469956]], "radius": 0.058509853404059606, "volume": 8.275019365470289e-05, "num_verts": 476, "num_faces": 924, "num_hulls": 0}