{"bbox": [[-0.04974203620498381, -0.010813499174995486, -0.03352181744248829], [0.04974203620498381, -0.010813499174995486, -0.03352181744248829], [0.04974203620498381, 0.010813499174995486, -0.03352181744248829], [-0.04974203620498381, 0.010813499174995486, -0.03352181744248829], [-0.04974203620498381, -0.010813499174995486, 0.03352181744248829], [0.04974203620498381, -0.010813499174995486, 0.03352181744248829], [0.04974203620498381, 0.010813499174995486, 0.03352181744248829], [-0.04974203620498381, 0.010813499174995486, 0.03352181744248829]], "aabb": [[-0.04974203556776047, -0.010813498869538307, -0.03352181613445282], [0.04974203556776047, 0.010813498869538307, 0.03352181613445282]], "obb": [[[4.362996309926968e-18, 6.107670357717587e-17, -1.0, -1.7149072158155084e-22], [0.9974582650230229, -0.07125313703452547, 0.0, -3.922681762130483e-05], [-0.07125313703452547, -0.997458265023023, -6.123233995736766e-17, 2.8006560210004936e-06], [0.0, 0.0, 0.0, 1.0]], [0.09948407240996762, 0.02301966406111375, 0.06861886989678917]], "radius": 0.059071339742380935, "volume": 0.00010838344097619024, "num_verts": 638, "num_faces": 1248, "num_hulls": 0}