{"bbox": [[-0.11657015110640327, -0.0481502363264285, -0.035479077293161215], [0.11657423110609198, -0.0481502363264285, -0.035479077293161215], [0.11657423110609198, 0.04814075632715177, -0.035479077293161215], [-0.11657015110640327, 0.04814075632715177, -0.035479077293161215], [-0.11657015110640327, -0.0481502363264285, 0.035479077293161215], [0.11657423110609198, -0.0481502363264285, 0.035479077293161215], [0.11657423110609198, 0.04814075632715177, 0.035479077293161215], [-0.11657015110640327, 0.04814075632715177, 0.035479077293161215]], "aabb": [[-0.11657015234231949, -0.048150237649679184, -0.03547907620668411], [0.116574227809906, 0.0481407567858696, 0.03547907620668411]], "obb": [[[-6.54249830801921e-17, 0.07099433999191154, -0.9974767183694628, 1.601022467701407e-05], [-5.673068395732476e-17, 0.9974767183694628, 0.07099433999191154, -0.0036134708960933485], [1.0, 6.123233995736766e-17, -6.123233995736766e-17, -7.142841110623888e-18], [0.0, 0.0, 0.0, 1.0]], [0.23927251925336598, 0.11663556848405114, 0.07095815458632244]], "radius": 0.11889203333041315, "volume": 0.0004800275970027103, "num_verts": 1500, "num_faces": 2948, "num_hulls": 0}