{"bbox": [[-0.094312, -0.047156, -0.0287037], [0.094312, -0.047156, -0.0287037], [0.094312, 0.047156, -0.0287037], [-0.094312, 0.047156, -0.0287037], [-0.094312, -0.047156, 0.0287037], [0.094312, -0.047156, 0.0287037], [0.094312, 0.047156, 0.0287037], [-0.094312, 0.047156, 0.0287037]], "aabb": [[-0.09431199729442596, -0.04715599864721298, -0.028703700751066208], [0.09431199729442596, 0.04715599864721298, 0.028703700751066208]], "obb": [[[0.01815087804341534, 9.471766733421189e-05, 0.9998352547569107, -0.00016643120824305922], [0.0002822336521718044, 0.9999999551863811, -9.985690263958813e-05, -3.1730644514039022e-06], [-0.9998352194088879, 0.00028399964598177377, 0.018150850497495638, -9.761765123695583e-05], [0.0, 0.0, 0.0, 1.0]], [0.18948352985849054, 0.09434735533453964, 0.059903601759469266]], "radius": 0.09871059184226383, "volume": 0.00018476349735125765, "num_verts": 1303, "num_faces": 2554, "num_hulls": 0}