{"bbox": [[-0.0873636020829106, -0.04509090107505085, -0.1296337530907095], [0.0873636020829106, -0.04509090107505085, -0.1296337530907095], [0.0873636020829106, 0.044386351058253073, -0.1296337530907095], [-0.0873636020829106, 0.044386351058253073, -0.1296337530907095], [-0.0873636020829106, -0.04509090107505085, 0.12963630309077032], [0.0873636020829106, -0.04509090107505085, 0.12963630309077032], [0.0873636020829106, 0.044386351058253073, 0.12963630309077032], [-0.0873636020829106, 0.044386351058253073, 0.12963630309077032]], "aabb": [[-0.087363600730896, -0.04509090259671211, -0.12963375449180603], [0.087363600730896, 0.044386349618434906, 0.12963630259037018]], "obb": [[[-0.00040136729147236737, 0.9999999188335413, -3.5173972772541145e-05, 1.2203196545484002e-06], [-0.9985156026763077, -0.0003988557862093187, 0.054464962370607266, 0.0021503990377313388], [0.054464943920536586, 5.6982215048329016e-05, 0.9985156817179989, -0.0006527491199003879], [0.0, 0.0, 0.0, 1.0]], [0.1747903497780382, 0.09748910963591585, 0.2641232511610934]], "radius": 0.14719078303691854, "volume": 0.001728428983274784, "num_verts": 2091, "num_faces": 4086, "num_hulls": 0}