{"bbox": [[-0.0341156, -0.0139564, -0.07133264], [0.0341156, -0.0139564, -0.07133264], [0.0341156, 0.01395544, -0.07133264], [-0.0341156, 0.01395544, -0.07133264], [-0.0341156, -0.0139564, 0.07133264], [0.0341156, -0.0139564, 0.07133264], [0.0341156, 0.01395544, 0.07133264], [-0.0341156, 0.01395544, 0.07133264]], "aabb": [[-0.03411560133099556, -0.013956399634480476, -0.07133264094591141], [0.03411560133099556, 0.013955440372228622, 0.07133264094591141]], "obb": [[[2.4981962823957235e-18, 1.0, -6.118135722578626e-17, 2.1093419249674494e-20], [-0.9991673888076643, -3.8550696629230546e-34, -0.04079864143906741, -0.0006830334275993624], [-0.04079864143906741, 6.123233995736767e-17, 0.9991673888076644, -0.00034448167854373286], [0.0, 0.0, 0.0, 1.0]], [0.06823120000000003, 0.03115827693765723, 0.14358879654715645]], "radius": 0.07838732420577194, "volume": 0.00019926869604596176, "num_verts": 249, "num_faces": 490, "num_hulls": 0}