{"bbox": [[-0.0332502, -0.0955942, -0.031172000000000002], [0.0332502, -0.0955942, -0.031172000000000002], [0.0332502, 0.0955942, -0.031172000000000002], [-0.0332502, 0.0955942, -0.031172000000000002], [-0.0332502, -0.0955942, 0.031172000000000002], [0.0332502, -0.0955942, 0.031172000000000002], [0.0332502, 0.0955942, 0.031172000000000002], [-0.0332502, 0.0955942, 0.031172000000000002]], "aabb": [[-0.03325020149350166, -0.09559419751167297, -0.031171999871730804], [0.03325020149350166, 0.09559419751167297, 0.031171999871730804]], "obb": [[[-0.00020984347001491967, -0.9998461617456887, 0.01753878012097103, -0.00034140815133056876], [3.949357915366777e-05, 0.01753877220725172, 0.9998461831250443, 7.838592270970885e-05], [-0.9999999772029874, 0.00021050386174909842, 3.5807106710623334e-05, -1.94975532373575e-07], [0.0, 0.0, 0.0, 1.0]], [0.0685023835589926, 0.1925664264673216, 0.062365751069851864]], "radius": 0.09837720475151548, "volume": 0.000327430789686129, "num_verts": 1890, "num_faces": 3704, "num_hulls": 0}