{"bbox": [[-0.051353401224360495, -0.13895640331297882, -0.051353401224360495], [0.051353401224360495, -0.13895640331297882, -0.051353401224360495], [0.051353401224360495, 0.13894725331276067, -0.051353401224360495], [-0.051353401224360495, 0.13894725331276067, -0.051353401224360495], [-0.051353401224360495, -0.13895640331297882, 0.051353401224360495], [0.051353401224360495, -0.13895640331297882, 0.051353401224360495], [0.051353401224360495, 0.13894725331276067, 0.051353401224360495], [-0.051353401224360495, 0.13894725331276067, 0.051353401224360495]], "aabb": [[-0.05135340243577957, -0.13895639777183533, -0.05135340243577957], [0.05135340243577957, 0.1389472484588623, 0.05135340243577957]], "obb": [[[0.053676009124976894, 0.9982811265694592, 0.02353037142985158, -0.0030125244118869897], [-0.021458514744513126, 0.024712050055593463, -0.9994642798654736, 0.0005664325148283532], [-0.9983278109866391, 0.05314232698387627, 0.022748074497940834, 0.001222159498072532], [0.0, 0.0, 0.0, 1.0]], [0.11457968144748469, 0.2831436727911258, 0.11248019190518388]], "radius": 0.14767065571915694, "volume": 0.0011082234540017106, "num_verts": 1606, "num_faces": 3136, "num_hulls": 0}