{"bbox": [[-0.10558427194455933, -0.016067158774173067, -0.05508743579716219], [0.10558427194455933, -0.016067158774173067, -0.05508743579716219], [0.10558427194455933, 0.016067158774173067, -0.05508743579716219], [-0.10558427194455933, 0.016067158774173067, -0.05508743579716219], [-0.10558427194455933, -0.016067158774173067, 0.05508743579716219], [0.10558427194455933, -0.016067158774173067, 0.05508743579716219], [0.10558427194455933, 0.016067158774173067, 0.05508743579716219], [-0.10558427194455933, 0.016067158774173067, 0.05508743579716219]], "aabb": [[-0.1055842712521553, -0.016067158430814743, -0.055087435990571976], [0.1055842712521553, 0.016067158430814743, 0.055087435990571976]], "obb": [[[0.0036539244821559517, 0.013516456583457242, 0.9999019723139393, 2.540117282618063e-06], [0.9991740055715009, -0.04051758294366908, -0.0031035564446236703, -0.00022173959212302543], [0.04047166201283027, 0.9990873990166378, -0.013653340253901915, -2.4547977005613474e-05], [0.0, 0.0, 0.0, 1.0]], [0.2141265284509163, 0.03501294959437906, 0.11318957166402509]], "radius": 0.11763988419094935, "volume": 0.0006278268080401057, "num_verts": 166, "num_faces": 328, "num_hulls": 0}