{"bbox": [[-0.08438295201184634, -0.07274400173435215, -0.13384890319120651], [0.08438295201184634, -0.07274400173435215, -0.13384890319120651], [0.08438295201184634, 0.07274400173435215, -0.13384890319120651], [-0.08438295201184634, 0.07274400173435215, -0.13384890319120651], [-0.08438295201184634, -0.07274400173435215, 0.13384890319120651], [0.08438295201184634, -0.07274400173435215, 0.13384890319120651], [0.08438295201184634, 0.07274400173435215, 0.13384890319120651], [-0.08438295201184634, 0.07274400173435215, 0.13384890319120651]], "aabb": [[-0.08438295125961304, -0.07274400442838669, -0.1338489055633545], [0.08438295125961304, 0.07274400442838669, 0.1338489055633545]], "obb": [[[-2.0724474472047472e-18, 1.0, -6.11972582574842e-17, 1.073017980805127e-20], [-0.9994270723622862, -0.0, 0.03384563530721945, -0.0006464763728992448], [0.03384563530721945, 6.123233995736766e-17, 0.9994270723622862, -0.00017523713474810923], [0.0, 0.0, 0.0, 1.0]], [0.1687659040236927, 0.15058451861490033, 0.2735603243948547]], "radius": 0.14795225147606833, "volume": 0.001512184495305797, "num_verts": 3347, "num_faces": 6574, "num_hulls": 0}