{"bbox": [[-0.0380025, -0.0874057, -0.05082830000000001], [0.0380025, -0.0874057, -0.05082830000000001], [0.0380025, 0.0874057, -0.05082830000000001], [-0.0380025, 0.0874057, -0.05082830000000001], [-0.0380025, -0.0874057, 0.05082830000000001], [0.0380025, -0.0874057, 0.05082830000000001], [0.0380025, 0.0874057, 0.05082830000000001], [-0.0380025, 0.0874057, 0.05082830000000001]], "aabb": [[-0.03800249844789505, -0.08740569651126862, -0.050828300416469574], [0.03800249844789505, 0.08740569651126862, 0.050828300416469574]], "obb": [[[0.9961483237053999, 0.018763731325524426, -0.08565301842705661, -0.00012963116341375427], [-0.0860041452607293, 0.018780531422039656, -0.9961177533994046, 0.0009004738047284854], [-0.01708227668940955, 0.9996475449008262, 0.020321953568915085, 0.0013772569982955633], [0.0, 0.0, 0.0, 1.0]], [0.08593508356038847, 0.18299072612868902, 0.1057700739952512]], "radius": 0.09821693385469941, "volume": 0.0005050549847253141, "num_verts": 1817, "num_faces": 3570, "num_hulls": 0}