{"bbox": [[-0.10042475233819943, -0.030563997668152033, -0.06112811533629491], [0.10042475233819943, -0.030563997668152033, -0.06112811533629491], [0.10042475233819943, 0.030563997668152033, -0.06112811533629491], [-0.10042475233819943, 0.030563997668152033, -0.06112811533629491], [-0.10042475233819943, -0.030563997668152033, 0.06112811533629491], [0.10042475233819943, -0.030563997668152033, 0.06112811533629491], [0.10042475233819943, 0.030563997668152033, 0.06112811533629491], [-0.10042475233819943, 0.030563997668152033, 0.06112811533629491]], "aabb": [[-0.10042475163936615, -0.030563997104763985, -0.06112811714410782], [0.10042475163936615, 0.030563997104763985, 0.06112811714410782]], "obb": [[[-0.00012280135640530045, 0.012392236571463433, 0.9999232057476132, -1.3050611753762602e-06], [0.9999998465523955, -0.000538635789408787, 0.00012948618348458774, -4.0616754582433984e-06], [0.0005401990486945076, 0.9999230682128716, -0.012392168524698866, -1.4096458131889884e-05], [0.0, 0.0, 0.0, 1.0]], [0.20372691644116647, 0.06127306176011651, 0.1227775268910964]], "radius": 0.1181161910264395, "volume": 0.001424984293878296, "num_verts": 169, "num_faces": 334, "num_hulls": 0}