{"bbox": [[-0.08367390199494129, -0.05071140120905402, -0.11663625278082497], [0.08367390199494129, -0.05071140120905402, -0.11663625278082497], [0.08367390199494129, 0.05071140120905402, -0.11663625278082497], [-0.08367390199494129, 0.05071140120905402, -0.11663625278082497], [-0.08367390199494129, -0.05071140120905402, 0.11663625278082497], [0.08367390199494129, -0.05071140120905402, 0.11663625278082497], [0.08367390199494129, 0.05071140120905402, 0.11663625278082497], [-0.08367390199494129, 0.05071140120905402, 0.11663625278082497]], "aabb": [[-0.08367390185594559, -0.05071140080690384, -0.1166362538933754], [0.08367390185594559, 0.05071140080690384, 0.1166362538933754]], "obb": [[[1.9789794784140613e-18, 1.0, -6.1200352097669e-17, 6.543704542293839e-20], [-0.999477598606865, -0.0, -0.03231918753704177, -8.838103966222196e-05], [-0.032319187537041764, 6.123233995736766e-17, 0.9994775986068649, -0.0010686680513679243], [0.0, 0.0, 0.0, 1.0]], [0.1673478039898826, 0.10846922355714644, 0.23711084597439158]], "radius": 0.14749738437228144, "volume": 0.0037605454838746917, "num_verts": 262, "num_faces": 520, "num_hulls": 0}