{"bbox": [[-0.03109067762796954, -0.03109067762796954, -0.05296925595876648], [0.03109067762796954, -0.03109067762796954, -0.05296925595876648], [0.03109067762796954, 0.03109067762796954, -0.05296925595876648], [-0.03109067762796954, 0.03109067762796954, -0.05296925595876648], [-0.03109067762796954, -0.03109067762796954, 0.05296733595891297], [0.03109067762796954, -0.03109067762796954, 0.05296733595891297], [0.03109067762796954, 0.03109067762796954, 0.05296733595891297], [-0.03109067762796954, 0.03109067762796954, 0.05296733595891297]], "aabb": [[-0.03109067678451538, -0.03109067678451538, -0.052969254553318024], [0.03109067678451538, 0.03109067678451538, 0.052967336028814316]], "obb": [[[-0.01848938328552581, 0.9995081283326649, 0.025330694871121606, 0.0003557358918170227], [-0.9996558971076416, -0.01800875138641537, -0.019072814459812792, -0.0002568800970107999], [-0.018607258896384496, -0.025674623082632204, 0.9994971654016473, -0.0003648177838623508], [0.0, 0.0, 0.0, 1.0]], [0.0656762756419013, 0.06447609375203509, 0.10948087408195611]], "radius": 0.05925492374014179, "volume": 0.0002870914038023271, "num_verts": 1236, "num_faces": 2464, "num_hulls": 0}