{"bbox": [[-0.0589912, -0.0822302, -0.010725700000000001], [0.0589912, -0.0822302, -0.010725700000000001], [0.0589912, 0.0822302, -0.010725700000000001], [-0.0589912, 0.0822302, -0.010725700000000001], [-0.0589912, -0.0822302, 0.010725700000000001], [0.0589912, -0.0822302, 0.010725700000000001], [0.0589912, 0.0822302, 0.010725700000000001], [-0.0589912, 0.0822302, 0.010725700000000001]], "aabb": [[-0.0589912012219429, -0.08223020285367966, -0.010725700296461582], [0.0589912012219429, 0.08223020285367966, 0.010725700296461582]], "obb": [[[0.01915284465013919, 0.9998165645746431, 7.578895674633556e-05, -6.868513776875982e-05], [0.003934277351638231, 4.3584721625250083e-07, -0.9999922607008168, -8.775971732153129e-06], [-0.9998088267281542, 0.01915299459532026, -0.003933547318084736, 1.1808671749910311e-05], [0.0, 0.0, 0.0, 1.0]], [0.11840878939817999, 0.164576828036522, 0.023200145304743798]], "radius": 0.09748616320890674, "volume": 0.00024966187236152035, "num_verts": 542, "num_faces": 1060, "num_hulls": 0}