{"bbox": [[-0.02237867829264234, -0.057190015636748075, -0.019892158482348748], [0.02237867829264234, -0.057190015636748075, -0.019892158482348748], [0.02237867829264234, 0.05718587563706393, -0.019892158482348748], [-0.02237867829264234, 0.05718587563706393, -0.019892158482348748], [-0.02237867829264234, -0.057190015636748075, 0.019890298482490656], [0.02237867829264234, -0.057190015636748075, 0.019890298482490656], [0.02237867829264234, 0.05718587563706393, 0.019890298482490656], [-0.02237867829264234, 0.05718587563706393, 0.019890298482490656]], "aabb": [[-0.022378677502274513, -0.05719001591205597, -0.01989215798676014], [0.022378677502274513, 0.05718587711453438, 0.019890299066901207]], "obb": [[[0.13176338882112118, -0.9912602776304581, -0.006439825957378763, 0.0008113012636686242], [-0.047541041892701356, 0.00016986000058268912, -0.9988692709675958, -0.00039941876073198887], [0.9901405247247133, 0.13192055616759463, -0.047103165056098455, -0.0007532639987593224], [0.0, 0.0, 0.0, 1.0]], [0.04814794708480839, 0.11612440708357193, 0.052657949141575934]], "radius": 0.05926969107909494, "volume": 8.493809939026625e-05, "num_verts": 1578, "num_faces": 3072, "num_hulls": 0}