{"bbox": [[-0.03956519698141502, -0.11374991132157049, -0.042038036792752316], [0.03956519698141502, -0.11374991132157049, -0.042038036792752316], [0.03956519698141502, 0.11374559132190007, -0.042038036792752316], [-0.03956519698141502, 0.11374559132190007, -0.042038036792752316], [-0.03956519698141502, -0.11374991132157049, 0.042038036792752316], [0.03956519698141502, -0.11374991132157049, 0.042038036792752316], [0.03956519698141502, 0.11374559132190007, 0.042038036792752316], [-0.03956519698141502, 0.11374559132190007, 0.042038036792752316]], "aabb": [[-0.03956519812345505, -0.1137499138712883, -0.04203803837299347], [0.03956519812345505, 0.11374559253454208, 0.04203803837299347]], "obb": [[[0.9349676465168382, 0.3449264016593332, 0.08283282806417361, 0.0029060308843289915], [0.08325990723615599, 0.013603512085777338, -0.9964350115817685, -0.00036224663502939906], [-0.34482356040994555, 0.9385311512663158, -0.015999696526254565, -0.0027608768010469104], [0.0, 0.0, 0.0, 1.0]], [0.11916210007025586, 0.23534671363899212, 0.11116135124481659]], "radius": 0.1179674482634295, "volume": 0.0005783275668521583, "num_verts": 2044, "num_faces": 3992, "num_hulls": 0}