{"bbox": [[-0.028968837789853076, -0.028968897789848496, -0.04595063649424465], [0.028968897789848496, -0.028968897789848496, -0.04595063649424465], [0.028968897789848496, 0.028968897789848496, -0.04595063649424465], [-0.028968837789853076, 0.028968897789848496, -0.04595063649424465], [-0.028968837789853076, -0.028968897789848496, 0.04595063649424465], [0.028968897789848496, -0.028968897789848496, 0.04595063649424465], [0.028968897789848496, 0.028968897789848496, 0.04595063649424465], [-0.028968837789853076, 0.028968897789848496, 0.04595063649424465]], "aabb": [[-0.02896883711218834, -0.028968898579478264, -0.04595063626766205], [0.028968898579478264, 0.028968898579478264, 0.04595063626766205]], "obb": [[[0.9998137836132515, -0.0016749868820897398, 0.019224789098945243, 0.000112101653461435], [0.001312914330674476, 0.9998218223151761, 0.018830822560916043, 0.00029843579280988285], [-0.019252905051300864, -0.018802075452067052, 0.9996378382223136, 4.968575750377177e-06], [0.0, 0.0, 0.0, 1.0]], [0.05884822048420516, 0.05885786323736542, 0.09470294509666703]], "radius": 0.05901079588404761, "volume": 0.00022570750275709497, "num_verts": 636, "num_faces": 1248, "num_hulls": 0}