{"bbox": [[-0.09279155292056634, -0.06455063507517737, -0.06051623538297765], [0.09279155292056634, -0.06455063507517737, -0.06051623538297765], [0.09279155292056634, 0.06455063507517737, -0.06051623538297765], [-0.09279155292056634, 0.06455063507517737, -0.06051623538297765], [-0.09279155292056634, -0.06455063507517737, 0.059840395434540145], [0.09279155292056634, -0.06455063507517737, 0.059840395434540145], [0.09279155292056634, 0.06455063507517737, 0.059840395434540145], [-0.09279155292056634, 0.06455063507517737, 0.059840395434540145]], "aabb": [[-0.09279154986143112, -0.06455063819885254, -0.06051623448729515], [0.09279154986143112, 0.06455063819885254, 0.05984039604663849]], "obb": [[[0.0194418695462176, -0.00025112985159915773, 0.9998109574526305, 0.0008028113507307364], [0.0026133043609462892, 0.9999965652423265, 0.00020035934299948358, 0.00011152425716443937], [-0.9998075736604843, 0.0026089149750238823, 0.01944245904684334, -0.0004286504296989154], [0.0, 0.0, 0.0, 1.0]], [0.18829727197695742, 0.12950008948142502, 0.12146602468897877]], "radius": 0.11981854244260544, "volume": 0.0015175034348063905, "num_verts": 2086, "num_faces": 3968, "num_hulls": 0}