{"bbox": [[-0.10330470246297604, -0.10330470246297604, -0.10800030257492788], [0.10330470246297604, -0.10330470246297604, -0.10800030257492788], [0.10330470246297604, 0.10330470246297604, -0.10800030257492788], [-0.10330470246297604, 0.10330470246297604, -0.10800030257492788], [-0.10330470246297604, -0.10330470246297604, 0.10800045257493143], [0.10330470246297604, -0.10330470246297604, 0.10800045257493143], [0.10330470246297604, 0.10330470246297604, 0.10800045257493143], [-0.10330470246297604, 0.10330470246297604, 0.10800045257493143]], "aabb": [[-0.10330469906330109, -0.10330469906330109, -0.10800030082464218], [0.10330469906330109, 0.10330469906330109, 0.10800044983625412]], "obb": [[[-0.7071000032311899, -0.70711355907676, 4.989940535072078e-07, 4.883032050038768e-08], [-0.7071135590765032, 0.7071000032313618, 6.068681374532176e-07, 6.021734389661279e-08], [-7.819633854122061e-07, 7.627100082058352e-08, -0.9999999999996914, 1.8693717116358234e-08], [0.0, 0.0, 0.0, 1.0]], [0.2907349890166473, 0.29073495992979037, 0.216000897012414]], "radius": 0.14808821065218025, "volume": 0.0015729641448701925, "num_verts": 2130, "num_faces": 4132, "num_hulls": 0}