{"bbox": [[-0.026809440000000004, -0.07254328, -0.033117600000000004], [0.026809440000000004, -0.07254328, -0.033117600000000004], [0.026809440000000004, 0.07254328, -0.033117600000000004], [-0.026809440000000004, 0.07254328, -0.033117600000000004], [-0.026809440000000004, -0.07254328, 0.033117600000000004], [0.026809440000000004, -0.07254328, 0.033117600000000004], [0.026809440000000004, 0.07254328, 0.033117600000000004], [-0.026809440000000004, 0.07254328, 0.033117600000000004]], "aabb": [[-0.026809440925717354, -0.07254327833652496, -0.03311759978532791], [0.026809440925717354, 0.07254327833652496, 0.03311759978532791]], "obb": [[[0.9954244214500846, -0.09352987160572984, 0.01955464901705304, 0.0009456929557700748], [-0.01946889784078343, 0.001829293591874083, 0.9998087895701957, 2.7794798776781608e-05], [-0.09354775891291882, -0.9956147933826467, 6.086921046386577e-17, -0.0006217230061460304], [0.0, 0.0, 0.0, 1.0]], [0.05817155820086575, 0.14639068232378113, 0.07275581058362446]], "radius": 0.07857877150514381, "volume": 0.00020685515237743303, "num_verts": 1366, "num_faces": 2664, "num_hulls": 0}