{"bbox": [[-0.02795352, -0.07563896, -0.02630784], [0.02795352, -0.07563896, -0.02630784], [0.02795352, 0.07563896, -0.02630784], [-0.02795352, 0.07563896, -0.02630784], [-0.02795352, -0.07563896, 0.0263092], [0.02795352, -0.07563896, 0.0263092], [0.02795352, 0.07563896, 0.0263092], [-0.02795352, 0.07563896, 0.0263092]], "aabb": [[-0.02795352041721344, -0.07563895732164383, -0.026307839900255203], [0.02795352041721344, 0.07563895732164383, 0.026309199631214142]], "obb": [[[0.002380593833081306, -0.9999964542509701, -0.001193423013632097, 2.8328864771150648e-05], [-0.0011972494200134247, 0.001190575369375957, -0.9999985745610421, -1.6503252689653626e-05], [0.9999964496771117, 0.0023820192647010154, -0.0011944108984853, -1.99800363933459e-05], [0.0, 0.0, 0.0, 1.0]], [0.05615187709743868, 0.15142118608601038, 0.052987210575578]], "radius": 0.07900967050165948, "volume": 0.00018102871427276264, "num_verts": 1675, "num_faces": 3266, "num_hulls": 0}