{"bbox": [[-0.02169731834462598, -0.05544869576960024, -0.02772437788479783], [0.02169731834462598, -0.05544869576960024, -0.02772437788479783], [0.02169731834462598, 0.05544869576960024, -0.02772437788479783], [-0.02169731834462598, 0.05544869576960024, -0.02772437788479783], [-0.02169731834462598, -0.05544869576960024, 0.02772437788479783], [0.02169731834462598, -0.05544869576960024, 0.02772437788479783], [0.02169731834462598, 0.05544869576960024, 0.02772437788479783], [-0.02169731834462598, 0.05544869576960024, 0.02772437788479783]], "aabb": [[-0.02169731818139553, -0.05544869601726532, -0.027724377810955048], [0.02169731818139553, 0.05544869601726532, 0.027724377810955048]], "obb": [[[-0.9953503666428523, -0.008767391222736126, 0.0959206988876075, -0.00015550411435991547], [0.09567563875718793, 0.025052218759707333, 0.9950972608160571, 0.0005389525346429542], [-0.011127433322363817, 0.999647697534668, -0.02409690937222219, 0.0005802497988823883], [0.0, 0.0, 0.0, 1.0]], [0.05189078067297856, 0.11639732736481755, 0.058087305755369946]], "radius": 0.05931026237318646, "volume": 0.00010881963274694012, "num_verts": 2445, "num_faces": 4786, "num_hulls": 0}