{"bbox": [[-0.0382601370809832, -0.04631489646645382, -0.02013689846367657], [0.0382601370809832, -0.04631489646645382, -0.02013689846367657], [0.0382601370809832, 0.04631411646651333, -0.02013689846367657], [-0.0382601370809832, 0.04631411646651333, -0.02013689846367657], [-0.0382601370809832, -0.04631489646645382, 0.02013689846367657], [0.0382601370809832, -0.04631489646645382, 0.02013689846367657], [0.0382601370809832, 0.04631411646651333, 0.02013689846367657], [-0.0382601370809832, 0.04631411646651333, 0.02013689846367657]], "aabb": [[-0.03826013579964638, -0.046314895153045654, -0.020136898383498192], [0.03826013579964638, 0.046314116567373276, 0.020136898383498192]], "obb": [[[0.00044685988427802247, -0.9999987796279938, 0.001497016622166194, 4.4339841199544846e-05], [-0.00044736637701874856, -0.0014972165317105688, -0.9999987791022454, -4.1078808960332066e-05], [0.9999998000897643, 0.0004461896238051979, -0.0004480348770714448, -3.0199337784822367e-05], [0.0, 0.0, 0.0, 1.0]], [0.07668075488125503, 0.09277872651491137, 0.040355736382372755]], "radius": 0.0588910826972371, "volume": 0.00021576285572492547, "num_verts": 2258, "num_faces": 4388, "num_hulls": 0}