{"bbox": [[-0.02892976, -0.0739316, -0.03696584], [0.02892976, -0.0739316, -0.03696584], [0.02892976, 0.0739316, -0.03696584], [-0.02892976, 0.0739316, -0.03696584], [-0.02892976, -0.0739316, 0.03696584], [0.02892976, -0.0739316, 0.03696584], [0.02892976, 0.0739316, 0.03696584], [-0.02892976, 0.0739316, 0.03696584]], "aabb": [[-0.028929760679602623, -0.07393159717321396, -0.03696583956480026], [0.028929760679602623, 0.07393159717321396, 0.03696583956480026]], "obb": [[[-0.9953503666428523, -0.00876739122273612, 0.09592069888760739, -0.00020733883496525335], [0.09567563875718785, 0.025052218759707333, 0.9950972608160571, 0.0007186034343490135], [-0.011127433322363808, 0.999647697534668, -0.024096909372222194, 0.0007736664575359174], [0.0, 0.0, 0.0, 1.0]], [0.06918771284257459, 0.1551964483269718, 0.07744974691610626]], "radius": 0.07908035586426718, "volume": 0.00025794289221636594, "num_verts": 2445, "num_faces": 4786, "num_hulls": 0}