{"bbox": [[-0.1250392529811681, -0.019027650453654538, -0.07882905187943105], [0.1250392529811681, -0.019027650453654538, -0.07882905187943105], [0.1250392529811681, 0.019027650453654538, -0.07882905187943105], [-0.1250392529811681, 0.019027650453654538, -0.07882905187943105], [-0.1250392529811681, -0.019027650453654538, 0.07882905187943105], [0.1250392529811681, -0.019027650453654538, 0.07882905187943105], [0.1250392529811681, 0.019027650453654538, 0.07882905187943105], [-0.1250392529811681, 0.019027650453654538, 0.07882905187943105]], "aabb": [[-0.1250392496585846, -0.019027650356292725, -0.07882905006408691], [0.1250392496585846, 0.019027650356292725, 0.07882905006408691]], "obb": [[[-0.00036975681029490924, -0.00039213136134089074, -0.9999998547564379, -2.1065794790842036e-06], [0.9998079082044856, -0.01959631717137884, -0.00036200150509402355, -2.3397184045800813e-05], [-0.01959617237299693, -0.9998078968413453, 0.00039930190785442956, 1.1127260023739325e-05], [0.0, 0.0, 0.0, 1.0]], [0.2501722564565709, 0.038810052575166745, 0.15893868603678826]], "radius": 0.1458580418133925, "volume": 0.0011292226588724133, "num_verts": 974, "num_faces": 1824, "num_hulls": 0}