{"bbox": [[-0.02812136, -0.07609304, -0.02481296], [0.02812136, -0.07609304, -0.02481296], [0.02812136, 0.07609304, -0.02481296], [-0.02812136, 0.07609304, -0.02481296], [-0.02812136, -0.07609304, 0.02439944], [0.02812136, -0.07609304, 0.02439944], [0.02812136, 0.07609304, 0.02439944], [-0.02812136, 0.07609304, 0.02439944]], "aabb": [[-0.028121359646320343, -0.07609304040670395, -0.024812959134578705], [0.028121359646320343, 0.07609304040670395, 0.024399440735578537]], "obb": [[[-0.005063242725171868, -0.9999690073218859, -0.0060289276648860515, -5.541722296124275e-05], [0.0023368689429708305, -0.006040820555240045, 0.9999790235452756, -3.139617983152229e-05], [-0.999984451187442, 0.005049047702470595, 0.0023673826578742736, -0.00019093113375962055], [0.0, 0.0, 0.0, 1.0]], [0.05745685169034401, 0.15273431919090852, 0.04994223185599837]], "radius": 0.07879047501412277, "volume": 0.00016720873122409705, "num_verts": 1528, "num_faces": 2980, "num_hulls": 0}