{"bbox": [[-0.10291535214818175, -0.04027115692755455, -0.06264407522063635], [0.1029017921492163, -0.04027115692755455, -0.06264407522063635], [0.1029017921492163, 0.04027115692755455, -0.06264407522063635], [-0.10291535214818175, 0.04027115692755455, -0.06264407522063635], [-0.10291535214818175, -0.04027115692755455, 0.06264407522063635], [0.1029017921492163, -0.04027115692755455, 0.06264407522063635], [0.1029017921492163, 0.04027115692755455, 0.06264407522063635], [-0.10291535214818175, 0.04027115692755455, 0.06264407522063635]], "aabb": [[-0.10291535407304764, -0.040271155536174774, -0.06264407187700272], [0.10290179401636124, 0.040271155536174774, 0.06264407187700272]], "obb": [[[-2.9133294357858706e-18, -6.116299508896885e-17, -1.0, -6.779999482717219e-06], [-0.9988675123562633, 0.047578280330528674, -0.0, 0.00014682785310048246], [0.047578280330528674, 0.9988675123562631, -6.123233995736766e-17, -0.0002735257282471147], [0.0, 0.0, 0.0, 1.0]], [0.20581714429739806, 0.08542352740887962, 0.13016853988887536]], "radius": 0.11824155917015007, "volume": 0.0017818746275524147, "num_verts": 501, "num_faces": 994, "num_hulls": 0}