{"bbox": [[-0.052554295990425416, -0.0068548794770142, -0.027419637908047644], [0.052554295990425416, -0.0068548794770142, -0.027419637908047644], [0.052554295990425416, 0.0068548794770142, -0.027419637908047644], [-0.052554295990425416, 0.0068548794770142, -0.027419637908047644], [-0.052554295990425416, -0.0068548794770142, 0.027419637908047644], [0.052554295990425416, -0.0068548794770142, 0.027419637908047644], [0.052554295990425416, 0.0068548794770142, 0.027419637908047644], [-0.052554295990425416, 0.0068548794770142, 0.027419637908047644]], "aabb": [[-0.05255429446697235, -0.006854879669845104, -0.027419637888669968], [0.05255429446697235, 0.006854879669845104, 0.027419637888669968]], "obb": [[[-2.5515594981796743e-18, 6.11791549531529e-17, -1.0, -1.3949426913603274e-21], [0.9991314229661682, 0.04167012888869133, 0.0, -2.4792805090783905e-05], [0.04167012888869132, -0.9991314229661681, -6.123233995736766e-17, 2.278114297659604e-05], [0.0, 0.0, 0.0, 1.0]], [0.10510859198085083, 0.01460782451358021, 0.05568536403338981]], "radius": 0.058826717566161396, "volume": 6.802027101548733e-05, "num_verts": 125, "num_faces": 246, "num_hulls": 0}