{"bbox": [[-0.08489970000000001, -0.0147667, -0.0516833], [0.0849004, -0.0147667, -0.0516833], [0.0849004, 0.0147667, -0.0516833], [-0.08489970000000001, 0.0147667, -0.0516833], [-0.08489970000000001, -0.0147667, 0.0516833], [0.0849004, -0.0147667, 0.0516833], [0.0849004, 0.0147667, 0.0516833], [-0.08489970000000001, 0.0147667, 0.0516833]], "aabb": [[-0.08489970117807388, -0.014766699634492397, -0.051683299243450165], [0.08490040153265, 0.014766699634492397, 0.051683299243450165]], "obb": [[[4.5645751144241305e-18, -6.106196943007509e-17, -1.0, 3.499999999961695e-07], [-0.9972176381400547, -0.07454516873929962, -0.0, 6.430843776749949e-05], [-0.07454516873929962, 0.9972176381400549, -6.123233995736766e-17, 0.00028077087988628656], [0.0, 0.0, 0.0, 1.0]], [0.1698001, 0.031776549881606234, 0.10513897792166209]], "radius": 0.09779999439755813, "volume": 0.00038799617951877326, "num_verts": 189, "num_faces": 370, "num_hulls": 0}