{"bbox": [[-0.04347359668322779, -0.09522791273468684, -0.07038587462998393], [0.04347359668322779, -0.09522791273468684, -0.07038587462998393], [0.04347359668322779, 0.09522791273468684, -0.07038587462998393], [-0.04347359668322779, 0.09522791273468684, -0.07038587462998393], [-0.04347359668322779, -0.09522791273468684, 0.07038587462998393], [0.04347359668322779, -0.09522791273468684, 0.07038587462998393], [0.04347359668322779, 0.09522791273468684, 0.07038587462998393], [-0.04347359668322779, 0.09522791273468684, 0.07038587462998393]], "aabb": [[-0.04347359761595726, -0.095227912068367, -0.0703858733177185], [0.04347359761595726, 0.095227912068367, 0.0703858733177185]], "obb": [[[-0.9778433584012914, 0.023589551075771282, 0.20800456608095563, 0.0025333618350089865], [0.20720952391237327, -0.032261124838766045, 0.977764507958918, -0.0029818189527852147], [0.029775487073944343, 0.9992010572973694, 0.026658347010425135, 0.0014056405289288732], [0.0, 0.0, 0.0, 1.0]], [0.11774484612930682, 0.21027102243498694, 0.14670790969186134]], "radius": 0.11817420378094828, "volume": 0.0007561409594795309, "num_verts": 1963, "num_faces": 3858, "num_hulls": 0}