{"bbox": [[-0.10113015241113073, -0.136823103262117, -0.07138065170184735], [0.10113015241113073, -0.136823103262117, -0.07138065170184735], [0.10113015241113073, 0.136823103262117, -0.07138065170184735], [-0.10113015241113073, 0.136823103262117, -0.07138065170184735], [-0.10113015241113073, -0.136823103262117, 0.07138590170197252], [0.10113015241113073, -0.136823103262117, 0.07138590170197252], [0.10113015241113073, 0.136823103262117, 0.07138590170197252], [-0.10113015241113073, 0.136823103262117, 0.07138590170197252]], "aabb": [[-0.10113015025854111, -0.13682310283184052, -0.07138065248727798], [0.10113015025854111, 0.13682310283184052, 0.07138590514659882]], "obb": [[[0.009008825329373145, -0.9995552595211479, -0.02842752591759665, -0.0018786019930510075], [-0.015045042354902064, 0.028289972780213245, -0.999486530244722, -3.3162607551791745e-05], [0.9998462320610724, 0.00943189290151125, -0.014783491792211131, 0.00025561817733473467], [0.0, 0.0, 0.0, 1.0]], [0.2113026211216159, 0.2813762961782906, 0.14739822121516244]], "radius": 0.148302860923949, "volume": 0.0032203252248979735, "num_verts": 3215, "num_faces": 6318, "num_hulls": 0}