{"bbox": [[-0.046593920000000004, -0.02404848, -0.069138], [0.046593920000000004, -0.02404848, -0.069138], [0.046593920000000004, 0.023672719999999998, -0.069138], [-0.046593920000000004, 0.023672719999999998, -0.069138], [-0.046593920000000004, -0.02404848, 0.06913936], [0.046593920000000004, -0.02404848, 0.06913936], [0.046593920000000004, 0.023672719999999998, 0.06913936], [-0.046593920000000004, 0.023672719999999998, 0.06913936]], "aabb": [[-0.04659391939640045, -0.02404847927391529, -0.06913799792528152], [0.04659391939640045, 0.023672720417380333, 0.06913936138153076]], "obb": [[[-0.00040136729147261175, 0.9999999188335413, -3.517397277252782e-05, 6.508371335678299e-07], [-0.9985156026763077, -0.0003988557862095635, 0.054464962370607266, 0.0011468794594462985], [0.054464943920536586, 5.698221504832901e-05, 0.9985156817179989, -0.0003481328556467532], [0.0, 0.0, 0.0, 1.0]], [0.09322151765904615, 0.05199419056618367, 0.14086573059408233]], "radius": 0.07850174908139564, "volume": 0.0002622090595969572, "num_verts": 2091, "num_faces": 4086, "num_hulls": 0}