{"bbox": [[-0.036360500000000004, -0.0929391, -0.04242870000000001], [0.036367500000000004, -0.0929391, -0.04242870000000001], [0.036367500000000004, 0.0929391, -0.04242870000000001], [-0.036360500000000004, 0.0929391, -0.04242870000000001], [-0.036360500000000004, -0.0929391, 0.04242870000000001], [0.036367500000000004, -0.0929391, 0.04242870000000001], [0.036367500000000004, 0.0929391, 0.04242870000000001], [-0.036360500000000004, 0.0929391, 0.04242870000000001]], "aabb": [[-0.036360498517751694, -0.0929391011595726, -0.042428698390722275], [0.036367498338222504, 0.0929391011595726, 0.042428698390722275]], "obb": [[[0.9998067454385525, 1.4639558490010081e-18, -0.019658885410148687, -0.0002807219904147765], [-0.019653571650871116, 0.02324915329814395, -0.999536499579822, 0.0005455141399424956], [0.0004570524405711908, 0.9997297019049296, 0.023244660293219293, 0.0007626094749643837], [0.0, 0.0, 0.0, 1.0]], [0.07478228385766797, 0.1899868760557292, 0.08876147139005772]], "radius": 0.0987733619403025, "volume": 0.0004810183143059614, "num_verts": 1616, "num_faces": 3168, "num_hulls": 0}