{"bbox": [[-0.0373606, -0.0954687, -0.0332094], [0.0373606, -0.0954687, -0.0332094], [0.0373606, 0.09547710000000001, -0.0332094], [-0.0373606, 0.09547710000000001, -0.0332094], [-0.0373606, -0.0954687, 0.0332068], [0.0373606, -0.0954687, 0.0332068], [0.0373606, 0.09547710000000001, 0.0332068], [-0.0373606, 0.09547710000000001, 0.0332068]], "aabb": [[-0.037360601127147675, -0.09546869993209839, -0.03320939838886261], [0.037360601127147675, 0.09547709673643112, 0.03320680186152458]], "obb": [[[-0.08529598870605921, -0.9958260475352525, 0.032481954389667694, 0.0012140324169942597], [0.04303603331351997, 0.02888806811071499, 0.9986557862233957, -0.0004853146310453181], [-0.9954257853538322, 0.0865792271341534, 0.040392366624886634, -0.0011018059930301347], [0.0, 0.0, 0.0, 1.0]], [0.0829795079374806, 0.19586034064181873, 0.08127803115639652]], "radius": 0.09878121131110917, "volume": 0.000403536906333145, "num_verts": 1535, "num_faces": 2998, "num_hulls": 0}