{"bbox": [[-0.05259401598739502, -0.04344803668517787, -0.01372043895321358], [0.052594975987321775, -0.04344803668517787, -0.01372043895321358], [0.052594975987321775, 0.04344803668517787, -0.01372043895321358], [-0.05259401598739502, 0.04344803668517787, -0.01372043895321358], [-0.05259401598739502, -0.04344803668517787, 0.01372043895321358], [0.052594975987321775, -0.04344803668517787, 0.01372043895321358], [0.052594975987321775, 0.04344803668517787, 0.01372043895321358], [-0.05259401598739502, 0.04344803668517787, 0.01372043895321358]], "aabb": [[-0.05259401723742485, -0.04344803839921951, -0.013720438815653324], [0.052594974637031555, 0.04344803839921951, 0.013720438815653324]], "obb": [[[-0.05360113903070167, 0.058418092832713264, -0.9968521677382257, 0.00032380856265013924], [-0.0904812379603673, -0.9944647805905861, -0.05341297353711848, -0.0003353954373689515], [-0.9944546563176074, 0.0873334219798241, 0.05859018632435979, -0.00251378352433476], [0.0, 0.0, 0.0, 1.0]], [0.11274280805386909, 0.09407845306482322, 0.04000116263197116]], "radius": 0.05931366458422772, "volume": 6.26128381077499e-05, "num_verts": 4069, "num_faces": 7962, "num_hulls": 0}