{"bbox": [[-0.11325827135907963, -0.041859716806357056, -0.039397436994214094], [0.11326763135836553, -0.041859716806357056, -0.039397436994214094], [0.11326763135836553, 0.041859716806357056, -0.039397436994214094], [-0.11325827135907963, 0.041859716806357056, -0.039397436994214094], [-0.11325827135907963, -0.041859716806357056, 0.03939383699448876], [0.11326763135836553, -0.041859716806357056, 0.03939383699448876], [0.11326763135836553, 0.041859716806357056, 0.03939383699448876], [-0.11325827135907963, 0.041859716806357056, 0.03939383699448876]], "aabb": [[-0.11325827240943909, -0.041859716176986694, -0.03939743712544441], [0.11326763033866882, 0.041859716176986694, 0.0393938384950161]], "obb": [[[-1.1932050630547928e-05, -0.09483124754615771, 0.9954933622814697, -0.000554059133688811], [4.878404239032041e-05, 0.9954933611125564, 0.09483124801953523, 0.004637533653340755], [-0.9999999987388717, 4.9695721637548963e-05, -7.252025586950628e-06, -1.534724693219767e-06], [0.0, 0.0, 0.0, 1.0]], [0.23444093170759928, 0.10408949628677108, 0.07879817407174508]], "radius": 0.11822632223519888, "volume": 0.000578937925674786, "num_verts": 1375, "num_faces": 2674, "num_hulls": 0}