{"bbox": [[-0.06632272, -0.014418, -0.04469576], [0.06632272, -0.014418, -0.04469576], [0.06632272, 0.014418, -0.04469576], [-0.06632272, 0.014418, -0.04469576], [-0.06632272, -0.014418, 0.04469576], [0.06632272, -0.014418, 0.04469576], [0.06632272, 0.014418, 0.04469576], [-0.06632272, 0.014418, 0.04469576]], "aabb": [[-0.06632272154092789, -0.014418000355362892, -0.04469576105475426], [0.06632272154092789, 0.014418000355362892, 0.04469576105475426]], "obb": [[[4.362996309926968e-18, 6.107670357717587e-17, -1.0, -2.2865431288713104e-22], [0.9974582650230229, -0.07125313703452547, 0.0, -5.230242748543366e-05], [-0.07125313703452547, -0.997458265023023, -6.123233995736766e-17, 3.7342083129001612e-06], [0.0, 0.0, 0.0, 1.0]], [0.13264544, 0.030692887756499653, 0.09149183350932466]], "radius": 0.078761792332222, "volume": 0.0002569089559305317, "num_verts": 638, "num_faces": 1248, "num_hulls": 0}