{"bbox": [[-0.042181916781775144, -0.11413919129187078, -0.03721931716039145], [0.042181916781775144, -0.11413919129187078, -0.03721931716039145], [0.042181916781775144, 0.11413919129187078, -0.03721931716039145], [-0.042181916781775144, 0.11413919129187078, -0.03721931716039145], [-0.042181916781775144, -0.11413919129187078, 0.03721931716039145], [0.042181916781775144, -0.11413919129187078, 0.03721931716039145], [0.042181916781775144, 0.11413919129187078, 0.03721931716039145], [-0.042181916781775144, 0.11413919129187078, 0.03721931716039145]], "aabb": [[-0.042181916534900665, -0.11413919180631638, -0.03721931576728821], [0.042181916534900665, 0.11413919180631638, 0.03721931576728821]], "obb": [[[-0.00028791890738352673, -0.9999999056559823, 0.0003252548680778991, 2.0518621867765418e-05], [0.06111503257158613, 0.00030705071889078773, 0.9981306820820758, -0.001057026776528038], [-0.9981306877841583, 0.0003072586572676934, 0.061114938400040925, -0.005050156323643327], [0.0, 0.0, 0.0, 1.0]], [0.08446592485620094, 0.23246910399413612, 0.08598108347991167]], "radius": 0.1180630314664211, "volume": 0.0005297626544416399, "num_verts": 1633, "num_faces": 3182, "num_hulls": 0}