{"bbox": [[-0.036693500000000004, -0.0937902, -0.03873940000000001], [0.036700500000000004, -0.0937902, -0.03873940000000001], [0.036700500000000004, 0.0937902, -0.03873940000000001], [-0.036693500000000004, 0.0937902, -0.03873940000000001], [-0.036693500000000004, -0.0937902, 0.03873940000000001], [0.036700500000000004, -0.0937902, 0.03873940000000001], [0.036700500000000004, 0.0937902, 0.03873940000000001], [-0.036693500000000004, 0.0937902, 0.03873940000000001]], "aabb": [[-0.036693498492240906, -0.093790203332901, -0.0387394018471241], [0.036700498312711716, 0.093790203332901, 0.0387394018471241]], "obb": [[[-0.9982732824668222, 0.058740561053805235, -6.123233995736765e-17, -0.001733457069219634], [6.472343100609888e-17, 5.752978699863267e-17, -1.0, 1.0871119579905491e-19], [-0.058740561053805235, -0.9982732824668223, -6.123233995736765e-17, -4.193148974681883e-05], [0.0, 0.0, 0.0, 1.0]], [0.07755732964141739, 0.1875804, 0.08138872437089283]], "radius": 0.09884027457965504, "volume": 0.0004519088288732852, "num_verts": 2305, "num_faces": 4518, "num_hulls": 0}