{"bbox": [[-0.04145424, -0.04145424, -0.07062568], [0.04145424, -0.04145424, -0.07062568], [0.04145424, 0.04145424, -0.07062568], [-0.04145424, 0.04145424, -0.07062568], [-0.04145424, -0.04145424, 0.07062312000000001], [0.04145424, -0.04145424, 0.07062312000000001], [0.04145424, 0.04145424, 0.07062312000000001], [-0.04145424, 0.04145424, 0.07062312000000001]], "aabb": [[-0.041454240679740906, -0.041454240679740906, -0.0706256777048111], [0.041454240679740906, 0.041454240679740906, 0.07062312215566635]], "obb": [[[-0.018489383285525813, 0.9995081283326649, 0.025330694871121478, 0.0004743145586100244], [-0.9996558971076416, -0.018008751386415372, -0.01907281445981279, -0.00034250682214559256], [-0.018607258896384496, -0.025674623082632075, 0.9994971654016473, -0.0004864237489276397], [0.0, 0.0, 0.0, 1.0]], [0.08756837420347129, 0.08596813156156088, 0.14597450991291192]], "radius": 0.07900657101457827, "volume": 0.0006805131129181386, "num_verts": 1236, "num_faces": 2464, "num_hulls": 0}