{"bbox": [[-0.034852600000000004, -0.0903137, -0.0431975], [0.0348502, -0.0903137, -0.0431975], [0.0348502, 0.09032090000000001, -0.0431975], [-0.034852600000000004, 0.09032090000000001, -0.0431975], [-0.034852600000000004, -0.0903137, 0.0427067], [0.0348502, -0.0903137, 0.0427067], [0.0348502, 0.09032090000000001, 0.0427067], [-0.034852600000000004, 0.09032090000000001, 0.0427067]], "aabb": [[-0.03485260158777237, -0.09031370282173157, -0.043197501450777054], [0.03485019877552986, 0.0903209000825882, 0.042706698179244995]], "obb": [[[0.9987806525376484, 0.014429862546056441, -0.0472121508022172, 0.0007141739271235672], [-0.04685707012850458, -0.024027457486649945, -0.9986125856735931, -0.0006114382516393276], [-0.015544230294285543, 0.9996071530124366, -0.02332201858607159, -0.0005347013129958516], [0.0, 0.0, 0.0, 1.0]], [0.07647763517168377, 0.18614841744379743, 0.09062953960154202]], "radius": 0.09842956897020327, "volume": 0.0004236848540567509, "num_verts": 1496, "num_faces": 2908, "num_hulls": 0}