{"bbox": [[-0.0553251013190532, -0.14545440346790323, -0.03320160079158785], [0.055335901319310696, -0.14545440346790323, -0.03320160079158785], [0.055335901319310696, 0.14544480346767436, -0.03320160079158785], [-0.0553251013190532, 0.14544480346767436, -0.03320160079158785], [-0.0553251013190532, -0.14545440346790323, 0.03320160079158785], [0.055335901319310696, -0.14545440346790323, 0.03320160079158785], [0.055335901319310696, 0.14544480346767436, 0.03320160079158785], [-0.0553251013190532, 0.14544480346767436, 0.03320160079158785]], "aabb": [[-0.05532510206103325, -0.14545440673828125, -0.03320160135626793], [0.05533590167760849, 0.1454448103904724, 0.03320160135626793]], "obb": [[[-7.306498772178324e-07, -0.9989328791553569, -0.04618552740692378, -0.0029667237194575683], [2.4842442433507366e-05, -0.04618552741081624, 0.998932878846541, -0.0006538695835404087], [-0.9999999996911595, -4.1749112058959947e-07, 2.484967799528667e-05, 3.8158558344537044e-07], [0.0, 0.0, 0.0, 1.0]], [0.1238621821453631, 0.2959684711858838, 0.06641218943861522]], "radius": 0.14703467493488498, "volume": 0.0006261260915747804, "num_verts": 1969, "num_faces": 3890, "num_hulls": 0}