{"bbox": [[-0.0910326, -0.0910326, -0.0356215], [0.0910326, -0.0910326, -0.0356215], [0.0910326, 0.0910326, -0.0356215], [-0.0910326, 0.0910326, -0.0356215], [-0.0910326, -0.0910326, 0.0356215], [0.0910326, -0.0910326, 0.0356215], [0.0910326, 0.0910326, 0.0356215], [-0.0910326, 0.0910326, 0.0356215]], "aabb": [[-0.09103260189294815, -0.09103260189294815, -0.03562150150537491], [0.09103260189294815, 0.09103260189294815, 0.03562150150537491]], "obb": [[[0.014221999595694583, -0.20848814239904875, -0.9779214841726783, 0.0006259396694403071], [0.0037193120915161464, -0.978002602516477, 0.20855952672693673, 7.502644425252916e-05], [-0.999891944884579, -0.006603328705425607, -0.013133720148615064, -0.0001904778585017255], [0.0, 0.0, 0.0, 1.0]], [0.21562456254509832, 0.2145839724865317, 0.07353782563563009]], "radius": 0.09832490293120051, "volume": 0.0004899434190814541, "num_verts": 3011, "num_faces": 5826, "num_hulls": 0}