{"bbox": [[-0.028647717814352585, -0.05068439613308746, -0.03304865747858754], [0.028647717814352585, -0.05068439613308746, -0.03304865747858754], [0.028647717814352585, 0.05068439613308746, -0.03304865747858754], [-0.028647717814352585, 0.05068439613308746, -0.03304865747858754], [-0.028647717814352585, -0.05068439613308746, 0.03305501747810231], [0.028647717814352585, -0.05068439613308746, 0.03305501747810231], [0.028647717814352585, 0.05068439613308746, 0.03305501747810231], [-0.028647717814352585, 0.05068439613308746, 0.03305501747810231]], "aabb": [[-0.028647717088460922, -0.05068439617753029, -0.03304865583777428], [0.028647717088460922, 0.05068439617753029, 0.03305501863360405]], "obb": [[[-0.999990189030301, 0.0043434771306952325, -0.0008695111024771976, -7.583259729490198e-05], [0.0008705299321753412, 0.00023268039182319504, -0.9999995940186538, -8.865604586509575e-06], [-0.004343273049140521, -0.9999905399883793, -0.00023645923585491067, 7.925640243533998e-05], [0.0, 0.0, 0.0, 1.0]], [0.05775349816433699, 0.10142890228465343, 0.066358346864499]], "radius": 0.05869145463648077, "volume": 0.00024079242697144768, "num_verts": 2842, "num_faces": 5512, "num_hulls": 0}