{"bbox": [[-0.028247157844912885, -0.039374816995939865, -0.03851885706124443], [0.028247157844912885, -0.039374816995939865, -0.03851885706124443], [0.028247157844912885, 0.039374816995939865, -0.03851885706124443], [-0.028247157844912885, 0.039374816995939865, -0.03851885706124443], [-0.028247157844912885, -0.039374816995939865, 0.03851885706124443], [0.028247157844912885, -0.039374816995939865, 0.03851885706124443], [0.028247157844912885, 0.039374816995939865, 0.03851885706124443], [-0.028247157844912885, 0.039374816995939865, 0.03851885706124443]], "aabb": [[-0.028247157111763954, -0.03937481716275215, -0.03851885721087456], [0.028247157111763954, 0.03937481716275215, 0.03851885721087456]], "obb": [[[-0.9991714993415513, -0.04067033418442498, -0.0014962689876742638, 0.0008267654868696868], [0.0008271292171065523, -0.05705080749393717, 0.9983709336822402, 0.0014088897354233864], [-0.04068944286684804, 0.997542545098512, 0.057037180484036845, -0.0012343823610544535], [0.0, 0.0, 0.0, 1.0]], [0.05879791129933118, 0.08205183009585316, 0.08323118709738664]], "radius": 0.05896438257912521, "volume": 3.454969079335076e-05, "num_verts": 3520, "num_faces": 6916, "num_hulls": 0}