{"bbox": [[-0.02570416, -0.0695524, -0.03931224], [0.02570416, -0.0695524, -0.03931224], [0.02570416, 0.0695524, -0.03931224], [-0.02570416, 0.0695524, -0.03931224], [-0.02570416, -0.0695524, 0.03931224], [0.02570416, -0.0695524, 0.03931224], [0.02570416, 0.0695524, 0.03931224], [-0.02570416, 0.0695524, 0.03931224]], "aabb": [[-0.02570416033267975, -0.06955239921808243, -0.03931223973631859], [0.02570416033267975, 0.06955239921808243, 0.03931223973631859]], "obb": [[[0.9997166559046785, -0.023803404181087607, 7.652553943314261e-05, 3.078561910872002e-05], [-1.2242061043958708e-16, 0.003214882349859331, 0.9999948322523854, -6.48468115066346e-05], [-0.02380352719170847, -0.9997114896213148, 0.003213971431928342, -0.00021736471915226072], [0.0, 0.0, 0.0, 1.0]], [0.05183519192952011, 0.1394119094522851, 0.0807843069078401]], "radius": 0.07860382296153735, "volume": 0.00023467499381685356, "num_verts": 1899, "num_faces": 3714, "num_hulls": 0}