{"bbox": [[-0.0380776, -0.0875935, -0.0495094], [0.0380841, -0.0875935, -0.0495094], [0.0380841, 0.0875935, -0.0495094], [-0.0380776, 0.0875935, -0.0495094], [-0.0380776, -0.0875935, 0.0495094], [0.0380841, -0.0875935, 0.0495094], [0.0380841, 0.0875935, 0.0495094], [-0.0380776, 0.0875935, 0.0495094]], "aabb": [[-0.03807760030031204, -0.08759350329637527, -0.04950939863920212], [0.03808410093188286, 0.08759350329637527, 0.04950939863920212]], "obb": [[[-0.9939159812176906, 0.11011282799395182, -0.002487446733009903, 0.000623748543547517], [0.0036131849036130526, 0.055169270096307586, 0.9984704785480105, 0.001896730115875148], [0.11008163868205943, 0.9923867777979587, -0.05523147722863724, -0.0009668993064671593], [0.0, 0.0, 0.0, 1.0]], [0.07975151915833682, 0.18165143587435256, 0.12170575484378508]], "radius": 0.0982674903834427, "volume": 0.0004894210831085219, "num_verts": 1682, "num_faces": 3296, "num_hulls": 0}