{"bbox": [[-0.028149280000000002, -0.0761768, -0.02484024], [0.02815232, -0.0761768, -0.02484024], [0.02815232, 0.0761768, -0.02484024], [-0.028149280000000002, 0.0761768, -0.02484024], [-0.028149280000000002, -0.0761768, 0.02484024], [0.02815232, -0.0761768, 0.02484024], [0.02815232, 0.0761768, 0.02484024], [-0.028149280000000002, 0.0761768, 0.02484024]], "aabb": [[-0.028149280697107315, -0.07617679983377457, -0.02484023943543434], [0.02815232053399086, 0.07617679983377457, 0.02484023943543434]], "obb": [[[-1.9796578176273095e-05, 0.9999999997901424, 5.273590624710758e-06, 1.6343415206293993e-06], [0.06110870266999603, 6.473478111046427e-06, -0.9981311168459202, -0.0003537736070545206], [-0.9981311166705933, -1.9437318403322307e-05, -0.061108702785324626, -0.0033501707903092347], [0.0, 0.0, 0.0, 1.0]], [0.056303415411711535, 0.15603714627573131, 0.05742075605876959]], "radius": 0.07888264308506059, "volume": 0.00015791619978469584, "num_verts": 1624, "num_faces": 3168, "num_hulls": 0}