{"bbox": [[-0.0332973, -0.0957299, -0.0332973], [0.0332973, -0.0957299, -0.0332973], [0.0332973, 0.0957299, -0.0332973], [-0.0332973, 0.0957299, -0.0332973], [-0.0332973, -0.0957299, 0.0332973], [0.0332973, -0.0957299, 0.0332973], [0.0332973, 0.0957299, 0.0332973], [-0.0332973, 0.0957299, 0.0332973]], "aabb": [[-0.03329730033874512, -0.09572990238666534, -0.03329730033874512], [0.03329730033874512, 0.09572990238666534, 0.03329730033874512]], "obb": [[[0.9997912234297172, 8.675428606114154e-19, -0.02043305050425303, -0.0002944245267166196], [-0.020431185235632438, 0.013511674490765362, -0.999699955647855, 0.0003659562350125517], [0.00027608472726683514, 0.9999087131595842, 0.013508853569706405, 0.0005715797104103389], [0.0, 0.0, 0.0, 1.0]], [0.0690409738284244, 0.19387941810089396, 0.06859978895648246]], "radius": 0.09834057232810882, "volume": 0.00034529711243529767, "num_verts": 1984, "num_faces": 3872, "num_hulls": 0}