{"bbox": [[-0.0326245, -0.0789856, -0.0669617], [0.0326186, -0.0789856, -0.0669617], [0.0326186, 0.0789831, -0.0669617], [-0.0326245, 0.0789831, -0.0669617], [-0.0326245, -0.0789856, 0.0669661], [0.0326186, -0.0789856, 0.0669661], [0.0326186, 0.0789831, 0.0669661], [-0.0326245, 0.0789831, 0.0669661]], "aabb": [[-0.032624501734972, -0.07898560166358948, -0.06696169823408127], [0.032618600875139236, 0.07898309826850891, 0.06696610152721405]], "obb": [[[0.9996452811244575, 0.01979056982361406, -0.017822605636119697, -6.267326981137976e-05], [-0.018840263170772458, 0.052484942604268704, -0.9984439770380122, 0.00015756061855562518], [-0.01882435680866744, 0.9984255926937587, 0.05283918474822164, 0.00010744764714602525], [0.0, 0.0, 0.0, 1.0]], [0.06763585090072503, 0.16100589021591774, 0.14478976081100492]], "radius": 0.09784354384897147, "volume": 0.0005339565953876952, "num_verts": 1453, "num_faces": 2866, "num_hulls": 0}