{"bbox": [[-0.0484851, -0.07964670000000001, -0.062338000000000005], [0.048482700000000004, -0.07964670000000001, -0.062338000000000005], [0.048482700000000004, 0.0796541, -0.062338000000000005], [-0.0484851, 0.0796541, -0.062338000000000005], [-0.0484851, -0.07964670000000001, 0.062338000000000005], [0.048482700000000004, -0.07964670000000001, 0.062338000000000005], [0.048482700000000004, 0.0796541, 0.062338000000000005], [-0.0484851, 0.0796541, 0.062338000000000005]], "aabb": [[-0.04848510026931763, -0.07964669913053513, -0.06233799830079079], [0.04848270118236542, 0.07965409755706787, 0.06233799830079079]], "obb": [[[0.9409949760055668, 0.039220822288609535, -0.3361401229119904, -0.0012291934960184554], [-0.3381762788617894, 0.07124642372651975, -0.9383819859318349, 0.0010236374215054041], [-0.012855331480592895, 0.9966873502785046, 0.08030607852048043, -2.4247639099245998e-05], [0.0, 0.0, 0.0, 1.0]], [0.12052280276130468, 0.1821584660787877, 0.1434259829402016]], "radius": 0.09868160510439622, "volume": 0.0005535413698849403, "num_verts": 2566, "num_faces": 5028, "num_hulls": 0}