{"bbox": [[-0.08102819381803941, -0.08102819381803941, -0.04051415690901512], [0.08102819381803941, -0.08102819381803941, -0.04051415690901512], [0.08102819381803941, 0.08102819381803941, -0.04051415690901512], [-0.08102819381803941, 0.08102819381803941, -0.04051415690901512], [-0.08102819381803941, -0.08102819381803941, 0.04051415690901512], [0.08102819381803941, -0.08102819381803941, 0.04051415690901512], [0.08102819381803941, 0.08102819381803941, 0.04051415690901512], [-0.08102819381803941, 0.08102819381803941, 0.04051415690901512]], "aabb": [[-0.08102819323539734, -0.08102819323539734, -0.040514156222343445], [0.08102819323539734, 0.08102819323539734, 0.040514156222343445]], "obb": [[[-0.007037061522365022, 0.9999752383442442, -4.9633683651077654e-05, 0.00022332850612929612], [0.0070530077030420135, 7.307704405389735e-17, -0.9999751272318431, -0.0002204253084301363], [-0.9999503661919783, -0.007037236557918392, -0.007052833058893227, 2.7892947003023064e-05], [0.0, 0.0, 0.0, 1.0]], [0.16271657303780762, 0.16271032939302188, 0.0820020359118533]], "radius": 0.11763751047522043, "volume": 0.0007039990083124261, "num_verts": 1455, "num_faces": 2842, "num_hulls": 0}