{"bbox": [[-0.04884095627373075, -0.11375603132110357, -0.03956735698125023], [0.04945919622656279, -0.11375603132110357, -0.03956735698125023], [0.04945919622656279, 0.11375603132110357, -0.03956735698125023], [-0.04884095627373075, 0.11375603132110357, -0.03956735698125023], [-0.04884095627373075, -0.11375603132110357, 0.039565436981396716], [0.04945919622656279, -0.11375603132110357, 0.039565436981396716], [0.04945919622656279, 0.11375603132110357, 0.039565436981396716], [-0.04884095627373075, 0.11375603132110357, 0.039565436981396716]], "aabb": [[-0.0488409548997879, -0.11375603079795837, -0.039567358791828156], [0.049459196627140045, 0.11375603079795837, 0.03956543654203415]], "obb": [[[-0.1037105193397864, 0.9938328371377411, 0.03924818473535129, -0.0010373877082601192], [0.008918257700370158, -0.03853018325536926, 0.9992176387844129, 0.0005270402831635977], [0.9945675406214811, 0.10397940567754817, -0.00486727203701289, -0.0034899627991814217], [0.0, 0.0, 0.0, 1.0]], [0.11076067998600005, 0.23278871149423433, 0.08994044681125757]], "radius": 0.11823772526143439, "volume": 0.0006022812511692588, "num_verts": 1595, "num_faces": 3118, "num_hulls": 0}