{"bbox": [[-0.04167000099349024, -0.11978730285595185, -0.1041750024837256], [0.04167000099349024, -0.11978730285595185, -0.1041750024837256], [0.04167000099349024, 0.11979435285611995, -0.1041750024837256], [-0.04167000099349024, 0.11979435285611995, -0.1041750024837256], [-0.04167000099349024, -0.11978730285595185, 0.1041750024837256], [0.04167000099349024, -0.11978730285595185, 0.1041750024837256], [0.04167000099349024, 0.11979435285611995, 0.1041750024837256], [-0.04167000099349024, 0.11979435285611995, 0.1041750024837256]], "aabb": [[-0.04167000204324722, -0.1197873055934906, -0.10417500138282776], [0.04167000204324722, 0.11979435384273529, 0.10417500138282776]], "obb": [[[-0.9997737267307156, -0.021122026175097643, 0.002520981799802897, -0.0019659003658329334], [0.0, 0.11851208950197283, 0.9929526094642565, -0.0002987139260690414], [-0.02127193782842662, 0.9927279308310686, -0.11848527338403149, -0.0026591144525398612], [0.0, 0.0, 0.0, 1.0]], [0.08867213848351282, 0.24392806941675257, 0.24114426053370822]], "radius": 0.14746672850708853, "volume": 0.0013615747985901722, "num_verts": 1467, "num_faces": 2882, "num_hulls": 0}