{"bbox": [[-0.020774698415016297, -0.05621381571122622, -0.021996718321783574], [0.020774698415016297, -0.05621381571122622, -0.021996718321783574], [0.020774698415016297, 0.05621381571122622, -0.021996718321783574], [-0.020774698415016297, 0.05621381571122622, -0.021996718321783574], [-0.020774698415016297, -0.05621381571122622, 0.02199587832184766], [0.020774698415016297, -0.05621381571122622, 0.02199587832184766], [0.020774698415016297, 0.05621381571122622, 0.02199587832184766], [-0.020774698415016297, 0.05621381571122622, 0.02199587832184766]], "aabb": [[-0.02077469788491726, -0.05621381476521492, -0.021996717900037766], [0.02077469788491726, 0.05621381476521492, 0.021995877847075462]], "obb": [[[-0.9983507419585372, 0.054756892829561275, 0.017247571379473407, -0.001053087703106107], [-0.018153792565439877, -0.016095835077390975, -0.9997056386300179, 0.0001534309837167937], [-0.054463160451162486, -0.9983699748994924, 0.017063334165911402, -0.0002993298826529778], [0.0, 0.0, 0.0, 1.0]], [0.04605256325714118, 0.11398077104479616, 0.048558160283437214]], "radius": 0.05921494648310248, "volume": 8.43527196651109e-05, "num_verts": 1767, "num_faces": 3446, "num_hulls": 0}