{"bbox": [[-0.08876591322769828, -0.08974547315296377, -0.08194151374835863], [0.08876999322738699, -0.08974547315296377, -0.08194151374835863], [0.08876999322738699, 0.08974547315296377, -0.08194151374835863], [-0.08876591322769828, 0.08974547315296377, -0.08194151374835863], [-0.08876591322769828, -0.08974547315296377, 0.08194151374835863], [0.08876999322738699, -0.08974547315296377, 0.08194151374835863], [0.08876999322738699, 0.08974547315296377, 0.08194151374835863], [-0.08876591322769828, 0.08974547315296377, 0.08194151374835863]], "aabb": [[-0.08876591175794601, -0.08974547684192657, -0.08194151520729065], [0.08876999467611313, 0.08974547684192657, 0.08194151520729065]], "obb": [[[0.026782103402201652, -0.9996412951340865, -1.1388207816655666e-17, 0.0020062811299529854], [0.00891757801703453, 0.00023891719731060373, 0.9999602090687825, 0.0005804598528660256], [-0.9996015184760696, -0.02678103771736731, 0.008920777943490592, -0.000689615492442154], [0.0, 0.0, 0.0, 1.0]], [0.18186017166577717, 0.18114010673443143, 0.1685441159829615]], "radius": 0.1199283259378396, "volume": 0.0012886689183368549, "num_verts": 1998, "num_faces": 3888, "num_hulls": 0}