{"bbox": [[-0.039660100000000004, -0.09098070000000001, -0.00892526], [0.0396678, -0.09098070000000001, -0.00892526], [0.0396678, 0.09106030000000001, -0.00892526], [-0.039660100000000004, 0.09106030000000001, -0.00892526], [-0.039660100000000004, -0.09098070000000001, 0.00892526], [0.0396678, -0.09098070000000001, 0.00892526], [0.0396678, 0.09106030000000001, 0.00892526], [-0.039660100000000004, 0.09106030000000001, 0.00892526]], "aabb": [[-0.039660099893808365, -0.09098070114850998, -0.008925260044634342], [0.039667800068855286, 0.09106030315160751, 0.008925260044634342]], "obb": [[[0.018882365850937766, 0.999800617888932, -0.006494669258784116, 0.0002469702140958042], [-0.0006058884317934281, -0.006484383786882827, -0.9999787926081796, 5.221992166029668e-05], [-0.9998215286535291, 0.01888590045017889, 0.0004833271214970147, -0.00019723818158115338], [0.0, 0.0, 0.0, 1.0]], [0.08047598668701984, 0.18267905607162951, 0.018488611914345476]], "radius": 0.09753558867746687, "volume": 0.00016417550264294177, "num_verts": 371, "num_faces": 734, "num_hulls": 0}