{"bbox": [[-0.041701050994230535, -0.04015665095740916, -0.14208930338767298], [0.041701050994230535, -0.04015665095740916, -0.14208930338767298], [0.041701050994230535, 0.04015665095740916, -0.14208930338767298], [-0.041701050994230535, 0.04015665095740916, -0.14208930338767298], [-0.041701050994230535, -0.04015665095740916, 0.14208555338758358], [0.041701050994230535, -0.04015665095740916, 0.14208555338758358], [0.041701050994230535, 0.04015665095740916, 0.14208555338758358], [-0.041701050994230535, 0.04015665095740916, 0.14208555338758358]], "aabb": [[-0.0417010523378849, -0.04015665128827095, -0.14208930730819702], [0.0417010523378849, 0.04015665128827095, 0.14208555221557617]], "obb": [[[0.9479807942778604, 0.3172781885071157, -0.025825661229871923, 0.0005614811978527708], [-0.31740653461829527, 0.9482891115701825, -0.0009233953861951759, 0.00029776963949797283], [0.024197220127979917, 0.009072594726837524, 0.9996660355153618, 0.00017109313721184316], [0.0, 0.0, 0.0, 1.0]], [0.10893966101213627, 0.10214467611412692, 0.28588574689330787]], "radius": 0.14634781507968336, "volume": 0.0005084094722196738, "num_verts": 2225, "num_faces": 4438, "num_hulls": 0}