{"bbox": [[-0.0759794, -0.051982200000000006, -0.0919778], [0.0759817, -0.051982200000000006, -0.0919778], [0.0759817, 0.0519875, -0.0919778], [-0.0759794, 0.0519875, -0.0919778], [-0.0759794, -0.051982200000000006, 0.09197650000000002], [0.0759817, -0.051982200000000006, 0.09197650000000002], [0.0759817, 0.0519875, 0.09197650000000002], [-0.0759794, 0.0519875, 0.09197650000000002]], "aabb": [[-0.07597939670085907, -0.051982201635837555, -0.0919777974486351], [0.07598169893026352, 0.05198749899864197, 0.09197650104761124]], "obb": [[[-0.3346470705654404, -0.9411672626458029, -0.04706933062807581, -0.0012809710250341133], [-0.940988393703883, 0.3310709278930404, 0.0702344902354081, -0.0003168332062144748], [-0.05051911595184107, 0.06779546023036638, -0.9964193868525427, -0.0008305084024803452], [0.0, 0.0, 0.0, 1.0]], [0.1685217923793175, 0.1595564811672963, 0.1998100194054778]], "radius": 0.0983934786390338, "volume": 0.0012757080913818406, "num_verts": 2835, "num_faces": 5606, "num_hulls": 0}