{"bbox": [[-0.05555670132457498, -0.1419780033850194, -0.04629720110381129], [0.05555670132457498, -0.1419780033850194, -0.04629720110381129], [0.05555670132457498, 0.1419780033850194, -0.04629720110381129], [-0.05555670132457498, 0.1419780033850194, -0.04629720110381129], [-0.05555670132457498, -0.1419780033850194, 0.04629480110375407], [0.05555670132457498, -0.1419780033850194, 0.04629480110375407], [0.05555670132457498, 0.1419780033850194, 0.04629480110375407], [-0.05555670132457498, 0.1419780033850194, 0.04629480110375407]], "aabb": [[-0.05555669963359833, -0.14197801053524017, -0.04629720002412796], [0.05555669963359833, 0.14197801053524017, 0.04629480093717575]], "obb": [[[-4.521837516686443e-05, -0.9993980179550715, -0.03469293390264315, -4.223891031797826e-05], [-0.03277940040237213, -0.03467280900016873, 0.9988610049577965, 0.0005657505610291691], [-0.9994626100382943, 0.0011823804431895036, -0.032758099943800925, 0.001953158407972026], [0.0, 0.0, 0.0, 1.0]], [0.117996600343993, 0.29128580585538033, 0.09861964236296168]], "radius": 0.1481150024168734, "volume": 0.0011682135575359156, "num_verts": 1508, "num_faces": 2936, "num_hulls": 0}