{"bbox": [[-0.0344236, -0.0879713, -0.051635299999999995], [0.0344236, -0.0879713, -0.051635299999999995], [0.0344236, 0.0879713, -0.051635299999999995], [-0.0344236, 0.0879713, -0.051635299999999995], [-0.0344236, -0.0879713, 0.051635299999999995], [0.0344236, -0.0879713, 0.051635299999999995], [0.0344236, 0.0879713, 0.051635299999999995], [-0.0344236, 0.0879713, 0.051635299999999995]], "aabb": [[-0.034423600882291794, -0.08797129988670349, -0.05163529887795448], [0.034423600882291794, 0.08797129988670349, 0.05163529887795448]], "obb": [[[0.9991770408202674, 0.0029824248737482574, -0.04045177671655619, -0.0005722596743827807], [-0.04026372271011519, -0.04770844385409034, -0.9980494662182552, -0.0015777225496964305], [-0.004906498871560514, 0.9988568513690506, -0.04754909822414951, -0.0013923371902746383], [0.0, 0.0, 0.0, 1.0]], [0.07396769098590265, 0.18349340555033714, 0.11209366432918681]], "radius": 0.0984288197691103, "volume": 0.0004537624801900812, "num_verts": 1947, "num_faces": 3814, "num_hulls": 0}