{"bbox": [[-0.06401224, -0.0180904, -0.04592184], [0.06401224, -0.0180904, -0.04592184], [0.06401224, 0.0180904, -0.04592184], [-0.06401224, 0.0180904, -0.04592184], [-0.06401224, -0.0180904, 0.04592184], [0.06401224, -0.0180904, 0.04592184], [0.06401224, 0.0180904, 0.04592184], [-0.06401224, 0.0180904, 0.04592184]], "aabb": [[-0.06401223689317703, -0.018090400844812393, -0.04592183977365494], [0.06401223689317703, 0.018090400844812393, 0.04592183977365494]], "obb": [[[-2.1110165266465533e-18, 6.11959399460362e-17, -1.0, 4.5060896820240426e-21], [0.9994055427024869, 0.03447551617521599, 0.0, -4.5530264327311395e-05], [0.03447551617521599, -0.9994055427024869, -6.123233995736766e-17, -7.359002914409865e-05], [0.0, 0.0, 0.0, 1.0]], [0.12802448, 0.03875217200428099, 0.09368039202566418]], "radius": 0.0789106487025015, "volume": 0.00038930348251791616, "num_verts": 222, "num_faces": 440, "num_hulls": 0}