{"bbox": [[-0.04899143626225004, -0.03621107723731405, -0.018105538618657026], [0.04898981626237364, -0.03621107723731405, -0.018105538618657026], [0.04898981626237364, 0.03620831723752463, -0.018105538618657026], [-0.04899143626225004, 0.03620831723752463, -0.018105538618657026], [-0.04899143626225004, -0.03621107723731405, 0.018105538618657026], [0.04898981626237364, -0.03621107723731405, 0.018105538618657026], [0.04898981626237364, 0.03620831723752463, 0.018105538618657026], [-0.04899143626225004, 0.03620831723752463, 0.018105538618657026]], "aabb": [[-0.04899143800139427, -0.036211077123880386, -0.018105538561940193], [0.04898981750011444, 0.036208316683769226, 0.018105538561940193]], "obb": [[[-5.855434122842381e-17, 0.04281793011655619, 0.9990828918866212, -0.0009849614645452147], [6.379802533475937e-17, 0.9990828918866211, -0.04281793011655619, 0.0009993732803445952], [-1.0, 6.123233995736766e-17, -6.123233995736766e-17, -3.3480151404034794e-18], [0.0, 0.0, 0.0, 1.0]], [0.10155948012701194, 0.0759606610535947, 0.036211077237314065]], "radius": 0.05877667200103787, "volume": 6.135332112440775e-05, "num_verts": 2051, "num_faces": 4026, "num_hulls": 0}