{"bbox": [[-0.0360139, -0.0872072, -0.051186800000000005], [0.0360203, -0.0872072, -0.051186800000000005], [0.0360203, 0.0872072, -0.051186800000000005], [-0.0360139, 0.0872072, -0.051186800000000005], [-0.0360139, -0.0872072, 0.051186800000000005], [0.0360203, -0.0872072, 0.051186800000000005], [0.0360203, 0.0872072, 0.051186800000000005], [-0.0360139, 0.0872072, 0.051186800000000005]], "aabb": [[-0.036013901233673096, -0.08720719814300537, -0.05118680000305176], [0.03602030128240585, 0.08720719814300537, 0.05118680000305176]], "obb": [[[0.9978801873193941, 2.1220807818864642e-21, -0.0650778899120974, -0.0008464681796526977], [-0.06507788988885381, -2.6726976272705514e-05, -0.9978801869629854, 0.00023977713680534867], [-1.739335219558371e-06, 0.9999999996428344, -2.6670320089488383e-05, -4.096088951244299e-07], [0.0, 0.0, 0.0, 1.0]], [0.07945053937780398, 0.17946947012837292, 0.10237811394836706]], "radius": 0.09843698221593347, "volume": 0.00045042625657729904, "num_verts": 1759, "num_faces": 3454, "num_hulls": 0}