{"bbox": [[-0.05446079584497102, -0.04356863667597682, -0.10020791235474301], [0.05446079584497102, -0.04356863667597682, -0.10020791235474301], [0.05446079584497102, 0.04356863667597682, -0.10020791235474301], [-0.05446079584497102, 0.04356863667597682, -0.10020791235474301], [-0.05446079584497102, -0.04356863667597682, 0.10020791235474301], [0.05446079584497102, -0.04356863667597682, 0.10020791235474301], [0.05446079584497102, 0.04356863667597682, 0.10020791235474301], [-0.05446079584497102, 0.04356863667597682, 0.10020791235474301]], "aabb": [[-0.0544607974588871, -0.04356863722205162, -0.10020790994167328], [0.0544607974588871, 0.04356863722205162, 0.10020790994167328]], "obb": [[[0.0383627932161167, -0.9989889958440064, -0.023436771945835468, -1.9985713986444463e-05], [-0.9991114271325718, -0.03793671397425784, -0.018361969010730315, -0.00045858685621280625], [0.017454290869959168, 0.024120363086383684, -0.9995566796409336, -0.0003155757114440637], [0.0, 0.0, 0.0, 1.0]], [0.11648475083010515, 0.09470672226113941, 0.2058873185459859]], "radius": 0.11755934719159994, "volume": 0.00176502481741037, "num_verts": 287, "num_faces": 570, "num_hulls": 0}