{"bbox": [[-0.06782768, -0.07298415999999999, -0.026575760000000004], [0.06822432, -0.07298415999999999, -0.026575760000000004], [0.06822432, 0.07298415999999999, -0.026575760000000004], [-0.06782768, 0.07298415999999999, -0.026575760000000004], [-0.06782768, -0.07298415999999999, 0.026575760000000004], [0.06822432, -0.07298415999999999, 0.026575760000000004], [0.06822432, 0.07298415999999999, 0.026575760000000004], [-0.06782768, 0.07298415999999999, 0.026575760000000004]], "aabb": [[-0.06782767921686172, -0.07298415899276733, -0.026575760915875435], [0.06822431832551956, 0.07298415899276733, 0.026575760915875435]], "obb": [[[0.013010962951896892, 0.9803771561437603, -0.19670116053174938, -0.0011147722651514969], [-0.06470646812083704, 0.19713100139621031, 0.9782394600872809, -1.2742683877112864e-05], [0.9978195166593964, 6.404481479246477e-17, 0.06600160735624955, -0.0032090797781382232], [0.0, 0.0, 0.0, 1.0]], [0.16312926751853038, 0.17510292734826147, 0.06087988784490192]], "radius": 0.07880427546664365, "volume": 0.00041786057098429645, "num_verts": 2695, "num_faces": 5278, "num_hulls": 0}