{"bbox": [[-0.05000891618462248, -0.009784319253515682, -0.03261449751171131], [0.05000891618462248, -0.009784319253515682, -0.03261449751171131], [0.05000891618462248, 0.009784319253515682, -0.03261449751171131], [-0.05000891618462248, 0.009784319253515682, -0.03261449751171131], [-0.05000891618462248, -0.009784319253515682, 0.03261449751171131], [0.05000891618462248, -0.009784319253515682, 0.03261449751171131], [0.05000891618462248, 0.009784319253515682, 0.03261449751171131], [-0.05000891618462248, 0.009784319253515682, 0.03261449751171131]], "aabb": [[-0.05000891536474228, -0.009784319438040257, -0.03261449933052063], [0.05000891536474228, 0.009784319438040257, 0.03261449933052063]], "obb": [[[4.262041903701834e-18, 6.108383137513342e-17, -1.0, -2.311235231201644e-21], [0.9975746707975287, -0.0696044264627031, 0.0, 2.7906205685262007e-06], [-0.0696044264627031, -0.9975746707975288, -6.123233995736766e-17, 3.774533576229189e-05], [0.0, 0.0, 0.0, 1.0]], [0.10001783236924496, 0.021322393477217542, 0.0666104335048904]], "radius": 0.05920077381719515, "volume": 9.616967923954927e-05, "num_verts": 582, "num_faces": 1124, "num_hulls": 0}