{"bbox": [[-0.0602949, -0.042836700000000005, -0.0729885], [0.0602949, -0.042836700000000005, -0.0729885], [0.0602949, 0.0428411, -0.0729885], [-0.0602949, 0.0428411, -0.0729885], [-0.0602949, -0.042836700000000005, 0.07298710000000001], [0.0602949, -0.042836700000000005, 0.07298710000000001], [0.0602949, 0.0428411, 0.07298710000000001], [-0.0602949, 0.0428411, 0.07298710000000001]], "aabb": [[-0.060294900089502335, -0.04283669963479042, -0.07298850268125534], [0.060294900089502335, 0.042841099202632904, 0.07298710197210312]], "obb": [[[-0.0005706553628044789, 0.999999836296953, -4.1934761697012425e-05, -8.670922141889859e-06], [0.9973106808682812, 0.0005721940818779034, 0.07328764165927429, 8.121556368064167e-05], [0.07328765365668649, 6.123461085167211e-17, -0.9973108441311053, -0.0011617298890038822], [0.0, 0.0, 0.0, 1.0]], [0.12063545443042445, 0.09420355440160938, 0.15247676336564966]], "radius": 0.09829863816381182, "volume": 0.0010516805705635688, "num_verts": 1770, "num_faces": 3452, "num_hulls": 0}