{"bbox": [[-0.0968264, -0.021049200000000004, -0.0547226], [0.0968264, -0.021049200000000004, -0.0547226], [0.0968264, 0.021049200000000004, -0.0547226], [-0.0968264, 0.021049200000000004, -0.0547226], [-0.0968264, -0.021049200000000004, 0.054728], [0.0968264, -0.021049200000000004, 0.054728], [0.0968264, 0.021049200000000004, 0.054728], [-0.0968264, 0.021049200000000004, 0.054728]], "aabb": [[-0.09682639688253403, -0.021049199625849724, -0.05472259968519211], [0.09682639688253403, 0.021049199625849724, 0.05472800135612488]], "obb": [[[-4.363222587435402e-18, -6.107668741268749e-17, -1.0, 6.395490268096193e-20], [-0.9974580010368941, 0.07125683242667596, -0.0, -7.469336536250899e-05], [0.07125683242667596, 0.9974580010368941, -6.123233995736766e-17, -0.0010444628234931054], [0.0, 0.0, 0.0, 1.0]], [0.1936528, 0.0443212216324182, 0.11210069921316683]], "radius": 0.09850486079767841, "volume": 0.000625938275144075, "num_verts": 531, "num_faces": 1054, "num_hulls": 0}