{"bbox": [[-0.12002295286157018, -0.033919500808703915, -0.08610345205286626], [0.12002295286157018, -0.033919500808703915, -0.08610345205286626], [0.12002295286157018, 0.033919500808703915, -0.08610345205286626], [-0.12002295286157018, 0.033919500808703915, -0.08610345205286626], [-0.12002295286157018, -0.033919500808703915, 0.08610345205286626], [0.12002295286157018, -0.033919500808703915, 0.08610345205286626], [0.12002295286157018, 0.033919500808703915, 0.08610345205286626], [-0.12002295286157018, 0.033919500808703915, 0.08610345205286626]], "aabb": [[-0.12002295255661011, -0.033919502049684525, -0.08610345423221588], [0.12002295255661011, 0.033919502049684525, 0.08610345423221588]], "obb": [[[-2.1110165266465533e-18, 6.11959399460362e-17, -1.0, 8.448918355232929e-21], [0.9994055427024869, 0.03447551617521599, 0.0, -8.536924764906575e-05], [0.03447551617521599, -0.9994055427024869, -6.123233995736766e-17, -0.0001379813079349147], [0.0, 0.0, 0.0, 1.0]], [0.24004590572314036, 0.07266032424038396, 0.17565073923596025]], "radius": 0.14795746984477126, "volume": 0.0025662096630378302, "num_verts": 222, "num_faces": 440, "num_hulls": 0}