{"bbox": [[-0.05163540123108389, -0.13195695314609893, -0.07745295184662226], [0.05163540123108389, -0.13195695314609893, -0.07745295184662226], [0.05163540123108389, 0.13195695314609893, -0.07745295184662226], [-0.05163540123108389, 0.13195695314609893, -0.07745295184662226], [-0.05163540123108389, -0.13195695314609893, 0.07745295184662226], [0.05163540123108389, -0.13195695314609893, 0.07745295184662226], [0.05163540123108389, 0.13195695314609893, 0.07745295184662226], [-0.05163540123108389, 0.13195695314609893, 0.07745295184662226]], "aabb": [[-0.05163539946079254, -0.13195694983005524, -0.07745295017957687], [0.05163539946079254, 0.13195694983005524, 0.07745295017957687]], "obb": [[[0.9991770408202674, 0.002982424873748257, -0.040451776716556226, -0.0008583895320397711], [-0.04026372271011522, -0.04770844385409034, -0.9980494662182552, -0.0023665838809683953], [-0.004906498871560516, 0.9988568513690506, -0.04754909822414951, -0.002088505835205828], [0.0, 0.0, 0.0, 1.0]], [0.11095153912414481, 0.27524011488774136, 0.16814050050256216]], "radius": 0.14764323317375444, "volume": 0.0015314484801792524, "num_verts": 1947, "num_faces": 3814, "num_hulls": 0}