{"bbox": [[-0.09966719239599667, -0.021666718346960576, -0.06716507487571145], [0.09966719239599667, -0.021666718346960576, -0.06716507487571145], [0.09966719239599667, 0.021666718346960576, -0.06716507487571145], [-0.09966719239599667, 0.021666718346960576, -0.06716507487571145], [-0.09966719239599667, -0.021666718346960576, 0.06716699487556498], [0.09966719239599667, -0.021666718346960576, 0.06716699487556498], [0.09966719239599667, 0.021666718346960576, 0.06716699487556498], [-0.09966719239599667, 0.021666718346960576, 0.06716699487556498]], "aabb": [[-0.09966719150543213, -0.021666718646883965, -0.0671650767326355], [0.09966719150543213, 0.021666718646883965, 0.06716699153184891]], "obb": [[[0.000931529878530413, -0.0008191621823180359, -0.9999992306124061, 1.224024679156471e-06], [-0.9979418885305582, -0.06411877907253453, -0.0008770896820325764, -0.000212871215887348], [-0.06411801126164335, 0.997941937761695, -0.0008772048137162306, -4.7439579975074325e-05], [0.0, 0.0, 0.0, 1.0]], [0.19956865003224508, 0.045867402809107186, 0.13752885696003783]], "radius": 0.1182081073278147, "volume": 0.0008729437917653291, "num_verts": 664, "num_faces": 1308, "num_hulls": 0}