{"bbox": [[-0.09267495220954304, -0.04758195113444212, -0.11521740274699695], [0.09267495220954304, -0.04758195113444212, -0.11521740274699695], [0.09267495220954304, 0.047589751134628086, -0.11521740274699695], [-0.09267495220954304, 0.047589751134628086, -0.11521740274699695], [-0.09267495220954304, -0.04758195113444212, 0.11521740274699695], [0.09267495220954304, -0.04758195113444212, 0.11521740274699695], [0.09267495220954304, 0.047589751134628086, 0.11521740274699695], [-0.09267495220954304, 0.047589751134628086, 0.11521740274699695]], "aabb": [[-0.09267495572566986, -0.047581952065229416, -0.11521740257740021], [0.09267495572566986, 0.047589752823114395, 0.11521740257740021]], "obb": [[[-0.20058513574222353, 0.9795256096776792, -0.017180899418961653, 0.0011816384815708483], [0.9796709598787803, 0.20049543215685905, -0.006811171296029459, 0.0004944828832061524], [-0.003227024862514118, -0.018197847944332546, -0.9998291977336586, 0.0002131350134019658], [0.0, 0.0, 0.0, 1.0]], [0.20442301190013815, 0.11588035431911291, 0.23624933335529982]], "radius": 0.14722599629270505, "volume": 0.001389663629597622, "num_verts": 1570, "num_faces": 3092, "num_hulls": 0}