{"bbox": [[-0.11587031115979682, -0.11587031115979682, -0.02267027827039503], [0.11587031115979682, -0.11587031115979682, -0.02267027827039503], [0.11587031115979682, 0.11587031115979682, -0.02267027827039503], [-0.11587031115979682, 0.11587031115979682, -0.02267027827039503], [-0.11587031115979682, -0.11587031115979682, 0.02267027827039503], [0.11587031115979682, -0.11587031115979682, 0.02267027827039503], [0.11587031115979682, 0.11587031115979682, 0.02267027827039503], [-0.11587031115979682, 0.11587031115979682, 0.02267027827039503]], "aabb": [[-0.11587031185626984, -0.11587031185626984, -0.022670278325676918], [0.11587031185626984, 0.11587031185626984, 0.022670278325676918]], "obb": [[[-0.008498627757821575, 0.9999638813748774, -9.629082959550782e-05, -0.00016195814183158117], [0.011329434866790673, -4.716040025177924e-16, -0.9999358198932565, 0.00018768113447183548], [-0.9998997035862314, -0.008499173235667073, -0.011329025663179868, -0.00016376569701535411], [0.0, 0.0, 0.0, 1.0]], [0.23214032982146887, 0.23223713879219496, 0.04844899674555527]], "radius": 0.11861990297827228, "volume": 0.0005335415765302322, "num_verts": 1706, "num_faces": 3348, "num_hulls": 0}