{"bbox": [[-0.0550688, -0.0538716, -0.04070304], [0.0550688, -0.0538716, -0.04070304], [0.0550688, 0.0538716, -0.04070304], [-0.0550688, 0.0538716, -0.04070304], [-0.0550688, -0.0538716, 0.04070232], [0.0550688, -0.0538716, 0.04070232], [0.0550688, 0.0538716, 0.04070232], [-0.0550688, 0.0538716, 0.04070232]], "aabb": [[-0.05506879836320877, -0.053871601819992065, -0.04070303961634636], [0.05506879836320877, 0.053871601819992065, 0.040702320635318756]], "obb": [[[0.016047803442920203, -0.9983587784403363, -0.05497469886936241, 0.0002780299690241456], [-0.005559008908997489, -0.05507001575578598, 0.9984670203790443, -9.064239948498999e-05], [-0.9998557723114905, -0.015717597646496866, -0.006433638132173053, 0.0003105413800876223], [0.0, 0.0, 0.0, 1.0]], [0.11205316359778775, 0.1190728041857408, 0.08337515904464263]], "radius": 0.0782731054475086, "volume": 0.00046461236780374275, "num_verts": 3362, "num_faces": 6660, "num_hulls": 0}