{"bbox": [[-0.09557805227875833, -0.08726700208060746, -0.078955801882453], [0.09557805227875833, -0.08726700208060746, -0.078955801882453], [0.09557805227875833, 0.08726700208060746, -0.078955801882453], [-0.09557805227875833, 0.08726700208060746, -0.078955801882453], [-0.09557805227875833, -0.08726700208060746, 0.078955801882453], [0.09557805227875833, -0.08726700208060746, 0.078955801882453], [0.09557805227875833, 0.08726700208060746, 0.078955801882453], [-0.09557805227875833, 0.08726700208060746, 0.078955801882453]], "aabb": [[-0.09557805210351944, -0.08726700395345688, -0.07895579934120178], [0.09557805210351944, 0.08726700395345688, 0.07895579934120178]], "obb": [[[-0.011435247152080982, 1.635107414008237e-05, 0.9999346152900265, 0.00044538360237237126], [0.0014298822935092362, 0.9999989777177909, -5.112696096245217e-18, -0.00010404476836081453], [-0.9999335930746588, 0.001429788801070179, -0.011435258842142654, 0.0005063971376680337], [0.0, 0.0, 0.0, 1.0]], [0.19376227763340556, 0.1747576740955855, 0.15956161335257824]], "radius": 0.14655368975501804, "volume": 0.001112850682315922, "num_verts": 1021, "num_faces": 1958, "num_hulls": 0}