{"bbox": [[-0.02618912, -0.024942000000000002, -0.07648880000000001], [0.02618912, -0.024942000000000002, -0.07648880000000001], [0.02618912, 0.024942000000000002, -0.07648880000000001], [-0.02618912, 0.024942000000000002, -0.07648880000000001], [-0.02618912, -0.024942000000000002, 0.07648880000000001], [0.02618912, -0.024942000000000002, 0.07648880000000001], [0.02618912, 0.024942000000000002, 0.07648880000000001], [-0.02618912, 0.024942000000000002, 0.07648880000000001]], "aabb": [[-0.02618912048637867, -0.024941999465227127, -0.07648880034685135], [0.02618912048637867, 0.024941999465227127, 0.07648880034685135]], "obb": [[[-6.123233995736766e-17, -0.9993884505853707, -0.034967482559826686, 0.0009917107821525346], [-1.0, 5.905375257615372e-17, 6.3336034135267e-17, -6.572861434496984e-20], [-6.123233995736767e-17, 0.034967482559826686, -0.999388450585371, 8.171895106903842e-05], [0.0, 0.0, 0.0, 1.0]], [0.05565880109337499, 0.04988400000000002, 0.1554793292155539]], "radius": 0.07890765284473744, "volume": 0.00024272463720469584, "num_verts": 781, "num_faces": 1554, "num_hulls": 0}