{"bbox": [[-0.0349419, -0.0945487, -0.0328848], [0.0349419, -0.0945487, -0.0328848], [0.0349419, 0.0945487, -0.0328848], [-0.0349419, 0.0945487, -0.0328848], [-0.0349419, -0.0945487, 0.032886500000000006], [0.0349419, -0.0945487, 0.032886500000000006], [0.0349419, 0.0945487, 0.032886500000000006], [-0.0349419, 0.0945487, 0.032886500000000006]], "aabb": [[-0.0349419005215168, -0.09454870223999023, -0.03288479894399643], [0.0349419005215168, 0.09454870223999023, 0.03288650140166283]], "obb": [[[0.0023805938330711054, -0.9999964542509702, -0.0011934230136265462, 3.5411080963783824e-05], [-0.0011972494200078482, 0.0011905753693704315, -0.9999985745610421, -2.0629065861962848e-05], [0.9999964496771117, 0.0023820192646908014, -0.001194410898479749, -2.4975045491563442e-05], [0.0, 0.0, 0.0, 1.0]], [0.07018984637179694, 0.18927648260751215, 0.06623401321947044]], "radius": 0.09876208812707436, "volume": 0.0003535717075639895, "num_verts": 1675, "num_faces": 3266, "num_hulls": 0}