{"bbox": [[-0.04193279680078149, -0.1102449515889777, -0.010784843177181765], [0.04193279680078149, -0.1102449515889777, -0.010784843177181765], [0.04193279680078149, 0.10994543161182925, -0.010784843177181765], [-0.04193279680078149, 0.10994543161182925, -0.010784843177181765], [-0.04193279680078149, -0.1102449515889777, 0.010784843177181765], [0.04193279680078149, -0.1102449515889777, 0.010784843177181765], [0.04193279680078149, 0.10994543161182925, 0.010784843177181765], [-0.04193279680078149, 0.10994543161182925, 0.010784843177181765]], "aabb": [[-0.04193279519677162, -0.11024495214223862, -0.010784843005239964], [0.04193279519677162, 0.10994543135166168, 0.010784843005239964]], "obb": [[[0.021973920921015484, 0.9997585229316226, 0.00020645807630123954, -5.681056058702146e-05], [0.009395180990878693, 8.324329579261466e-17, -0.9999558643130949, -0.00016372664821389616], [-0.9997143979024737, 0.02197489079791551, -0.009392912270116141, -0.00041139782599331187], [0.0, 0.0, 0.0, 1.0]], [0.08451460305558141, 0.22041573417875687, 0.02483375978638384]], "radius": 0.11717742734535638, "volume": 0.00032666166677610764, "num_verts": 412, "num_faces": 820, "num_hulls": 0}