{"bbox": [[-0.01908083854424755, -0.01908083854424755, -0.0548543358149463], [0.01908083854424755, -0.01908083854424755, -0.0548543358149463], [0.01908083854424755, 0.01908083854424755, -0.0548543358149463], [-0.01908083854424755, 0.01908083854424755, -0.0548543358149463], [-0.01908083854424755, -0.01908083854424755, 0.05485739581471285], [0.01908083854424755, -0.01908083854424755, 0.05485739581471285], [0.01908083854424755, 0.01908083854424755, 0.05485739581471285], [-0.01908083854424755, 0.01908083854424755, 0.05485739581471285]], "aabb": [[-0.019080838188529015, -0.019080838188529015, -0.05485433712601662], [0.019080838188529015, 0.019080838188529015, 0.054857395589351654]], "obb": [[[0.9998005157654879, -0.006770101370192713, -0.01879080632921427, 3.271764176487489e-05], [0.006514013016507242, 0.9998855300479682, -0.013656296537292136, 1.846616105177223e-05], [0.018881109858414007, 0.013531168764411954, 0.9997301691768552, -0.00015847149842360613], [0.0, 0.0, 0.0, 1.0]], [0.039153464435064234, 0.03893213788675061, 0.11154762813225122]], "radius": 0.05913999223742196, "volume": 7.134033109781186e-05, "num_verts": 927, "num_faces": 1822, "num_hulls": 0}