{"bbox": [[-0.070193, -0.054550100000000004, -0.0671357], [0.0701906, -0.054550100000000004, -0.0671357], [0.0701906, 0.054552199999999995, -0.0671357], [-0.070193, 0.054552199999999995, -0.0671357], [-0.070193, -0.054550100000000004, 0.0671379], [0.0701906, -0.054550100000000004, 0.0671379], [0.0701906, 0.054552199999999995, 0.0671379], [-0.070193, 0.054552199999999995, 0.0671379]], "aabb": [[-0.07019300013780594, -0.05455010011792183, -0.06713569909334183], [0.07019060105085373, 0.05455220118165016, 0.06713789701461792]], "obb": [[[0.03047147939920634, -0.0066717513024214005, -0.9995133699344809, 0.0005109417090476396], [-0.9872065197760326, -0.15677817687348758, -0.029049794627833678, -0.003113489937137727], [-0.15650807089386035, 0.987611305621186, -0.011363659370920244, -0.0022989010266094437], [0.0, 0.0, 0.0, 1.0]], [0.14413485253328484, 0.12701732751145123, 0.1528809914541232]], "radius": 0.09797466288352312, "volume": 0.0010577436159170234, "num_verts": 3249, "num_faces": 6370, "num_hulls": 0}