{"bbox": [[-0.09529290000000001, -0.037286599999999996, -0.031073800000000002], [0.09529290000000001, -0.037286599999999996, -0.031073800000000002], [0.09529290000000001, 0.0372885, -0.031073800000000002], [-0.09529290000000001, 0.0372885, -0.031073800000000002], [-0.09529290000000001, -0.037286599999999996, 0.031073800000000002], [0.09529290000000001, -0.037286599999999996, 0.031073800000000002], [0.09529290000000001, 0.0372885, 0.031073800000000002], [-0.09529290000000001, 0.0372885, 0.031073800000000002]], "aabb": [[-0.09529290348291397, -0.03728659823536873, -0.0310737993568182], [0.09529290348291397, 0.03728850185871124, 0.0310737993568182]], "obb": [[[-0.005924586734969034, 2.489913988393234e-16, -0.9999824494819995, 2.7330033286497156e-05], [0.05162102238179834, -0.9986666994102754, -0.00030583859207469153, 4.7270556735275075e-05], [-0.998649172292391, -0.051621928373381476, 0.0059166874799814135, 0.0001023205031487411], [0.0, 0.0, 0.0, 1.0]], [0.19089703203744407, 0.07667237070383957, 0.06688406810347575]], "radius": 0.09810889812473689, "volume": 0.000274637620048718, "num_verts": 1685, "num_faces": 3326, "num_hulls": 0}