{"bbox": [[-0.10920555260366327, -0.08546520203764921, -0.10919880260350233], [0.10920555260366327, -0.08546520203764921, -0.10919880260350233], [0.10920555260366327, 0.08546520203764921, -0.10919880260350233], [-0.10920555260366327, 0.08546520203764921, -0.10919880260350233], [-0.10920555260366327, -0.08546520203764921, 0.10920555260366327], [0.10920555260366327, -0.08546520203764921, 0.10920555260366327], [0.10920555260366327, 0.08546520203764921, 0.10920555260366327], [-0.10920555260366327, 0.08546520203764921, 0.10920555260366327]], "aabb": [[-0.10920555144548416, -0.0854652002453804, -0.10919880121946335], [0.10920555144548416, 0.0854652002453804, 0.10920555144548416]], "obb": [[[1.7294061955590497e-05, 0.9999999998351492, -5.533267859861127e-06, -9.675778687894212e-07], [-0.9524374462627824, 1.815768796220418e-05, 0.3047341638653732, -0.0040205974373672135], [0.3047341639156089, 6.123201360630842e-17, 0.9524374464197924, 0.0009531685417211087], [0.0, 0.0, 0.0, 1.0]], [0.21841539469525859, 0.2131675899794159, 0.2725646187901992]], "radius": 0.14746302488693996, "volume": 0.0029865441524065377, "num_verts": 2744, "num_faces": 5348, "num_hulls": 0}