{"bbox": [[-0.0923638, -0.036142400000000005, -0.042166100000000005], [0.0923638, -0.036142400000000005, -0.042166100000000005], [0.0923638, 0.036142400000000005, -0.042166100000000005], [-0.0923638, 0.036142400000000005, -0.042166100000000005], [-0.0923638, -0.036142400000000005, 0.042166100000000005], [0.0923638, -0.036142400000000005, 0.042166100000000005], [0.0923638, 0.036142400000000005, 0.042166100000000005], [-0.0923638, 0.036142400000000005, 0.042166100000000005]], "aabb": [[-0.09236379712820053, -0.03614240139722824, -0.042166098952293396], [0.09236379712820053, 0.03614240139722824, 0.042166098952293396]], "obb": [[[-0.003272079979332515, 0.010478279124467629, -0.9999397477644334, -0.00022590284752457745], [-0.8930403576915392, -0.4499730045900775, -0.0017929512947555228, 0.0006633276732374611], [-0.4499646797547293, 0.8929806833335018, 0.010829873796865654, -0.0038481322530425134], [0.0, 0.0, 0.0, 1.0]], [0.1854413655459529, 0.10261215505311264, 0.10513428190987825]], "radius": 0.0980972018855691, "volume": 0.0006922256592632004, "num_verts": 1185, "num_faces": 2338, "num_hulls": 0}