{"bbox": [[-0.03264270077826263, -0.12513615298347838, -0.08977155214032059], [0.032644200778298396, -0.12513615298347838, -0.08977155214032059], [0.032644200778298396, 0.12513615298347838, -0.08977155214032059], [-0.03264270077826263, 0.12513615298347838, -0.08977155214032059], [-0.03264270077826263, -0.12513615298347838, 0.08976810214023834], [0.032644200778298396, -0.12513615298347838, 0.08976810214023834], [0.032644200778298396, 0.12513615298347838, 0.08976810214023834], [-0.03264270077826263, 0.12513615298347838, 0.08976810214023834]], "aabb": [[-0.03264269977807999, -0.12513615190982819, -0.08977155387401581], [0.03264420107007027, 0.12513615190982819, 0.08976810425519943]], "obb": [[[0.9999216762541346, 0.00029541505741937664, 0.012512157570374388, -0.0003356374617706736], [0.012515643789247553, -0.023266110881820925, -0.9996509624588853, 0.0002863095842784218], [-4.202701070981089e-06, 0.9997292637581331, -0.023267985902493574, 0.00017055539269286626], [0.0, 0.0, 0.0, 1.0]], [0.06677959501356567, 0.2579850013079892, 0.18160051656190873]], "radius": 0.14708999483692603, "volume": 0.0008645680096675295, "num_verts": 1743, "num_faces": 3374, "num_hulls": 0}