{"bbox": [[-0.02660808, -0.07649816000000001, -0.02660808], [0.02660808, -0.07649816000000001, -0.02660808], [0.02660808, 0.07649816000000001, -0.02660808], [-0.02660808, 0.07649816000000001, -0.02660808], [-0.02660808, -0.07649816000000001, 0.02660808], [0.02660808, -0.07649816000000001, 0.02660808], [0.02660808, 0.07649816000000001, 0.02660808], [-0.02660808, 0.07649816000000001, 0.02660808]], "aabb": [[-0.02660807967185974, -0.07649815827608109, -0.02660807967185974], [0.02660807967185974, 0.07649815827608109, 0.02660807967185974]], "obb": [[[-0.9076076216103265, 0.4164244223932981, -0.05328325843315536, 0.0018448145333463397], [-0.04127196103311558, 0.03780037310695677, 0.9984326502200617, 0.00011493388003404377], [0.4177858667156267, 0.9083841875700958, -0.017121254197334127, -0.0028240626604725057], [0.0, 0.0, 0.0, 1.0]], [0.08061612984384407, 0.15733651384056357, 0.07697851753787917]], "radius": 0.07872546306941866, "volume": 0.0001838571710574323, "num_verts": 1793, "num_faces": 3502, "num_hulls": 0}