{"bbox": [[-0.04294715672339198, -0.11619923113470222, -0.05051771614580413], [0.04294715672339198, -0.11619923113470222, -0.05051771614580413], [0.04294715672339198, 0.11621003113387823, -0.05051771614580413], [-0.04294715672339198, 0.11621003113387823, -0.05051771614580413], [-0.04294715672339198, -0.11619923113470222, 0.04989071619364043], [0.04294715672339198, -0.11619923113470222, 0.04989071619364043], [0.04294715672339198, 0.11621003113387823, 0.04989071619364043], [-0.04294715672339198, 0.11621003113387823, 0.04989071619364043]], "aabb": [[-0.042947158217430115, -0.11619923263788223, -0.05051771551370621], [0.042947158217430115, 0.11621002852916718, 0.04989071562886238]], "obb": [[[0.9883730474525765, 0.0007526233167917802, -0.1520465475683347, 0.0022142101449783864], [-0.15204841028207705, 0.004892340536946618, -0.9883609390980421, 0.0004986771721791798], [-6.11482534043532e-17, 0.9999877492060659, 0.004949892704537118, -0.00011913705840360469], [0.0, 0.0, 0.0, 1.0]], [0.11530611821832512, 0.24352090370513862, 0.10143381889905684]], "radius": 0.11818582063455252, "volume": 0.0007722965551499033, "num_verts": 1697, "num_faces": 3326, "num_hulls": 0}