{"bbox": [[-0.044111876634530894, -0.11273027139936284, -0.053914435886654975], [0.044111876634530894, -0.11273027139936284, -0.053914435886654975], [0.044111876634530894, 0.11273027139936284, -0.053914435886654975], [-0.044111876634530894, 0.11273027139936284, -0.053914435886654975], [-0.044111876634530894, -0.11273027139936284, 0.053914435886654975], [0.044111876634530894, -0.11273027139936284, 0.053914435886654975], [0.044111876634530894, 0.11273027139936284, 0.053914435886654975], [-0.044111876634530894, 0.11273027139936284, 0.053914435886654975]], "aabb": [[-0.04411187767982483, -0.11273027211427689, -0.05391443520784378], [0.04411187767982483, 0.11273027211427689, 0.05391443520784378]], "obb": [[[0.9991260572847319, -0.016787799013541733, -0.03827912562935353, -0.0002617388695478265], [-0.037479558288650565, 0.045603063818996814, -0.9982563013979969, 0.0014241670770854312], [0.018504171560881917, 0.9988185672956834, 0.0449340100619121, 0.0009679684048157616], [0.0, 0.0, 0.0, 1.0]], [0.09780970331737376, 0.23342543015073655, 0.11923704481530402]], "radius": 0.11859709365231447, "volume": 0.0008298514143220743, "num_verts": 1947, "num_faces": 3806, "num_hulls": 0}