{"bbox": [[-0.06861024, -0.02684744, -0.04176272], [0.0686012, -0.02684744, -0.04176272], [0.0686012, 0.02684744, -0.04176272], [-0.06861024, 0.02684744, -0.04176272], [-0.06861024, -0.02684744, 0.04176272], [0.0686012, -0.02684744, 0.04176272], [0.0686012, 0.02684744, 0.04176272], [-0.06861024, 0.02684744, 0.04176272]], "aabb": [[-0.06861024349927902, -0.026847440749406815, -0.04176272079348564], [0.06860119849443436, 0.026847440749406815, 0.04176272079348564]], "obb": [[[-2.9133294357858787e-18, -6.116299508896885e-17, -1.0, -4.519999999993962e-06], [-0.9988675123562633, 0.047578280330528806, -0.0, 9.788524286837111e-05], [0.047578280330528806, 0.9988675123562631, -6.123233995736766e-17, -0.0001823504994103217], [0.0, 0.0, 0.0, 1.0]], [0.13721144000000002, 0.05694902261745172, 0.08677903321329793]], "radius": 0.07882771212751008, "volume": 0.0005279629734492391, "num_verts": 501, "num_faces": 994, "num_hulls": 0}