{"bbox": [[-0.0539753958820041, -0.023272018224485914, -0.023467558209567394], [0.05397359588214143, -0.023272018224485914, -0.023467558209567394], [0.05397359588214143, 0.023463178209901563, -0.023467558209567394], [-0.0539753958820041, 0.023463178209901563, -0.023467558209567394], [-0.0539753958820041, -0.023272018224485914, 0.023467558209567394], [0.05397359588214143, -0.023272018224485914, 0.023467558209567394], [0.05397359588214143, 0.023463178209901563, 0.023467558209567394], [-0.0539753958820041, 0.023463178209901563, 0.023467558209567394]], "aabb": [[-0.05397539585828781, -0.023272018879652023, -0.02346755750477314], [0.053973596543073654, 0.023463178426027298, 0.02346755750477314]], "obb": [[[-3.471793327470782e-17, -0.03675897850032613, -0.9993241603702038, 0.0006161289247102034], [-0.5622930884575452, -0.8263791387390699, 0.030397396759400154, -0.00017909367615366714], [-0.8269380162218177, 0.561913068504805, -0.020669319549492856, -0.0026232866622963725], [0.0, 0.0, 0.0, 1.0]], [0.1097573487544487, 0.06597405563945538, 0.06475441793136646]], "radius": 0.05897264134932419, "volume": 0.00014051530061899234, "num_verts": 1232, "num_faces": 2436, "num_hulls": 0}