{"bbox": [[-0.12734955303624995, -0.022150050528098354, -0.07752495184833888], [0.127350603036275, -0.022150050528098354, -0.07752495184833888], [0.127350603036275, 0.022150050528098354, -0.07752495184833888], [-0.12734955303624995, 0.022150050528098354, -0.07752495184833888], [-0.12734955303624995, -0.022150050528098354, 0.07752495184833888], [0.127350603036275, -0.022150050528098354, 0.07752495184833888], [0.127350603036275, 0.022150050528098354, 0.07752495184833888], [-0.12734955303624995, 0.022150050528098354, 0.07752495184833888]], "aabb": [[-0.12734955549240112, -0.022150050848722458, -0.07752495259046555], [0.1273505985736847, 0.022150050848722458, 0.07752495259046555]], "obb": [[[4.5645751144241305e-18, -6.106196943007509e-17, -1.0, 5.250000125189577e-07], [-0.9972176381400547, -0.07454516873929962, -0.0, 9.646265895109836e-05], [-0.07454516873929962, 0.9972176381400549, -6.123233995736766e-17, 0.0004211563298705699], [0.0, 0.0, 0.0, 1.0]], [0.25470015607252494, 0.04766482595882735, 0.15770847064255608]], "radius": 0.14669999509393764, "volume": 0.00130948719953768, "num_verts": 189, "num_faces": 370, "num_hulls": 0}