{"bbox": [[-0.04397363664507777, -0.011471399124801702, -0.04014983693681053], [0.04397363664507777, -0.011471399124801702, -0.04014983693681053], [0.04397363664507777, 0.011471399124801702, -0.04014983693681053], [-0.04397363664507777, 0.011471399124801702, -0.04014983693681053], [-0.04397363664507777, -0.011471399124801702, 0.04014983693681053], [0.04397363664507777, -0.011471399124801702, 0.04014983693681053], [0.04397363664507777, 0.011471399124801702, 0.04014983693681053], [-0.04397363664507777, 0.011471399124801702, 0.04014983693681053]], "aabb": [[-0.043973635882139206, -0.0114713991060853, -0.040149837732315063], [0.043973635882139206, 0.0114713991060853, 0.040149837732315063]], "obb": [[[-0.00023809457616162156, -0.000764376190030339, 0.999999679519955, 1.5186923478134445e-05], [-0.999456774053294, 0.032956206184148226, -0.00021277436587912538, 3.7949378075386413e-06], [-0.03295603298268267, -0.9994565044077647, -0.00077180765499418, -1.8602560240945546e-05], [0.0, 0.0, 0.0, 1.0]], [0.08804484037069762, 0.025223725311088352, 0.08168896037007067]], "radius": 0.058543474246481535, "volume": 0.00013295914324261348, "num_verts": 1016, "num_faces": 1952, "num_hulls": 0}