{"bbox": [[-0.051035516106299125, -0.051035516106299125, -0.09781811253707026], [0.051035516106299125, -0.051035516106299125, -0.09781811253707026], [0.051035516106299125, 0.051035516106299125, -0.09781811253707026], [-0.051035516106299125, 0.051035516106299125, -0.09781811253707026], [-0.051035516106299125, -0.051035516106299125, 0.09781811253707026], [0.051035516106299125, -0.051035516106299125, 0.09781811253707026], [0.051035516106299125, 0.051035516106299125, 0.09781811253707026], [-0.051035516106299125, 0.051035516106299125, 0.09781811253707026]], "aabb": [[-0.05103551596403122, -0.05103551596403122, -0.09781811386346817], [0.05103551596403122, 0.05103551596403122, 0.09781811386346817]], "obb": [[[0.9999254956222232, -0.00034880009440103866, 0.012201702469135973, -0.00016599594643082653], [0.0006413028154246866, 0.9997123144152118, -0.02397659561487952, -0.00025913438294997767], [-0.012189829176411846, 0.023982634239688463, 0.9996380551577532, -0.000876094487907153], [0.0, 0.0, 0.0, 1.0]], [0.1028384536626386, 0.10522443521308844, 0.20076886946402056]], "radius": 0.11834176496308096, "volume": 0.0019035591626433434, "num_verts": 206, "num_faces": 408, "num_hulls": 0}