{"bbox": [[-0.08290340000000002, -0.0180225, -0.0558697], [0.08290340000000002, -0.0180225, -0.0558697], [0.08290340000000002, 0.0180225, -0.0558697], [-0.08290340000000002, 0.0180225, -0.0558697], [-0.08290340000000002, -0.0180225, 0.0558697], [0.08290340000000002, -0.0180225, 0.0558697], [0.08290340000000002, 0.0180225, 0.0558697], [-0.08290340000000002, 0.0180225, 0.0558697]], "aabb": [[-0.08290340006351471, -0.018022499978542328, -0.0558696985244751], [0.08290340006351471, 0.018022499978542328, 0.0558696985244751]], "obb": [[[4.362996309926968e-18, 6.107670357717587e-17, -1.0, -2.858178911092259e-22], [0.9974582650230229, -0.07125313703452547, 0.0, -6.53780343567904e-05], [-0.07125313703452547, -0.997458265023023, -6.123233995736766e-17, 4.6677603911302995e-06], [0.0, 0.0, 0.0, 1.0]], [0.16580680000000003, 0.038366109695624574, 0.11436479188665581]], "radius": 0.0984522404152775, "volume": 0.0005017753045518198, "num_verts": 638, "num_faces": 1248, "num_hulls": 0}