{"bbox": [[-0.021136978387376527, -0.05719421563642764, -0.018650278577096665], [0.021136978387376527, -0.05719421563642764, -0.018650278577096665], [0.021136978387376527, 0.05719421563642764, -0.018650278577096665], [-0.021136978387376527, 0.05719421563642764, -0.018650278577096665], [-0.021136978387376527, -0.05719421563642764, 0.018650278577096665], [0.021136978387376527, -0.05719421563642764, 0.018650278577096665], [0.021136978387376527, 0.05719421563642764, 0.018650278577096665], [-0.021136978387376527, 0.05719421563642764, 0.018650278577096665]], "aabb": [[-0.021136978641152382, -0.057194214314222336, -0.018650278449058533], [0.021136978641152382, 0.057194214314222336, 0.018650278449058533]], "obb": [[[-0.00020564134064360713, -0.9999999773702891, -5.4507434057735845e-05, 5.710785989754999e-07], [0.06238090866136795, -6.722937125914049e-05, 0.9980524123084888, -0.0005396898625877114], [-0.9980523933873519, 0.0002018406128343826, 0.06238092107484405, -0.002558070128865781], [0.0, 0.0, 0.0, 1.0]], [0.042287401343091065, 0.11651546328907941, 0.04329859334392826]], "radius": 0.059016921069616424, "volume": 6.565474782175164e-05, "num_verts": 1575, "num_faces": 3070, "num_hulls": 0}