{"bbox": [[-0.03141928, -0.06881704, -0.044884719999999996], [0.03141928, -0.06881704, -0.044884719999999996], [0.03141928, 0.0688232, -0.044884719999999996], [-0.03141928, 0.0688232, -0.044884719999999996], [-0.03141928, -0.06881704, 0.044884719999999996], [0.03141928, -0.06881704, 0.044884719999999996], [0.03141928, 0.0688232, 0.044884719999999996], [-0.03141928, 0.0688232, 0.044884719999999996]], "aabb": [[-0.03141928091645241, -0.06881704181432724, -0.04488471895456314], [0.03141928091645241, 0.0688232034444809, 0.04488471895456314]], "obb": [[[-0.9863257554347413, 0.16466915192299686, 0.0067508940924626976, 0.0018066012359568516], [-3.050804794411177e-05, -0.04114473297417172, 0.9991531964707632, -0.0010180115555123161], [0.1648074732387633, 0.9854903253474613, 0.04058713356729241, -0.0019692433302829337], [0.0, 0.0, 0.0, 1.0]], [0.06921656787854635, 0.14175174530959378, 0.10518588042336247]], "radius": 0.07894267019442158, "volume": 0.00024514414405205125, "num_verts": 2275, "num_faces": 4446, "num_hulls": 0}