{"bbox": [[-0.06791976, -0.01181336, -0.04134664], [0.06792032, -0.01181336, -0.04134664], [0.06792032, 0.01181336, -0.04134664], [-0.06791976, 0.01181336, -0.04134664], [-0.06791976, -0.01181336, 0.04134664], [0.06792032, -0.01181336, 0.04134664], [0.06792032, 0.01181336, 0.04134664], [-0.06791976, 0.01181336, 0.04134664]], "aabb": [[-0.0679197609424591, -0.011813360266387463, -0.04134663939476013], [0.06792031973600388, 0.011813360266387463, 0.04134663939476013]], "obb": [[[4.564575114424131e-18, -6.106196943007509e-17, -1.0, 2.8000000000526226e-07], [-0.9972176381400547, -0.07454516873929963, -0.0, 5.144675021400069e-05], [-0.07454516873929963, 0.9972176381400549, -6.123233995736766e-17, 0.00022461670390902378], [0.0, 0.0, 0.0, 1.0]], [0.13584008, 0.025421239905284988, 0.08411118233732967]], "radius": 0.0782399955180465, "volume": 0.00019865404391361188, "num_verts": 189, "num_faces": 370, "num_hulls": 0}