{"bbox": [[-0.06457824, -0.03930848, -0.0407124], [0.06457824, -0.03930848, -0.0407124], [0.06457824, 0.03930848, -0.0407124], [-0.06457824, 0.03930848, -0.0407124], [-0.06457824, -0.03930848, 0.0407124], [0.06457824, -0.03930848, 0.0407124], [0.06457824, 0.03930848, 0.0407124], [-0.06457824, 0.03930848, 0.0407124]], "aabb": [[-0.06457824259996414, -0.03930848091840744, -0.040712401270866394], [0.06457824259996414, 0.03930848091840744, 0.040712401270866394]], "obb": [[[-3.602834932021109e-18, -6.112625489188139e-17, -1.0, -1.0401099899809847e-20], [-0.9982674994037442, 0.0588387596248901, -0.0, -7.287542843389399e-05], [0.0588387596248901, 0.9982674994037443, -6.123233995736766e-17, 0.000169862852000291], [0.0, 0.0, 0.0, 1.0]], [0.12915648, 0.08119695486337791, 0.08646871817284356]], "radius": 0.07818979949872747, "volume": 0.0003718138615811389, "num_verts": 1077, "num_faces": 2110, "num_hulls": 0}