{"bbox": [[-0.05571647574917025, -0.03270311750495014, -0.03270311750495014], [0.05571647574917025, -0.03270311750495014, -0.03270311750495014], [0.05571647574917025, 0.03270311750495014, -0.03270311750495014], [-0.05571647574917025, 0.03270311750495014, -0.03270311750495014], [-0.05571647574917025, -0.03270311750495014, 0.03270311750495014], [0.05571647574917025, -0.03270311750495014, 0.03270311750495014], [0.05571647574917025, 0.03270311750495014, 0.03270311750495014], [-0.05571647574917025, 0.03270311750495014, 0.03270311750495014]], "aabb": [[-0.05571647733449936, -0.03270311653614044, -0.03270311653614044], [0.05571647733449936, 0.03270311653614044, 0.03270311653614044]], "obb": [[[0.16582237222126156, 0.16707532927586943, -0.9718995705412535, -0.0019347608177462986], [-0.9674873417976427, -0.16329387434480488, -0.19314076230250854, -0.0017082870313401726], [-0.19097430280601735, 0.9723275913748529, 0.13456548858802062, 0.0011902060829892679], [0.0, 0.0, 0.0, 1.0]], [0.13165400789004594, 0.09574537314114774, 0.0914418251492123]], "radius": 0.0592998970084169, "volume": 7.657794223510101e-05, "num_verts": 1043, "num_faces": 2070, "num_hulls": 0}