{"bbox": [[-0.11207999144897526, -0.11207423144941471, -0.07492307428382307], [0.11147087149544742, -0.11207423144941471, -0.07492307428382307], [0.11147087149544742, 0.11207999144897526, -0.07492307428382307], [-0.11207999144897526, 0.11207999144897526, -0.07492307428382307], [-0.11207999144897526, -0.11207423144941471, 0.0755321942373509], [0.11147087149544742, -0.11207423144941471, 0.0755321942373509], [0.11147087149544742, 0.11207999144897526, 0.0755321942373509], [-0.11207999144897526, 0.11207999144897526, 0.0755321942373509]], "aabb": [[-0.11207999289035797, -0.11207423359155655, -0.074923075735569], [0.11147087067365646, 0.11207999289035797, 0.07553219795227051]], "obb": [[[-0.02617849313153746, 0.44376630539874357, -0.8957600977327084, -0.00010192023288736548], [0.0787790814065239, -0.8923645778700087, -0.44438644949596035, -0.0012911026304149938], [-0.9965483143481335, -0.08220052527587916, -0.011598741925882628, -0.0011258128080019075], [0.0, 0.0, 0.0, 1.0]], [0.2810850836701668, 0.2880068698042082, 0.1708996773968501]], "radius": 0.11715832030118367, "volume": 0.003233087069436614, "num_verts": 3611, "num_faces": 7102, "num_hulls": 0}