{"bbox": [[-0.056691235674801964, -0.014789038871685877, -0.014789038871685877], [0.056691235674801964, -0.014789038871685877, -0.014789038871685877], [0.056691235674801964, 0.014789038871685877, -0.014789038871685877], [-0.056691235674801964, 0.014789038871685877, -0.014789038871685877], [-0.056691235674801964, -0.014789038871685877, 0.014632078883660974], [0.056691235674801964, -0.014789038871685877, 0.014632078883660974], [0.056691235674801964, 0.014789038871685877, 0.014632078883660974], [-0.056691235674801964, 0.014789038871685877, 0.014632078883660974]], "aabb": [[-0.056691236793994904, -0.014789039269089699, -0.014789039269089699], [0.056691236793994904, 0.014789039269089699, 0.014632078818976879]], "obb": [[[2.8279757002938753e-18, 6.116700098985719e-17, -1.0, 3.2388172597238066e-20], [0.998932933682496, -0.04618434804651958, 0.0, -0.00015261760711280566], [-0.04618434804651957, -0.9989329336824959, -6.123233995736766e-17, -0.0005289389988980982], [0.0, 0.0, 0.0, 1.0]], [0.11338247134960393, 0.030681121436573575, 0.030880748812788163]], "radius": 0.05882729111036704, "volume": 7.379323124497181e-05, "num_verts": 334, "num_faces": 656, "num_hulls": 0}