{"bbox": [[-0.0522679760122699, -0.02244137828785871, -0.04289429672742487], [0.0522679760122699, -0.02244137828785871, -0.04289429672742487], [0.0522679760122699, 0.02244137828785871, -0.04289429672742487], [-0.0522679760122699, 0.02244137828785871, -0.04289429672742487], [-0.0522679760122699, -0.02244137828785871, 0.04317839670574976], [0.0522679760122699, -0.02244137828785871, 0.04317839670574976], [0.0522679760122699, 0.02244137828785871, 0.04317839670574976], [-0.0522679760122699, 0.02244137828785871, 0.04317839670574976]], "aabb": [[-0.052267976105213165, -0.022441377863287926, -0.04289429634809494], [0.052267976105213165, 0.022441377863287926, 0.04317839816212654]], "obb": [[[-8.27090691493657e-18, 6.067117565581779e-17, -1.0, -1.1290163713374103e-20], [0.9908354914749206, 0.1350741604958278, 0.0, -0.002813394029238523], [0.13507416049582782, -0.9908354914749204, -6.123233995736766e-17, 0.0001843823659398735], [0.0, 0.0, 0.0, 1.0]], [0.1045359520245398, 0.055565960554238715, 0.09147716907297128]], "radius": 0.058716421257375716, "volume": 5.75137682710946e-05, "num_verts": 2680, "num_faces": 5248, "num_hulls": 0}