{"bbox": [[-0.09293819290937859, -0.04445195660858486, -0.07071911460455974], [0.09294503290885674, -0.04445195660858486, -0.07071911460455974], [0.09294503290885674, 0.04445195660858486, -0.07071911460455974], [-0.09293819290937859, 0.04445195660858486, -0.07071911460455974], [-0.09293819290937859, -0.04445195660858486, 0.07071911460455974], [0.09294503290885674, -0.04445195660858486, 0.07071911460455974], [0.09294503290885674, 0.04445195660858486, 0.07071911460455974], [-0.09293819290937859, 0.04445195660858486, 0.07071911460455974]], "aabb": [[-0.09293819218873978, -0.04445195570588112, -0.07071911543607712], [0.09294503182172775, 0.04445195570588112, 0.07071911543607712]], "obb": [[[0.003023500761533795, -0.012647142432482838, 0.9999154505414132, -0.0008065475052326028], [0.9998311906591038, 0.018160017620047136, -0.002793554230443624, -0.0005381760001562288], [-0.01812315172214415, 0.9997551017865985, 0.01269991430380827, 0.000981667327802712], [0.0, 0.0, 0.0, 1.0]], [0.188047055280628, 0.09143076799862875, 0.14535142155111944]], "radius": 0.11716344421027722, "volume": 0.0011675886698551193, "num_verts": 710, "num_faces": 1384, "num_hulls": 0}