{"bbox": [[-0.01428016, -0.07728088, -0.01428016], [0.01428016, -0.07728088, -0.01428016], [0.01428016, 0.07728088, -0.01428016], [-0.01428016, 0.07728088, -0.01428016], [-0.01428016, -0.07728088, 0.01428016], [0.01428016, -0.07728088, 0.01428016], [0.01428016, 0.07728088, 0.01428016], [-0.01428016, 0.07728088, 0.01428016]], "aabb": [[-0.014280159957706928, -0.07728087902069092, -0.014280159957706928], [0.014280159957706928, 0.07728087902069092, 0.014280159957706928]], "obb": [[[-0.24280134824540356, 0.9700760306750263, -6.123233995736767e-17, -3.56458381393757e-08], [7.426731999265679e-17, -4.453273059691726e-17, -1.0, -1.1106226647971684e-23], [-0.9700760306750262, -0.2428013482454036, -6.123233995736766e-17, 2.17024283838238e-07], [0.0, 0.0, 0.0, 1.0]], [0.03409839949845735, 0.15456176, 0.03409829509257653]], "radius": 0.0784407608395541, "volume": 6.015377437081006e-05, "num_verts": 582, "num_faces": 1140, "num_hulls": 0}