{"bbox": [[-0.14418060343753344, -0.055634851326438216, -0.07209030171876672], [0.14418060343753344, -0.055634851326438216, -0.07209030171876672], [0.14418060343753344, 0.055632001326370265, -0.07209030171876672], [-0.14418060343753344, 0.055632001326370265, -0.07209030171876672], [-0.14418060343753344, -0.055634851326438216, 0.07208895171873454], [0.14418060343753344, -0.055634851326438216, 0.07208895171873454], [0.14418060343753344, 0.055632001326370265, 0.07208895171873454], [-0.14418060343753344, 0.055632001326370265, 0.07208895171873454]], "aabb": [[-0.14418061077594757, -0.05563485249876976, -0.07209030538797379], [0.14418061077594757, 0.05563200265169144, 0.07208894938230515]], "obb": [[[-0.2459767753207683, 4.776337538824522e-07, 0.9692757223837642, 0.0015635566304151051], [0.9614474608541429, 0.12683693696190812, 0.24399010520765488, -0.002801628404641266], [-0.1229398471607876, 0.9919235814425892, -0.031199399965213627, 0.001596542680058294], [0.0, 0.0, 0.0, 1.0]], [0.30057224376133385, 0.19123751009927703, 0.16794356201056262]], "radius": 0.14827872318738933, "volume": 0.0008430331488142174, "num_verts": 2162, "num_faces": 4224, "num_hulls": 0}