{"bbox": [[-0.0484951511562145, -0.0484951511562145, -0.13939935332353956], [0.0484951511562145, -0.0484951511562145, -0.13939935332353956], [0.0484951511562145, 0.0484951511562145, -0.13939935332353956], [-0.0484951511562145, 0.0484951511562145, -0.13939935332353956], [-0.0484951511562145, -0.0484951511562145, 0.13942080332405096], [0.0484951511562145, -0.0484951511562145, 0.13942080332405096], [0.0484951511562145, 0.0484951511562145, 0.13942080332405096], [-0.0484951511562145, 0.0484951511562145, 0.13942080332405096]], "aabb": [[-0.04849515110254288, -0.04849515110254288, -0.13939934968948364], [0.04849515110254288, 0.04849515110254288, 0.13942080736160278]], "obb": [[[-0.31637326083025347, 0.9486347873821793, 5.808712779637079e-17, -6.229844604690328e-22], [0.9486347873821793, 0.31637326083025347, 1.937227506057903e-17, -2.0776765497822666e-22], [-0.0, 6.123233995736766e-17, -1.0, 1.0725000255701334e-05], [0.0, 0.0, 0.0, 1.0]], [0.12123965595298455, 0.12123965595298454, 0.2788201566475905]], "radius": 0.14687577158811482, "volume": 0.001824654037033935, "num_verts": 386, "num_faces": 764, "num_hulls": 0}