{"bbox": [[-0.11290307138617925, -0.04417943662937648, -0.03436175737840596], [0.11290307138617925, -0.04417943662937648, -0.03436175737840596], [0.11290307138617925, 0.04417943662937648, -0.03436175737840596], [-0.11290307138617925, 0.04417943662937648, -0.03436175737840596], [-0.11290307138617925, -0.04417943662937648, 0.03436175737840596], [0.11290307138617925, -0.04417943662937648, 0.03436175737840596], [0.11290307138617925, 0.04417943662937648, 0.03436175737840596], [-0.11290307138617925, 0.04417943662937648, 0.03436175737840596]], "aabb": [[-0.11290307343006134, -0.044179435819387436, -0.03436175733804703], [0.11290307343006134, 0.044179435819387436, 0.03436175733804703]], "obb": [[[0.024976599169367196, -0.0012902142777677312, -0.9996872034996998, 0.00033328079369269255], [-0.03746344284628916, -0.9992979362229988, 0.000353709708741488, 0.0003815039227701278], [-0.9989858156871074, 0.0374428899468601, -0.025007399872672326, 0.000377387055057702], [0.0, 0.0, 0.0, 1.0]], [0.2272723111797191, 0.09164159938234945, 0.07557183521578612]], "radius": 0.11842188617353429, "volume": 0.000635273757575991, "num_verts": 1540, "num_faces": 2968, "num_hulls": 0}