{"bbox": [[-0.04461383659623439, -0.08922755319247794, -0.0712808345617039], [0.04412891663323085, -0.08922755319247794, -0.0712808345617039], [0.04412891663323085, 0.08922755319247794, -0.0712808345617039], [-0.04461383659623439, 0.08922755319247794, -0.0712808345617039], [-0.04461383659623439, -0.08922755319247794, 0.07177007452437785], [0.04412891663323085, -0.08922755319247794, 0.07177007452437785], [0.04412891663323085, 0.08922755319247794, 0.07177007452437785], [-0.04461383659623439, 0.08922755319247794, 0.07177007452437785]], "aabb": [[-0.04461383819580078, -0.08922754973173141, -0.071280837059021], [0.044128917157649994, 0.08922754973173141, 0.0717700719833374]], "obb": [[[-0.9999999667258778, -0.00022435952444893937, -0.00012732260987249273, -0.00025282958216417384], [-0.00011422263796864824, -0.05745100238729745, 0.9983483206165491, -0.0008787377767952074], [-0.00023130376601166768, 0.9983483019405093, 0.05745097484872904, 0.0026785897723820484], [0.0, 0.0, 0.0, 1.0]], [0.08880857142229057, 0.19235414268279702, 0.1480497070681364]], "radius": 0.11710553120412431, "volume": 0.0015755900943894593, "num_verts": 1177, "num_faces": 2306, "num_hulls": 0}