{"bbox": [[-0.11546925275300152, -0.10919370260338074, -0.08032455191508656], [0.11421420272307879, -0.10919370260338074, -0.08032455191508656], [0.11421420272307879, 0.10919370260338074, -0.08032455191508656], [-0.11546925275300152, 0.10919370260338074, -0.08032455191508656], [-0.11546925275300152, -0.10919370260338074, 0.08032650191513305], [0.11421420272307879, -0.10919370260338074, 0.08032650191513305], [0.11421420272307879, 0.10919370260338074, 0.08032650191513305], [-0.11546925275300152, 0.10919370260338074, 0.08032650191513305]], "aabb": [[-0.11546925455331802, -0.10919370502233505, -0.08032455295324326], [0.1142142042517662, 0.10919370502233505, 0.08032650500535965]], "obb": [[[-0.03635862273436351, 0.17490113385964123, -0.9839144494962315, 0.0012553645964221924], [-0.07271670241366225, 0.9814924504324973, 0.17715770074737017, -0.0019379591934039365], [0.99668968678468, 0.07798822423048068, -0.0229674800192175, -0.0029331268795698023], [0.0, 0.0, 0.0, 1.0]], [0.2747134926840328, 0.26039149590681737, 0.1903108481272703]], "radius": 0.14429214097513432, "volume": 0.004237796843311134, "num_verts": 2980, "num_faces": 5760, "num_hulls": 0}