{"bbox": [[-0.1401000033402444, -0.1400928033400727, -0.09365385223288183], [0.13933860332209116, -0.1400928033400727, -0.09365385223288183], [0.13933860332209116, 0.1401000033402444, -0.09365385223288183], [-0.1401000033402444, 0.1401000033402444, -0.09365385223288183], [-0.1401000033402444, -0.1400928033400727, 0.09441525225103502], [0.13933860332209116, -0.1400928033400727, 0.09441525225103502], [0.13933860332209116, 0.1401000033402444, 0.09441525225103502], [-0.1401000033402444, 0.1401000033402444, 0.09441525225103502]], "aabb": [[-0.14010000228881836, -0.14009280502796173, -0.0936538502573967], [0.13933859765529633, 0.14010000228881836, 0.09441525489091873]], "obb": [[[-0.026178493131537448, 0.44376630539874407, -0.8957600977327081, -0.00012740030386656392], [0.07877908140652391, -0.8923645778700084, -0.44438644949596073, -0.0016138784496257674], [-0.9965483143481335, -0.08220052527587914, -0.011598741925882674, -0.0014072661509201073], [0.0, 0.0, 0.0, 1.0]], [0.3513563897710602, 0.36000862330501016, 0.2136246181375337]], "radius": 0.14644791504115806, "volume": 0.006314625079453214, "num_verts": 3611, "num_faces": 7102, "num_hulls": 0}