{"bbox": [[-0.04629864, -0.04749416, -0.054618320000000005], [0.04629864, -0.04749416, -0.054618320000000005], [0.04629864, 0.04749416, -0.054618320000000005], [-0.04629864, 0.04749416, -0.054618320000000005], [-0.04629864, -0.04749416, 0.05461296], [0.04629864, -0.04749416, 0.05461296], [0.04629864, 0.04749416, 0.05461296], [-0.04629864, 0.04749416, 0.05461296]], "aabb": [[-0.046298641711473465, -0.047494158148765564, -0.05461832135915756], [0.046298641711473465, 0.047494158148765564, 0.054612960666418076]], "obb": [[[-0.7173228685614419, -0.14560045239330477, 0.6813577698255517, 1.2303037521665075e-07], [0.6658928148195453, 0.14449926407641814, 0.7319198875922664, -1.2700457028713199e-07], [-0.20502356306163258, 0.9787341165731572, -0.006698331529136606, -2.642946683262058e-06], [0.0, 0.0, 0.0, 1.0]], [0.12698724832027591, 0.1299933179938383, 0.11966076339828582]], "radius": 0.0781546219701842, "volume": 0.0003093033514370981, "num_verts": 758, "num_faces": 1508, "num_hulls": 0}