{"bbox": [[-0.05766317560064884, -0.04324919670034815, -0.01237931905553291], [0.05766377560060306, -0.04324919670034815, -0.01237931905553291], [0.05766377560060306, 0.04324919670034815, -0.01237931905553291], [-0.05766317560064884, 0.04324919670034815, -0.01237931905553291], [-0.05766317560064884, -0.04324919670034815, 0.0125359790435807], [0.05766377560060306, -0.04324919670034815, 0.0125359790435807], [0.05766377560060306, 0.04324919670034815, 0.0125359790435807], [-0.05766317560064884, 0.04324919670034815, 0.0125359790435807]], "aabb": [[-0.05766317620873451, -0.04324919730424881, -0.012379319407045841], [0.057663775980472565, 0.04324919730424881, 0.01253597903996706]], "obb": [[[-0.1015868762900686, 0.6724296832158451, -0.733156482407313, -0.00018187428042696493], [-0.1711956415646492, -0.7377912450638237, -0.6529595171344402, 0.00487624411799754], [-0.9799857952413875, 0.05918107668344201, 0.19006693896544474, -0.004352155216333694], [0.0, 0.0, 0.0, 1.0]], [0.1265515735394381, 0.12620346423717918, 0.04238838066352033]], "radius": 0.05862640941632343, "volume": 1.8985299064923215e-05, "num_verts": 1038, "num_faces": 2032, "num_hulls": 0}