{"bbox": [[-0.0376647, -0.08860860000000001, -0.064706], [0.0376647, -0.08860860000000001, -0.064706], [0.0376647, 0.08860860000000001, -0.064706], [-0.0376647, 0.08860860000000001, -0.064706], [-0.0376647, -0.08860860000000001, 0.064706], [0.0376647, -0.08860860000000001, 0.064706], [0.0376647, 0.08860860000000001, 0.064706], [-0.0376647, 0.08860860000000001, 0.064706]], "aabb": [[-0.03766470029950142, -0.08860860019922256, -0.0647059977054596], [0.03766470029950142, 0.08860860019922256, 0.0647059977054596]], "obb": [[[0.8933565829016685, -0.44934285230098975, 0.0022398375533095056, -0.00037258097007852626], [0.0018782024034427025, -0.0012505537079063505, -0.9999974542323371, 8.640862830546916e-06], [0.44934450941564424, 0.8933585154916444, -0.00027323356206871, -1.2605275661811146e-05], [0.0, 0.0, 0.0, 1.0]], [0.11568634960863496, 0.177514127467197, 0.13837644399972732]], "radius": 0.09771013554288216, "volume": 0.00013926122766561402, "num_verts": 1815, "num_faces": 3578, "num_hulls": 0}