{"bbox": [[-0.06617112, -0.03740104, -0.04171656], [0.06617112, -0.03740104, -0.04171656], [0.06617112, 0.03740104, -0.04171656], [-0.06617112, 0.03740104, -0.04171656], [-0.06617112, -0.03740104, 0.04171656], [0.06617112, -0.03740104, 0.04171656], [0.06617112, 0.03740104, 0.04171656], [-0.06617112, 0.03740104, 0.04171656]], "aabb": [[-0.06617111712694168, -0.03740103915333748, -0.0417165607213974], [0.06617111712694168, 0.03740103915333748, 0.0417165607213974]], "obb": [[[-0.03305855041629324, 7.018624318502916e-17, -0.9994534167455598, -0.0004379306149650175], [-0.9993166055028274, -0.01654549446011096, 0.03305402516149935, -0.0003140496600740121], [-0.016536450969902625, 0.9998631139376383, 0.0005469700627721486, -0.00026703784352624286], [0.0, 0.0, 0.0, 1.0]], [0.1355224753185037, 0.07944194225833837, 0.08503505213179864]], "radius": 0.07879604238711485, "volume": 0.0004729924784312364, "num_verts": 730, "num_faces": 1444, "num_hulls": 0}