{"bbox": [[-0.0380422, -0.0380422, -0.0945822], [0.0380422, -0.0380422, -0.0945822], [0.0380422, 0.0380422, -0.0945822], [-0.0380422, 0.0380422, -0.0945822], [-0.0380422, -0.0380422, 0.0945913], [0.0380422, -0.0380422, 0.0945913], [0.0380422, 0.0380422, 0.0945913], [-0.0380422, 0.0380422, 0.0945913]], "aabb": [[-0.03804219886660576, -0.03804219886660576, -0.094582200050354], [0.03804219886660576, 0.03804219886660576, 0.09459129720926285]], "obb": [[[-0.7071067811865476, -0.7071067811865475, -4.329780281177466e-17, 1.9700500279383181e-22], [-0.7071067811865475, 0.7071067811865476, 4.329780281177467e-17, -1.9700500279383184e-22], [-0.0, 6.123233995736766e-17, -1.0, 4.550000000005938e-06], [0.0, 0.0, 0.0, 1.0]], [0.10623200000000002, 0.10623200000000002, 0.1891735]], "radius": 0.09795567361562066, "volume": 0.00025240228504963286, "num_verts": 803, "num_faces": 1594, "num_hulls": 0}