{"bbox": [[-0.03614592, -0.06927968, -0.00903648], [0.03614592, -0.06927968, -0.00903648], [0.03614592, 0.06927968, -0.00903648], [-0.03614592, 0.06927968, -0.00903648], [-0.03614592, -0.06927968, 0.00903648], [0.03614592, -0.06927968, 0.00903648], [0.03614592, 0.06927968, 0.00903648], [-0.03614592, 0.06927968, 0.00903648]], "aabb": [[-0.03614592179656029, -0.06927967816591263, -0.009036480449140072], [0.03614592179656029, 0.06927967816591263, 0.009036480449140072]], "obb": [[[-6.113254707516898e-17, 1.0, -3.494444842445341e-18, 1.8125087885401378e-19], [-0.057068615128513946, -7.716295343872186e-34, 0.998370258555068, 0.00016920179416548588], [0.9983702585550682, 6.123233995736767e-17, 0.057068615128513946, -0.002960051485541916], [0.0, 0.0, 0.0, 1.0]], [0.07229184, 0.13998106888124104, 0.025700316848029134]], "radius": 0.07782158219924712, "volume": 0.00014289997058652054, "num_verts": 106, "num_faces": 208, "num_hulls": 0}