{"bbox": [[-0.02908067778132036, -0.043151936707768505, -0.043151936707768505], [0.02908067778132036, -0.043151936707768505, -0.043151936707768505], [0.02908067778132036, 0.043150976707841744, -0.043151936707768505], [-0.02908067778132036, 0.043150976707841744, -0.043151936707768505], [-0.02908067778132036, -0.043151936707768505, 0.043151936707768505], [0.02908067778132036, -0.043151936707768505, 0.043151936707768505], [0.02908067778132036, 0.043150976707841744, 0.043151936707768505], [-0.02908067778132036, 0.043150976707841744, 0.043151936707768505]], "aabb": [[-0.029080677777528763, -0.043151937425136566, -0.043151937425136566], [0.029080677777528763, 0.04315097630023956, 0.043151937425136566]], "obb": [[[-0.9090636162152929, -0.4166573429449892, 1.5607573454857285e-05, -0.004478734509120783], [-0.41665734273379523, 0.9090636163205029, 1.510967144102232e-05, -0.0038316525136139674], [-2.0483832722248595e-05, 7.23264247777733e-06, -0.9999999997640507, -4.086434811762428e-07], [0.0, 0.0, 0.0, 1.0]], [0.08665177101026456, 0.09725320235293321, 0.08630581873796932]], "radius": 0.05876661777879801, "volume": 0.000215352484833873, "num_verts": 2082, "num_faces": 4104, "num_hulls": 0}