{"bbox": [[-0.04281953673312861, -0.029973657713191396, -0.04924247624309721], [0.0426410967467425, -0.029973657713191396, -0.04924247624309721], [0.0426410967467425, 0.029973657713191396, -0.04924247624309721], [-0.04281953673312861, 0.029973657713191396, -0.04924247624309721], [-0.04281953673312861, -0.029973657713191396, 0.04924247624309721], [0.0426410967467425, -0.029973657713191396, 0.04924247624309721], [0.0426410967467425, 0.029973657713191396, 0.04924247624309721], [-0.04281953673312861, 0.029973657713191396, 0.04924247624309721]], "aabb": [[-0.042819537222385406, -0.029973657801747322, -0.04924247786402702], [0.04264109581708908, 0.029973657801747322, 0.04924247786402702]], "obb": [[[-6.123233995736766e-17, 0.9950376799431234, 0.09949882156792723, -0.0010123664704779546], [-1.0, -5.4835939821062944e-17, -6.702103115627252e-17, -3.5086820499061735e-18], [-6.123233995736766e-17, -0.09949882156792723, 0.9950376799431234, 0.0016531242461872652], [0.0, 0.0, 0.0, 1.0]], [0.09241149946358203, 0.059947315426382805, 0.10776956357210532]], "radius": 0.059077095722536055, "volume": 0.00015668105830632097, "num_verts": 3036, "num_faces": 5996, "num_hulls": 0}