{"bbox": [[-0.058464115539541964, -0.058464115539541964, -0.006354779515168799], [0.058464115539541964, -0.058464115539541964, -0.006354779515168799], [0.058464115539541964, 0.058464115539541964, -0.006354779515168799], [-0.058464115539541964, 0.058464115539541964, -0.006354779515168799], [-0.058464115539541964, -0.058464115539541964, 0.006354779515168799], [0.058464115539541964, -0.058464115539541964, 0.006354779515168799], [0.058464115539541964, 0.058464115539541964, 0.006354779515168799], [-0.058464115539541964, 0.058464115539541964, 0.006354779515168799]], "aabb": [[-0.05846411734819412, -0.05846411734819412, -0.0063547794707119465], [0.05846411734819412, 0.05846411734819412, 0.0063547794707119465]], "obb": [[[3.2160735073681185e-17, -0.9191447092650362, -0.3939200470020434, -2.789499106849272e-35], [-8.040202754178393e-17, 0.3939200470020434, -0.9191447092650362, 6.97376423464332e-35], [1.0, 6.123233995736767e-17, -6.123233995736766e-17, -8.673617379884035e-19], [0.0, 0.0, 0.0, 1.0]], [0.15335913645595, 0.15335913645595, 0.012709559030337613]], "radius": 0.05932555911867854, "volume": 0.00012310592619336428, "num_verts": 486, "num_faces": 968, "num_hulls": 0}