{"bbox": [[-0.0974696, -0.0974696, -0.046870600000000005], [0.0974696, -0.0974696, -0.046870600000000005], [0.0974696, 0.0974696, -0.046870600000000005], [-0.0974696, 0.0974696, -0.046870600000000005], [-0.0974696, -0.0974696, 0.046870600000000005], [0.0974696, -0.0974696, 0.046870600000000005], [0.0974696, 0.0974696, 0.046870600000000005], [-0.0974696, 0.0974696, 0.046870600000000005]], "aabb": [[-0.09746959805488586, -0.09746959805488586, -0.046870600432157516], [0.09746959805488586, 0.09746959805488586, 0.046870600432157516]], "obb": [[[9.022976836282177e-17, 5.3930961446327e-17, -1.0, -5.679829574404848e-21], [-0.4735639439166173, -0.8807594399279175, -9.022976836282177e-17, 0.0003313476397706479], [-0.8807594399279175, 0.4735639439166173, -5.3930961446326995e-17, -0.00044904801546640665], [0.0, 0.0, 0.0, 1.0]], [0.19493920000000003, 0.19581251141562966, 0.16424080396982926]], "radius": 0.09882585906228238, "volume": 0.0004802870980014658, "num_verts": 1557, "num_faces": 3102, "num_hulls": 0}