{"bbox": [[-0.06921160000000001, -0.01955984, -0.03686272], [0.06902351999999999, -0.01955984, -0.03686272], [0.06902351999999999, 0.01955952, -0.03686272], [-0.06921160000000001, 0.01955952, -0.03686272], [-0.06921160000000001, -0.01955984, 0.03667464], [0.06902351999999999, -0.01955984, 0.03667464], [0.06902351999999999, 0.01955952, 0.03667464], [-0.06921160000000001, 0.01955952, 0.03667464]], "aabb": [[-0.06921160221099854, -0.019559839740395546, -0.03686271980404854], [0.06902351975440979, 0.019559519365429878, 0.03667464107275009]], "obb": [[[4.0403103423827496e-16, -0.016841765767155834, -0.9998581674046795, 0.00032783221776308774], [-0.9980030190276689, -0.06315728204398968, 0.0010638310365915767, 7.9948500936003e-05], [-0.06316624107589812, 0.9978614696693424, -0.016808133081378386, -0.000888901997585552], [0.0, 0.0, 0.0, 1.0]], [0.13983553935730972, 0.0438503981041381, 0.07744200197622723]], "radius": 0.07807420100436777, "volume": 7.702827865047308e-05, "num_verts": 2334, "num_faces": 4616, "num_hulls": 0}