{"bbox": [[-0.06542231500867347, -0.06542231500867347, -0.1037732320827307], [0.06542231500867347, -0.06542231500867347, -0.1037732320827307], [0.06542231500867347, 0.06542231500867347, -0.1037732320827307], [-0.06542231500867347, 0.06542231500867347, -0.1037732320827307], [-0.06542231500867347, -0.06542231500867347, 0.10377071208292296], [0.06542231500867347, -0.06542231500867347, 0.10377071208292296], [0.06542231500867347, 0.06542231500867347, 0.10377071208292296], [-0.06542231500867347, 0.06542231500867347, 0.10377071208292296]], "aabb": [[-0.06542231142520905, -0.06542231142520905, -0.10377322882413864], [0.06542231142520905, 0.06542231142520905, 0.10377071052789688]], "obb": [[[0.16448328227781225, -0.9863798679135501, -7.7627091100268e-05, 4.136125619066351e-06], [-0.9863798708825977, -0.16448328279062185, 2.250038255958446e-07, 4.770015206055023e-07], [-1.2990298021430018e-05, 7.65327907287149e-05, -0.9999999969869919, 8.393413239871266e-07], [0.0, 0.0, 0.0, 1.0]], [0.15025853790676247, 0.15024106404569132, 0.20755984206203681]], "radius": 0.11820566757335384, "volume": 0.0007589519338833113, "num_verts": 3580, "num_faces": 6968, "num_hulls": 0}