{"bbox": [[-0.11171430266347654, -0.09653565230158931, -0.03400005081062438], [0.11171430266347654, -0.09653565230158931, -0.03400005081062438], [0.11171430266347654, 0.09653565230158931, -0.03400005081062438], [-0.11171430266347654, 0.09653565230158931, -0.03400005081062438], [-0.11171430266347654, -0.09653565230158931, 0.03400005081062438], [0.11171430266347654, -0.09653565230158931, 0.03400005081062438], [0.11171430266347654, 0.09653565230158931, 0.03400005081062438], [-0.11171430266347654, 0.09653565230158931, 0.03400005081062438]], "aabb": [[-0.11171430349349976, -0.09653565287590027, -0.03400005027651787], [0.11171430349349976, 0.09653565287590027, 0.03400005027651787]], "obb": [[[1.846969363518862e-05, 5.805817931355419e-17, 0.9999999998294353, -1.0299470209120436e-10], [0.317772888731812, 0.9481668582863421, -5.869167901501571e-06, -0.00024563992139247243], [-0.9481668581246182, 0.31777288878601284, 1.7512351387569593e-05, -7.563762670744615e-05], [0.0, 0.0, 0.0, 1.0]], [0.22342953589143447, 0.208822329684303, 0.11265145637803513]], "radius": 0.1463668001910771, "volume": 0.0012252974212273258, "num_verts": 716, "num_faces": 1412, "num_hulls": 0}