{"bbox": [[-0.03083208, -0.06899624, -0.03835216], [0.03083208, -0.06899624, -0.03835216], [0.03083208, 0.06918328, -0.03835216], [-0.03083208, 0.06918328, -0.03835216], [-0.03083208, -0.06899624, 0.03835216], [0.03083208, -0.06899624, 0.03835216], [0.03083208, 0.06918328, 0.03835216], [-0.03083208, 0.06918328, 0.03835216]], "aabb": [[-0.0308320801705122, -0.06899624317884445, -0.03835216164588928], [0.0308320801705122, 0.06918328255414963, 0.03835216164588928]], "obb": [[[6.052455852764826e-17, 1.0, 9.283171424029867e-18, 1.2529979631461235e-19], [0.15160569448257527, 1.5587615996891194e-33, -0.9884410520615056, 0.0035779366672366504], [-0.9884410520615057, 6.123233995736765e-17, -0.15160569448257527, -0.0020463009645205615], [0.0, 0.0, 0.0, 1.0]], [0.06166416000000001, 0.1474211143175652, 0.08159456492340895]], "radius": 0.07754454463750507, "volume": 7.77943820980632e-05, "num_verts": 1735, "num_faces": 3438, "num_hulls": 0}