{"bbox": [[-0.03609528, -0.01148488, -0.07546904], [0.03609528, -0.01148488, -0.07546904], [0.03609528, 0.01148456, -0.07546904], [-0.03609528, 0.01148456, -0.07546904], [-0.03609528, -0.01148488, 0.07547184], [0.03609528, -0.01148488, 0.07547184], [0.03609528, 0.01148456, 0.07547184], [-0.03609528, 0.01148456, 0.07547184]], "aabb": [[-0.036095280200242996, -0.01148488000035286, -0.07546903938055038], [0.036095280200242996, 0.011484559625387192, 0.07547184079885483]], "obb": [[[0.001872457751583784, 0.9999982469105576, 8.819316599083597e-06, 2.3014182641686187e-06], [0.9999027925166437, -0.0018721571630940647, -0.013816676336023329, 0.00034727648435974165], [-0.013816635603007167, 3.4689602002023195e-05, -0.9999045451328069, -3.738553535189139e-05], [0.0, 0.0, 0.0, 1.0]], [0.07226498825721632, 0.024502925754593986, 0.15129051757866085]], "radius": 0.07861261209246628, "volume": 0.00019626767934549736, "num_verts": 429, "num_faces": 846, "num_hulls": 0}