{"bbox": [[-0.08683350000000001, -0.0235924, -0.042472], [0.08683350000000001, -0.0235924, -0.042472], [0.08683350000000001, 0.023359400000000002, -0.042472], [-0.08683350000000001, 0.023359400000000002, -0.042472], [-0.08683350000000001, -0.0235924, 0.04247290000000001], [0.08683350000000001, -0.0235924, 0.04247290000000001], [0.08683350000000001, 0.023359400000000002, 0.04247290000000001], [-0.08683350000000001, 0.023359400000000002, 0.04247290000000001]], "aabb": [[-0.08683349937200546, -0.023592399433255196, -0.042472001165151596], [0.08683349937200546, 0.023359399288892746, 0.042472898960113525]], "obb": [[[-1.2246467991473532e-16, -0.033126223453017196, -0.9994511760560096, -0.00019836240825044966], [-1.0, 4.056792351957749e-18, 1.22397468366105e-16, -0.00011649999999999505], [0.0, 0.9994511760560096, -0.0331262234530172, 0.0007916415501865319], [0.0, 0.0, 0.0, 1.0]], [0.17855910955154045, 0.04695180000000002, 0.08658776056094046]], "radius": 0.09774075204222649, "volume": 0.0002781923462059124, "num_verts": 360, "num_faces": 704, "num_hulls": 0}