{"bbox": [[-0.03640523722250082, -0.024266038148648212, -0.11164259148234623], [0.03640523722250082, -0.024266038148648212, -0.11164259148234623], [0.03640523722250082, 0.024270118148336933, -0.11164259148234623], [-0.03640523722250082, 0.024270118148336933, -0.11164259148234623], [-0.03640523722250082, -0.024266038148648212, 0.11164259148234623], [0.03640523722250082, -0.024266038148648212, 0.11164259148234623], [0.03640523722250082, 0.024270118148336933, 0.11164259148234623], [-0.03640523722250082, 0.024270118148336933, 0.11164259148234623]], "aabb": [[-0.03640523552894592, -0.024266038089990616, -0.11164259165525436], [0.03640523552894592, 0.02427011728286743, 0.11164259165525436]], "obb": [[[0.05661034580818284, 0.9983924836491093, 0.0027780101586084073, 2.0334846284547e-05], [-0.997576833842963, 0.05667637480182851, -0.04035156898030334, -0.0017364931394315017], [-0.04044415071833597, -0.0004869623045304464, 0.9991816819479762, -0.00028562454896073646], [0.0, 0.0, 0.0, 1.0]], [0.075673707370718, 0.05699741608814144, 0.22523433909482357]], "radius": 0.11741345270822266, "volume": 0.00026132716625635124, "num_verts": 1634, "num_faces": 3236, "num_hulls": 0}