{"bbox": [[-0.04177816, -0.04177816, -0.06684504], [0.04177816, -0.04177816, -0.06684504], [0.04177816, 0.04177816, -0.06684504], [-0.04177816, 0.04177816, -0.06684504], [-0.04177816, -0.04177816, 0.06684504], [0.04177816, -0.04177816, 0.06684504], [0.04177816, 0.04177816, 0.06684504], [-0.04177816, 0.04177816, 0.06684504]], "aabb": [[-0.04177815839648247, -0.04177815839648247, -0.06684503704309464], [0.04177815839648247, 0.04177815839648247, 0.06684503704309464]], "obb": [[[0.090657469683021, 0.9958808797334952, -0.0015800544016106289, 7.9653587630998e-06], [0.9958815929522911, -0.0906556538138962, 0.0011854325718183224, -6.1041043056193644e-06], [0.001037308767647635, -0.001681015411868157, -0.9999980490869498, -3.35907624553881e-05], [0.0, 0.0, 0.0, 1.0]], [0.0906791538877033, 0.09037406208578723, 0.13398280795594925]], "radius": 0.07831923186254575, "volume": 0.0006719384348130208, "num_verts": 432, "num_faces": 844, "num_hulls": 0}