{"bbox": [[-0.0801558, -0.0226527, -0.06795820000000001], [0.0801558, -0.0226527, -0.06795820000000001], [0.0801558, 0.0226527, -0.06795820000000001], [-0.0801558, 0.0226527, -0.06795820000000001], [-0.0801558, -0.0226527, 0.0679553], [0.0801558, -0.0226527, 0.0679553], [0.0801558, 0.0226527, 0.0679553], [-0.0801558, 0.0226527, 0.0679553]], "aabb": [[-0.08015579730272293, -0.022652700543403625, -0.06795819848775864], [0.08015579730272293, 0.022652700543403625, 0.06795530021190643]], "obb": [[[-0.00012971053009992847, 0.03504040991633804, -0.9993858878571747, -0.0004674623051447843], [-0.9999999831688987, 0.00012513413921957478, 0.00013417767959187293, 1.8335413882729995e-06], [0.00012975893371972033, 0.9993858884406673, 0.035040393095353825, 0.0014818532318617616], [0.0, 0.0, 0.0, 1.0]], [0.16216866603751465, 0.04534409842862522, 0.14224585402409415]], "radius": 0.09804986318419828, "volume": 0.00026289155841146406, "num_verts": 2214, "num_faces": 4360, "num_hulls": 0}