{"bbox": [[-0.06758135484395181, -0.03861923705358604, -0.11103035152905644], [0.06758135484395181, -0.03861923705358604, -0.11103035152905644], [0.06758135484395181, 0.03861923705358604, -0.11103035152905644], [-0.06758135484395181, 0.03861923705358604, -0.11103035152905644], [-0.06758135484395181, -0.03861923705358604, 0.11103035152905644], [0.06758135484395181, -0.03861923705358604, 0.11103035152905644], [0.06758135484395181, 0.03861923705358604, 0.11103035152905644], [-0.06758135484395181, 0.03861923705358604, 0.11103035152905644]], "aabb": [[-0.06758135557174683, -0.03861923888325691, -0.11103035509586334], [0.06758135557174683, 0.03861923888325691, 0.11103035509586334]], "obb": [[[-0.4457950250367492, -0.8948402186689525, 0.022973434766821784, -0.0012217661878288985], [-0.8936221982960476, 0.44638649852969714, 0.04667398250563475, 0.003558220511585385], [-0.05202078781625505, 0.00027745792092611303, -0.9986459636187784, -2.9341143923263744e-05], [0.0, 0.0, 0.0, 1.0]], [0.15109293937388912, 0.1327890422441756, 0.2275601694527721]], "radius": 0.11859043374928048, "volume": 0.000626574059151607, "num_verts": 1991, "num_faces": 3938, "num_hulls": 0}