{"bbox": [[-0.0432277510306299, -0.0432277510306299, -0.14203395338635333], [0.04322280103051188, -0.0432277510306299, -0.14203395338635333], [0.04322280103051188, 0.0432277510306299, -0.14203395338635333], [-0.0432277510306299, 0.0432277510306299, -0.14203395338635333], [-0.0432277510306299, -0.0432277510306299, 0.14203125338628897], [0.04322280103051188, -0.0432277510306299, 0.14203125338628897], [0.04322280103051188, 0.0432277510306299, 0.14203125338628897], [-0.0432277510306299, 0.0432277510306299, 0.14203125338628897]], "aabb": [[-0.043227750808000565, -0.043227750808000565, -0.14203394949436188], [0.04322279989719391, 0.043227750808000565, 0.1420312523841858]], "obb": [[[-0.894432403502339, -0.44720317034322243, -2.7383296556468797e-17, 5.69801226490426e-08], [-0.44720317034322243, 0.894432403502339, 5.476818900014067e-17, -2.565002856167727e-07], [-0.0, 6.123233995736766e-17, -1.0, -1.3500000321797767e-06], [0.0, 0.0, 0.0, 1.0]], [0.1111574186697978, 0.11115812967402161, 0.2840652067726423]], "radius": 0.14741020613814743, "volume": 0.0013337157407567607, "num_verts": 838, "num_faces": 1652, "num_hulls": 0}