{"bbox": [[-0.063923395123032, -0.06605423496046181, -0.09801587252198239], [0.063923395123032, -0.06605423496046181, -0.09801587252198239], [0.063923395123032, 0.06605423496046181, -0.09801587252198239], [-0.063923395123032, 0.06605423496046181, -0.09801587252198239], [-0.063923395123032, -0.06605423496046181, 0.09801443252209226], [0.063923395123032, -0.06605423496046181, 0.09801443252209226], [0.063923395123032, 0.06605423496046181, 0.09801443252209226], [-0.063923395123032, 0.06605423496046181, 0.09801443252209226]], "aabb": [[-0.06392339617013931, -0.06605423241853714, -0.09801587462425232], [0.06392339617013931, 0.06605423241853714, 0.09801442921161652]], "obb": [[[-0.9702252161930454, -0.24200655198423462, -0.009790743580562731, 0.000837795900823154], [-0.2422045207322902, 0.9694321910637002, 0.03921985551063164, -0.0012252711006083157], [-6.066569526831693e-17, 0.04042345514840553, -0.9991826380966918, -0.0017087305691147034], [0.0, 0.0, 0.0, 1.0]], [0.15616421381725842, 0.16234152831106907, 0.20270843799707033]], "radius": 0.11743320378414217, "volume": 0.0012496599232548653, "num_verts": 2670, "num_faces": 5260, "num_hulls": 0}