{"bbox": [[-0.050722351209315085, -0.14140785337142595, -0.010375035247360116], [0.050722351209315085, -0.14140785337142595, -0.010375035247360116], [0.050722351209315085, 0.14140785337142595, -0.010375035247360116], [-0.050722351209315085, 0.14140785337142595, -0.010375035247360116], [-0.050722351209315085, -0.14140785337142595, 0.01075929025652147], [0.050722351209315085, -0.14140785337142595, 0.01075929025652147], [0.050722351209315085, 0.14140785337142595, 0.01075929025652147], [-0.050722351209315085, 0.14140785337142595, 0.01075929025652147]], "aabb": [[-0.05072234943509102, -0.14140784740447998, -0.010375034995377064], [0.05072234943509102, 0.14140784740447998, 0.010759290307760239]], "obb": [[[-0.013004843453323166, -0.9999154298591448, 8.471337616694896e-05, 8.407033669510604e-06], [0.006513848417189742, -5.510574450344145e-17, 0.9999787846643539, 4.173430076894152e-06], [-0.9998942163176824, 0.013005119361295538, 0.006513297540111592, -0.00012138185647820541], [0.0, 0.0, 0.0, 1.0]], [0.1018953368876481, 0.2830492823663986, 0.023459035467666294]], "radius": 0.1467352784768095, "volume": 0.0004877151953524085, "num_verts": 202, "num_faces": 400, "num_hulls": 0}