{"bbox": [[-0.07826552, -0.030625680000000002, -0.03743136], [0.07826552, -0.030625680000000002, -0.03743136], [0.07826552, 0.030625680000000002, -0.03743136], [-0.07826552, 0.030625680000000002, -0.03743136], [-0.07826552, -0.030625680000000002, 0.03742992], [0.07826552, -0.030625680000000002, 0.03742992], [0.07826552, 0.030625680000000002, 0.03742992], [-0.07826552, 0.030625680000000002, 0.03742992]], "aabb": [[-0.07826551795005798, -0.030625680461525917, -0.03743135929107666], [0.07826551795005798, 0.030625680461525917, 0.037429921329021454]], "obb": [[[1.910481955640058e-05, 3.903212524954867e-17, 0.999999999817503, 8.537254832855807e-09], [-0.9647561086452853, 0.263145683019666, 1.8431491374956796e-05, 0.0015118703677634222], [-0.26314568297164265, -0.9647561088213504, 5.0273507911741595e-06, -0.0021405914969363153], [0.0, 0.0, 0.0, 1.0]], [0.15653237408024293, 0.07817968772369673, 0.09021540552393731]], "radius": 0.07859751269274294, "volume": 0.0002411734431473336, "num_verts": 1985, "num_faces": 3894, "num_hulls": 0}