{"bbox": [[-0.0968, -0.0968, -0.0189391], [0.0968, -0.0968, -0.0189391], [0.0968, 0.09679650000000001, -0.0189391], [-0.0968, 0.09679650000000001, -0.0189391], [-0.0968, -0.0968, 0.0189391], [0.0968, -0.0968, 0.0189391], [0.0968, 0.09679650000000001, 0.0189391], [-0.0968, 0.09679650000000001, 0.0189391]], "aabb": [[-0.09679999947547913, -0.09679999947547913, -0.018939100205898285], [0.09679999947547913, 0.09679649770259857, 0.018939100205898285]], "obb": [[[-3.329671850262111e-17, 0.3808571931101647, 0.9246338726524389, 1.0252605494494095e-06], [7.993827275008196e-17, 0.924633872652439, -0.3808571931101647, 1.7951990552992058e-06], [-1.0, 6.123233995736767e-17, -6.123233995736766e-17, 3.469556319253431e-18], [0.0, 0.0, 0.0, 1.0]], [0.23609789079091434, 0.23609657396982148, 0.03787820000000003]], "radius": 0.09842979045461794, "volume": 0.0007801218193239465, "num_verts": 1049, "num_faces": 2018, "num_hulls": 0}