{"bbox": [[-0.022825318258566415, -0.022825318258566415, -0.056749315670370816], [0.022825318258566415, -0.022825318258566415, -0.056749315670370816], [0.022825318258566415, 0.022825318258566415, -0.056749315670370816], [-0.022825318258566415, 0.022825318258566415, -0.056749315670370816], [-0.022825318258566415, -0.022825318258566415, 0.05675477566995425], [0.022825318258566415, -0.022825318258566415, 0.05675477566995425], [0.022825318258566415, 0.022825318258566415, 0.05675477566995425], [-0.022825318258566415, 0.022825318258566415, 0.05675477566995425]], "aabb": [[-0.022825317457318306, -0.022825317457318306, -0.056749314069747925], [0.022825317457318306, 0.022825317457318306, 0.05675477534532547]], "obb": [[[0.7071067811865475, 0.7071067811865476, 4.329780281177466e-17, 1.1820299265784557e-22], [-0.7071067811865476, 0.7071067811865475, -4.329780281177467e-17, -1.182029926578456e-22], [-6.123233995736766e-17, 0.0, 1.0, 2.7299997917146213e-06], [0.0, 0.0, 0.0, 1.0]], [0.06373919513708533, 0.06373919513708533, 0.11350409134032508]], "radius": 0.058773399685317855, "volume": 5.4518881092338144e-05, "num_verts": 803, "num_faces": 1594, "num_hulls": 0}