{"bbox": [[-0.10939331165395266, -0.049932236190472705, -0.10939331165395266], [0.10939331165395266, -0.049932236190472705, -0.10939331165395266], [0.10939331165395266, 0.04994039618985014, -0.10939331165395266], [-0.10939331165395266, 0.04994039618985014, -0.10939331165395266], [-0.10939331165395266, -0.049932236190472705, 0.10939331165395266], [0.10939331165395266, -0.049932236190472705, 0.10939331165395266], [0.10939331165395266, 0.04994039618985014, 0.10939331165395266], [-0.10939331165395266, 0.04994039618985014, 0.10939331165395266]], "aabb": [[-0.10939331352710724, -0.04993223771452904, -0.10939331352710724], [0.10939331352710724, 0.04994039610028267, 0.10939331352710724]], "obb": [[[4.145600665313916e-06, -0.9246235372536035, -0.3808822840976567, -1.5095189613188878e-06], [-0.9962402494939261, 0.03299335093558936, -0.08010495666512141, -3.370152554963467e-05], [0.08663351124763399, 0.37945059382042756, -0.9211470466642288, -0.0022202451773985334], [0.0, 0.0, 0.0, 1.0]], [0.28400986521115035, 0.10782214105598802, 0.2901842088265928]], "radius": 0.11836363211443661, "volume": 0.0028545617228682815, "num_verts": 1450, "num_faces": 2812, "num_hulls": 0}