{"bbox": [[-0.05863535552647739, -0.11477555124332037, -0.026198758001193388], [0.05863535552647739, -0.11477555124332037, -0.026198758001193388], [0.05863535552647739, 0.11477555124332037, -0.026198758001193388], [-0.05863535552647739, 0.11477555124332037, -0.026198758001193388], [-0.05863535552647739, -0.11477555124332037, 0.026198758001193388], [0.05863535552647739, -0.11477555124332037, 0.026198758001193388], [0.05863535552647739, 0.11477555124332037, 0.026198758001193388], [-0.05863535552647739, 0.11477555124332037, 0.026198758001193388]], "aabb": [[-0.05863535404205322, -0.11477555334568024, -0.02619875781238079], [0.05863535404205322, 0.11477555334568024, 0.02619875781238079]], "obb": [[[-7.69124915738465e-17, 0.9529505680037842, -0.30312574113932506, 0.00274586161555733], [3.9790294711302144e-17, 0.30312574113932506, 0.9529505680037842, -8.394392426940216e-05], [1.0, 6.123233995736766e-17, -6.123233995736766e-17, 2.145312118554044e-19], [0.0, 0.0, 0.0, 1.0]], [0.18250118822094868, 0.24698140888567777, 0.0523975160023868]], "radius": 0.11746275354161194, "volume": 0.0005270755832890515, "num_verts": 1351, "num_faces": 2694, "num_hulls": 0}