{"bbox": [[-0.0539733, -0.07144779999999999, -0.0667892], [0.0543633, -0.07144779999999999, -0.0667892], [0.0543633, 0.07144890000000001, -0.0667892], [-0.0539733, 0.07144890000000001, -0.0667892], [-0.0539733, -0.07144779999999999, 0.0664009], [0.0543633, -0.07144779999999999, 0.0664009], [0.0543633, 0.07144890000000001, 0.0664009], [-0.0539733, 0.07144890000000001, 0.0664009]], "aabb": [[-0.05397329851984978, -0.07144779711961746, -0.06678920239210129], [0.054363299161195755, 0.0714488998055458, 0.06640090048313141]], "obb": [[[-0.9959444642863148, 0.08997012869528033, -6.123233995736766e-17, -0.00041597876680215146], [6.649309152211557e-17, 5.5474928509560526e-17, -1.0, 5.500000000021945e-07], [-0.08997012869528033, -0.9959444642863149, -6.123233995736766e-17, -0.0037745942735482193], [0.0, 0.0, 0.0, 1.0]], [0.11781453634337379, 0.14289670000000002, 0.14354044788111958]], "radius": 0.09824810323690734, "volume": 0.0003085120073157908, "num_verts": 2428, "num_faces": 4636, "num_hulls": 0}