{"bbox": [[-0.027346879999999997, -0.01640816, -0.071688], [0.027346879999999997, -0.01640816, -0.071688], [0.027346879999999997, 0.01640816, -0.071688], [-0.027346879999999997, 0.01640816, -0.071688], [-0.027346879999999997, -0.01640816, 0.071688], [0.027346879999999997, -0.01640816, 0.071688], [0.027346879999999997, 0.01640816, 0.071688], [-0.027346879999999997, 0.01640816, 0.071688]], "aabb": [[-0.027346879243850708, -0.01640816032886505, -0.07168799638748169], [0.027346879243850708, 0.01640816032886505, 0.07168799638748169]], "obb": [[[-0.007958630787778977, 0.9977196875635644, -0.06702302025458966, 0.0], [-0.9483387978945816, -0.028789082653797857, -0.31595049157710264, -0.0], [-0.31715955701167803, 0.061045997149822305, 0.9464054108193487, 0.0], [0.0, 0.0, 0.0, 1.0]], [0.061534099026939904, 0.06780108522705412, 0.15095026019220328]], "radius": 0.07824525248667806, "volume": 8.98926343134109e-05, "num_verts": 115, "num_faces": 226, "num_hulls": 0}