{"bbox": [[-0.0658132, -0.04292170000000001, -0.0643825], [0.0658132, -0.04292170000000001, -0.0643825], [0.0658132, 0.04292170000000001, -0.0643825], [-0.0658132, 0.04292170000000001, -0.0643825], [-0.0658132, -0.04292170000000001, 0.0643825], [0.0658132, -0.04292170000000001, 0.0643825], [0.0658132, 0.04292170000000001, 0.0643825], [-0.0658132, 0.04292170000000001, 0.0643825]], "aabb": [[-0.06581319868564606, -0.042921699583530426, -0.06438250094652176], [0.06581319868564606, 0.042921699583530426, 0.06438250094652176]], "obb": [[[-1.485241755920876e-17, 1.0, -5.94037469298154e-17, 2.0812979948279077e-20], [-0.9701368095874596, 6.35268733351113e-33, 0.24255838613303998, -0.000799792002054568], [0.24255838613304, 6.123233995736769e-17, 0.9701368095874598, -0.0003399017571886014], [0.0, 0.0, 0.0, 1.0]], [0.1316264, 0.08929667139781494, 0.15266025633536262]], "radius": 0.09792401657433177, "volume": 0.000653204635074711, "num_verts": 553, "num_faces": 1094, "num_hulls": 0}