{"bbox": [[-0.12300900293276316, -0.04278420102005484, -0.08022330191267256], [0.12300900293276316, -0.04278420102005484, -0.08022330191267256], [0.12300900293276316, 0.042785701020090605, -0.08022330191267256], [-0.12300900293276316, 0.042785701020090605, -0.08022330191267256], [-0.12300900293276316, -0.04278420102005484, 0.08022330191267256], [0.12300900293276316, -0.04278420102005484, 0.08022330191267256], [0.12300900293276316, 0.042785701020090605, 0.08022330191267256], [-0.12300900293276316, 0.042785701020090605, 0.08022330191267256]], "aabb": [[-0.12300900369882584, -0.042784202843904495, -0.08022329956293106], [0.12300900369882584, 0.04278570041060448, 0.08022329956293106]], "obb": [[[-0.007374848361080359, 6.562821564489209e-06, -0.9999728054145175, -8.987451702287731e-05], [-0.9805561149792675, 0.19610555833116453, 0.007232936359995439, -0.003467727827643848], [0.1961002727902656, 0.9805827909710387, -0.00143981354064076, 0.0020299902545276327], [0.0, 0.0, 0.0, 1.0]], [0.24673682406343914, 0.09713185895961414, 0.1690096197923963]], "radius": 0.14588551399813027, "volume": 0.0016774188256518236, "num_verts": 572, "num_faces": 1120, "num_hulls": 0}