{"bbox": [[-0.07441935177429561, -0.07441935177429561, -0.1267884030228711], [0.07441935177429561, -0.07441935177429561, -0.1267884030228711], [0.07441935177429561, 0.07441935177429561, -0.1267884030228711], [-0.07441935177429561, 0.07441935177429561, -0.1267884030228711], [-0.07441935177429561, -0.07441935177429561, 0.1267884030228711], [0.07441935177429561, -0.07441935177429561, 0.1267884030228711], [0.07441935177429561, 0.07441935177429561, 0.1267884030228711], [-0.07441935177429561, 0.07441935177429561, 0.1267884030228711]], "aabb": [[-0.07441934943199158, -0.07441934943199158, -0.1267884075641632], [0.07441934943199158, 0.07441934943199158, 0.1267884075641632]], "obb": [[[-0.8944296271454287, -0.4472087229808076, 1.3204715971406236e-05, 1.1613943931402158e-06], [-0.44720872313414717, 0.8944296270750905, -1.2768715609319235e-05, -1.1197660432240572e-06], [-6.100408180188613e-06, -1.732598171049108e-05, -0.9999999998312976, -4.0818824263026354e-07], [0.0, 0.0, 0.0, 1.0]], [0.19843507304102004, 0.19843499772507459, 0.2535819462126891]], "radius": 0.1462068617255732, "volume": 0.0021264074340060965, "num_verts": 1787, "num_faces": 3558, "num_hulls": 0}