{"bbox": [[-0.023124058235774365, -0.05174717605200378, -0.02876411780547197], [0.023124058235774365, -0.05174717605200378, -0.02876411780547197], [0.023124058235774365, 0.051887456041301266, -0.02876411780547197], [-0.023124058235774365, 0.051887456041301266, -0.02876411780547197], [-0.023124058235774365, -0.05174717605200378, 0.02876411780547197], [0.023124058235774365, -0.05174717605200378, 0.02876411780547197], [0.023124058235774365, 0.051887456041301266, 0.02876411780547197], [-0.023124058235774365, 0.051887456041301266, 0.02876411780547197]], "aabb": [[-0.023124057799577713, -0.05174717679619789, -0.028764117509126663], [0.023124057799577713, 0.05188745632767677, 0.028764117509126663]], "obb": [[[6.052455852764826e-17, 1.0, 9.283171424029867e-18, 9.39748400662478e-20], [0.15160569448257527, 1.5587615996891194e-33, -0.9884410520615056, 0.002683452295696325], [-0.9884410520615057, 6.123233995736765e-17, -0.15160569448257527, -0.001534725606300147], [0.0, 0.0, 0.0, 1.0]], [0.04624811647154873, 0.1105658273026707, 0.06119591902367861]], "radius": 0.0581584040409947, "volume": 3.281949743583301e-05, "num_verts": 1735, "num_faces": 3438, "num_hulls": 0}