{"bbox": [[-0.06543008, -0.02987024, -0.03982704], [0.06543008, -0.02987024, -0.03982704], [0.06543008, 0.02987024, -0.03982704], [-0.06543008, 0.02987024, -0.03982704], [-0.06543008, -0.02987024, 0.03982704], [0.06543008, -0.02987024, 0.03982704], [0.06543008, 0.02987024, 0.03982704], [-0.06543008, 0.02987024, 0.03982704]], "aabb": [[-0.06543008238077164, -0.02987024001777172, -0.03982704132795334], [0.06543008238077164, 0.02987024001777172, 0.03982704132795334]], "obb": [[[0.010096289639560004, 5.5256469572960334e-17, 0.999949031168846, -8.660909214032887e-05], [0.9998979565617678, 0.010107017956190687, -0.01009577394924958, -0.00022132072997721705], [-0.01010650281329901, 0.999948922789576, 0.00010204338067787968, 5.975235356039029e-05], [0.0, 0.0, 0.0, 1.0]], [0.1317365010403182, 0.06144308721478815, 0.08048879274372049]], "radius": 0.07899769054252663, "volume": 0.0003749996219661043, "num_verts": 474, "num_faces": 928, "num_hulls": 0}