{"bbox": [[-0.02535825060458781, -0.06375780152010443, -0.1333116031783963], [0.026082750621861234, -0.06375780152010443, -0.1333116031783963], [0.026082750621861234, 0.06375780152010443, -0.1333116031783963], [-0.02535825060458781, 0.06375780152010443, -0.1333116031783963], [-0.02535825060458781, -0.06375780152010443, 0.1333116031783963], [0.026082750621861234, -0.06375780152010443, 0.1333116031783963], [0.026082750621861234, 0.06375780152010443, 0.1333116031783963], [-0.02535825060458781, 0.06375780152010443, 0.1333116031783963]], "aabb": [[-0.025358250364661217, -0.06375779956579208, -0.13331159949302673], [0.026082750409841537, 0.06375779956579208, 0.13331159949302673]], "obb": [[[0.9938942013278602, 6.108831460941366e-17, 0.11033728547891139, -0.00012392733707210013], [0.0024604894090603326, -0.9997513305606991, -0.0221635519260714, -0.0011308342286351978], [0.11030984796799738, 0.022299709462496622, -0.9936470502140916, 1.1495629520501405e-05], [0.0, 0.0, 0.0, 1.0]], [0.05716404227692511, 0.13579439925462533, 0.2755263570907784]], "radius": 0.14689620180064314, "volume": 0.0008332745663988893, "num_verts": 136, "num_faces": 268, "num_hulls": 0}