{"bbox": [[-0.027678880000000003, -0.07489584, -0.02605072], [0.027678880000000003, -0.07489584, -0.02605072], [0.027678880000000003, 0.07489584, -0.02605072], [-0.027678880000000003, 0.07489584, -0.02605072], [-0.027678880000000003, -0.07489584, 0.02605072], [0.027678880000000003, -0.07489584, 0.02605072], [0.027678880000000003, 0.07489584, 0.02605072], [-0.027678880000000003, 0.07489584, 0.02605072]], "aabb": [[-0.027678880840539932, -0.07489583641290665, -0.026050720363855362], [0.027678880840539932, 0.07489583641290665, 0.026050720363855362]], "obb": [[[0.0006858862721471434, -0.9999997604843446, -9.268913348001513e-05, -4.88980952854171e-06], [0.018528066855580356, -7.99650946731265e-05, 0.9998283374380718, -0.00015029740249597522], [-0.9998281053754274, -0.0006874858816143788, 0.01852800757085759, -6.145504598627818e-06], [0.0, 0.0, 0.0, 1.0]], [0.055422406632545336, 0.15073901904014297, 0.053054385732370785]], "radius": 0.07843971089986501, "volume": 0.00018146871093529843, "num_verts": 1518, "num_faces": 2908, "num_hulls": 0}