{"bbox": [[-0.07464443430508161, -0.07464443430508161, -0.09095747306049552], [0.07464443430508161, -0.07464443430508161, -0.09095747306049552], [0.07464443430508161, 0.07464443430508161, -0.09095747306049552], [-0.07464443430508161, 0.07464443430508161, -0.09095747306049552], [-0.07464443430508161, -0.07464443430508161, 0.09095747306049552], [0.07464443430508161, -0.07464443430508161, 0.09095747306049552], [0.07464443430508161, 0.07464443430508161, 0.09095747306049552], [-0.07464443430508161, 0.07464443430508161, 0.09095747306049552]], "aabb": [[-0.07464443147182465, -0.07464443147182465, -0.09095747023820877], [0.07464443147182465, 0.07464443147182465, 0.09095747023820877]], "obb": [[[-0.7071980252716827, 0.7070155253258816, -4.330338990061476e-17, 3.110436960981522e-06], [-0.7070155253258816, -0.7071980252716827, -4.3292215001891274e-17, -6.20922542929953e-07], [-6.123233995736766e-17, 0.0, 1.0, 1.0781135225462154e-22], [0.0, 0.0, 0.0, 1.0]], [0.2100894509440436, 0.2100895801602777, 0.18191494612099104]], "radius": 0.11758974714551418, "volume": 0.0007326783556748803, "num_verts": 2162, "num_faces": 4264, "num_hulls": 0}