{"bbox": [[-0.023054800000000004, -0.023054800000000004, -0.07575144], [0.023052160000000002, -0.023054800000000004, -0.07575144], [0.023052160000000002, 0.023054800000000004, -0.07575144], [-0.023054800000000004, 0.023054800000000004, -0.07575144], [-0.023054800000000004, -0.023054800000000004, 0.07575], [0.023052160000000002, -0.023054800000000004, 0.07575], [0.023052160000000002, 0.023054800000000004, 0.07575], [-0.023054800000000004, 0.023054800000000004, 0.07575]], "aabb": [[-0.023054800927639008, -0.023054800927639008, -0.07575143873691559], [0.023052159696817398, 0.023054800927639008, 0.07575000077486038]], "obb": [[[-0.8944324035023391, -0.44720317034322205, -2.738329655646877e-17, 3.038939802015621e-08], [-0.447203170343222, 0.8944324035023392, 5.476818900014068e-17, -1.3680014906823183e-07], [-0.0, 6.123233995736766e-17, -1.0, -7.199999999957241e-07], [0.0, 0.0, 0.0, 1.0]], [0.05928395521045248, 0.059284334412696156, 0.15150144]], "radius": 0.07861877473259425, "volume": 0.00020232960308898772, "num_verts": 838, "num_faces": 1652, "num_hulls": 0}