{"bbox": [[-0.0709268, -0.0709268, -0.04008624], [0.0709268, -0.0709268, -0.04008624], [0.0709268, 0.0709268, -0.04008624], [-0.0709268, 0.0709268, -0.04008624], [-0.0709268, -0.0709268, 0.040086000000000004], [0.0709268, -0.0709268, 0.040086000000000004], [0.0709268, 0.0709268, 0.040086000000000004], [-0.0709268, 0.0709268, 0.040086000000000004]], "aabb": [[-0.07092680037021637, -0.07092680037021637, -0.04008623957633972], [0.07092680037021637, 0.07092680037021637, 0.04008600115776062]], "obb": [[[0.024349106234515236, 0.33389727049514945, -0.942294929298396, 0.0004732932399865581], [-0.12412403324936366, 0.9362905846270693, 0.3285622703668388, -0.002162463613011954], [0.991967915507095, 0.10896124950912524, 0.06424251481627259, -0.00030101034570463613], [0.0, 0.0, 0.0, 1.0]], [0.15495233121631666, 0.15847079405371658, 0.10206413462977827]], "radius": 0.07833535951221006, "volume": 0.0006349041539937829, "num_verts": 1259, "num_faces": 2506, "num_hulls": 0}