{"bbox": [[-0.01827224, -0.07641128, -0.01827224], [0.01827224, -0.07641128, -0.01827224], [0.01827224, 0.07641128, -0.01827224], [-0.01827224, 0.07641128, -0.01827224], [-0.01827224, -0.07641128, 0.01827224], [0.01827224, -0.07641128, 0.01827224], [0.01827224, 0.07641128, 0.01827224], [-0.01827224, 0.07641128, 0.01827224]], "aabb": [[-0.018272239714860916, -0.07641127705574036, -0.018272239714860916], [0.018272239714860916, 0.07641127705574036, 0.018272239714860916]], "obb": [[[-0.7070500022256558, -0.7071635542954521, 4.276591391012309e-05, -3.292482418062256e-06], [-3.27614202703832e-05, -2.7719120246775604e-05, -0.9999999990791698, 2.622200294874126e-07], [0.7071635548297078, -0.707050002975655, -3.568878369995341e-06, 6.6109284365167e-08], [0.0, 0.0, 0.0, 1.0]], [0.05094602603927734, 0.15282516067318702, 0.050940035800035005]], "radius": 0.07839433554185915, "volume": 7.491173007070425e-05, "num_verts": 894, "num_faces": 1760, "num_hulls": 0}