{"bbox": [[-0.07843064, -0.07843064, -0.02728024], [0.07843064, -0.07843064, -0.02728024], [0.07843064, 0.07843064, -0.02728024], [-0.07843064, 0.07843064, -0.02728024], [-0.07843064, -0.07843064, 0.02727808], [0.07843064, -0.07843064, 0.02727808], [0.07843064, 0.07843064, 0.02727808], [-0.07843064, 0.07843064, 0.02727808]], "aabb": [[-0.07843063771724701, -0.07843063771724701, -0.027280239388346672], [0.07843063771724701, 0.07843063771724701, 0.027278080582618713]], "obb": [[[-8.572820460929651e-17, 0.7998563704031749, -0.6001914583909531, -1.4533245362600433e-06], [1.2225949769890262e-17, 0.6001914583909531, 0.7998563704031748, -1.1157090676338552e-06], [1.0, 6.123233995736765e-17, -6.123233995736765e-17, -1.0800000000005252e-06], [0.0, 0.0, 0.0, 1.0]], [0.21858670951137144, 0.2187230595932309, 0.054558320000000014]], "radius": 0.07878322312432727, "volume": 0.0001824387432064381, "num_verts": 2300, "num_faces": 4508, "num_hulls": 0}