{"bbox": [[-0.09803830000000001, -0.09803830000000001, -0.0341003], [0.09803830000000001, -0.09803830000000001, -0.0341003], [0.09803830000000001, 0.09803830000000001, -0.0341003], [-0.09803830000000001, 0.09803830000000001, -0.0341003], [-0.09803830000000001, -0.09803830000000001, 0.0340976], [0.09803830000000001, -0.09803830000000001, 0.0340976], [0.09803830000000001, 0.09803830000000001, 0.0340976], [-0.09803830000000001, 0.09803830000000001, 0.0340976]], "aabb": [[-0.09803830087184906, -0.09803830087184906, -0.03410030156373978], [0.09803830087184906, 0.09803830087184906, 0.03409760072827339]], "obb": [[[1.222594976989025e-17, 0.7998563704031747, 0.6001914583909531, -1.8166556703472547e-06], [8.572820460929651e-17, 0.6001914583909531, -0.7998563704031747, -1.3946363345589774e-06], [-1.0, 6.123233995736765e-17, -6.123233995736766e-17, -1.3500000000041259e-06], [0.0, 0.0, 0.0, 1.0]], [0.2732333868892143, 0.27340382449153866, 0.06819790000000003]], "radius": 0.0984790289054091, "volume": 0.0003563256703250744, "num_verts": 2300, "num_faces": 4508, "num_hulls": 0}