{"bbox": [[-0.06081210144987348, -0.1416382533769191, -0.04310160102762224], [0.061581901468226945, -0.1416382533769191, -0.04310160102762224], [0.061581901468226945, 0.1416382533769191, -0.04310160102762224], [-0.06081210144987348, 0.1416382533769191, -0.04310160102762224], [-0.06081210144987348, -0.1416382533769191, 0.04310730102775815], [0.061581901468226945, -0.1416382533769191, 0.04310730102775815], [0.061581901468226945, 0.1416382533769191, 0.04310730102775815], [-0.06081210144987348, 0.1416382533769191, 0.04310730102775815]], "aabb": [[-0.060812100768089294, -0.14163824915885925, -0.04310160130262375], [0.06158190220594406, 0.14163824915885925, 0.043107300996780396]], "obb": [[[0.0006991124979406031, 0.9976394105396812, -0.06866671522471904, -0.0031825596646629407], [0.01885457182295711, -0.06866767593596569, -0.9974614054703701, 0.0014469490736314123], [-0.9998219923381804, -0.0005973437792732726, -0.018858070349884383, 0.0006623575655351376], [0.0, 0.0, 0.0, 1.0]], [0.14135737936827086, 0.2914377131066977, 0.09058316398807041]], "radius": 0.14640997405920617, "volume": 0.001092277147687586, "num_verts": 758, "num_faces": 1472, "num_hulls": 0}