{"bbox": [[-0.0492208, -0.07807432, -0.025459040000000002], [0.0492208, -0.07807432, -0.025459040000000002], [0.0492208, 0.07807432, -0.025459040000000002], [-0.0492208, 0.07807432, -0.025459040000000002], [-0.0492208, -0.07807432, 0.025459040000000002], [0.0492208, -0.07807432, 0.025459040000000002], [0.0492208, 0.07807432, 0.025459040000000002], [-0.0492208, 0.07807432, 0.025459040000000002]], "aabb": [[-0.04922080039978027, -0.07807432115077972, -0.025459039956331253], [0.04922080039978027, 0.07807432115077972, 0.025459039956331253]], "obb": [[[-0.13216314883511665, -0.9912279768499207, -6.123233995736766e-17, -0.0007409656635209972], [-5.260254959442006e-17, 6.878786731303615e-17, -1.0, 1.6775991937403017e-20], [0.9912279768499207, -0.13216314883511665, -6.123233995736766e-17, 0.0004669929238039928], [0.0, 0.0, 0.0, 1.0]], [0.10463737794850461, 0.15614864, 0.06243544894057526]], "radius": 0.07869882877668766, "volume": 0.00044550093865852015, "num_verts": 1333, "num_faces": 2654, "num_hulls": 0}