{"bbox": [[-0.031033520000000002, -0.031033520000000002, -0.07513376000000001], [0.031033520000000002, -0.031033520000000002, -0.07513376000000001], [0.031033520000000002, 0.031033520000000002, -0.07513376000000001], [-0.031033520000000002, 0.031033520000000002, -0.07513376000000001], [-0.031033520000000002, -0.031033520000000002, 0.07513224], [0.031033520000000002, -0.031033520000000002, 0.07513224], [0.031033520000000002, 0.031033520000000002, 0.07513224], [-0.031033520000000002, 0.031033520000000002, 0.07513224]], "aabb": [[-0.03103351965546608, -0.03103351965546608, -0.07513376325368881], [0.03103351965546608, 0.03103351965546608, 0.07513224333524704]], "obb": [[[-0.9364308566755307, 0.3508521777984738, -5.733985256252513e-17, -1.6334332051292847e-05], [-0.35085217779847383, -0.9364308566755307, -2.148349982573895e-17, -6.179713396310048e-06], [-6.123233995736766e-17, 0.0, 1.0, -7.600000000024265e-07], [0.0, 0.0, 0.0, 1.0]], [0.07897782152883631, 0.07929660155261423, 0.150266]], "radius": 0.07828098355788844, "volume": 0.00015402504285199066, "num_verts": 2313, "num_faces": 4498, "num_hulls": 0}