{"bbox": [[-0.031907877565622134, -0.048925376267290016, -0.008508779350831653], [0.031907877565622134, -0.048925376267290016, -0.008508779350831653], [0.031907877565622134, 0.048925376267290016, -0.008508779350831653], [-0.031907877565622134, 0.048925376267290016, -0.008508779350831653], [-0.031907877565622134, -0.048925376267290016, 0.008508779350831653], [0.031907877565622134, -0.048925376267290016, 0.008508779350831653], [0.031907877565622134, 0.048925376267290016, 0.008508779350831653], [-0.031907877565622134, 0.048925376267290016, 0.008508779350831653]], "aabb": [[-0.03190787881612778, -0.04892537742853165, -0.008508779108524323], [0.03190787881612778, 0.04892537742853165, 0.008508779108524323]], "obb": [[[-0.05653547992442478, -0.9984005906998028, -6.123233995736765e-17, 0.00015180765469558462], [-5.767260465698169e-17, 6.459620410975231e-17, -1.0, 8.973493406029756e-20], [0.9984005906998027, -0.05653547992442478, -6.123233995736766e-17, -0.0016172903411775076], [0.0, 0.0, 0.0, 1.0]], [0.06527906480309582, 0.09785075253458003, 0.020365921753469976]], "radius": 0.058440141401127424, "volume": 9.188946477178201e-05, "num_verts": 103, "num_faces": 202, "num_hulls": 0}