{"bbox": [[-0.09569579269899042, -0.0228837582541078, -0.07281203444488261], [0.09569579269899042, -0.0228837582541078, -0.07281203444488261], [0.09569579269899042, 0.0228837582541078, -0.07281203444488261], [-0.09569579269899042, 0.0228837582541078, -0.07281203444488261], [-0.09569579269899042, -0.0228837582541078, 0.07281203444488261], [0.09569579269899042, -0.0228837582541078, 0.07281203444488261], [0.09569579269899042, 0.0228837582541078, 0.07281203444488261], [-0.09569579269899042, 0.0228837582541078, 0.07281203444488261]], "aabb": [[-0.09569579362869263, -0.022883757948875427, -0.0728120356798172], [0.09569579362869263, 0.022883757948875427, 0.0728120356798172]], "obb": [[[-1.727559006815478e-17, -5.87448163198398e-17, -1.0, 4.969197317972015e-20], [-0.9593756560788013, 0.2821317963707204, -0.0, 0.0038002139312798716], [0.28213179637072044, 0.9593756560788014, -6.123233995736766e-17, -0.0008115315079305745], [0.0, 0.0, 0.0, 1.0]], [0.19139158539798085, 0.06463682896074929, 0.15122233251010972]], "radius": 0.11794561986608214, "volume": 0.00045735206023905377, "num_verts": 407, "num_faces": 806, "num_hulls": 0}