{"bbox": [[-0.142355853394028, -0.142355853394028, -0.0618939014756656], [0.142355853394028, -0.142355853394028, -0.0618939014756656], [0.142355853394028, 0.142355853394028, -0.0618939014756656], [-0.142355853394028, 0.142355853394028, -0.0618939014756656], [-0.142355853394028, -0.142355853394028, 0.06112020145721916], [0.142355853394028, -0.142355853394028, 0.06112020145721916], [0.142355853394028, 0.142355853394028, 0.06112020145721916], [-0.142355853394028, 0.142355853394028, 0.06112020145721916]], "aabb": [[-0.14235585927963257, -0.14235585927963257, -0.061893902719020844], [0.14235585927963257, 0.14235585927963257, 0.06112020090222359]], "obb": [[[-0.06539868308543323, -0.920641055024876, 0.3848935697740017, 0.002113761143821769], [0.02618943987827082, 0.38400283554874404, 0.9229604192647628, -0.0008448031272550947], [-0.9975154763158082, 0.07044054296502404, -0.0010022061859182425, -0.003357699213776272], [0.0, 0.0, 0.0, 1.0]], [0.3678463482249572, 0.36341630858800816, 0.14834114249487754]], "radius": 0.14880797665841644, "volume": 0.002177538985201909, "num_verts": 1963, "num_faces": 3806, "num_hulls": 0}