{"bbox": [[-0.11385491131355963, -0.03712667716745933, -0.03712667716745933], [0.11385491131355963, -0.03712667716745933, -0.03712667716745933], [0.11385491131355963, 0.03712667716745933, -0.03712667716745933], [-0.11385491131355963, 0.03712667716745933, -0.03712667716745933], [-0.11385491131355963, -0.03712667716745933, 0.03712667716745933], [0.11385491131355963, -0.03712667716745933, 0.03712667716745933], [0.11385491131355963, 0.03712667716745933, 0.03712667716745933], [-0.11385491131355963, 0.03712667716745933, 0.03712667716745933]], "aabb": [[-0.11385491490364075, -0.037126678973436356, -0.037126678973436356], [0.11385491490364075, 0.037126678973436356, 0.037126678973436356]], "obb": [[[0.017883601040124188, -0.01125322260583689, -0.9997767459762311, 2.1227379267021833e-05], [-0.999840055362803, 1.3820491529845954e-18, -0.017884733492760346, -8.812712633113416e-05], [0.00020126088724010024, 0.9999366804858113, -0.011251422713229901, 2.3889155072725937e-07], [0.0, 0.0, 0.0, 1.0]], [0.23073734553015812, 0.07469172704880137, 0.07438111624605753]], "radius": 0.11872597685486165, "volume": 0.0009147923519416745, "num_verts": 268, "num_faces": 532, "num_hulls": 0}