{"bbox": [[-0.06226704, -0.056852559999999996, -0.046023440000000006], [0.06226704, -0.056852559999999996, -0.046023440000000006], [0.06226704, 0.056852559999999996, -0.046023440000000006], [-0.06226704, 0.056852559999999996, -0.046023440000000006], [-0.06226704, -0.056852559999999996, 0.046023440000000006], [0.06226704, -0.056852559999999996, 0.046023440000000006], [0.06226704, 0.056852559999999996, 0.046023440000000006], [-0.06226704, 0.056852559999999996, 0.046023440000000006]], "aabb": [[-0.062267038971185684, -0.0568525604903698, -0.04602343961596489], [0.062267038971185684, 0.0568525604903698, 0.04602343961596489]], "obb": [[[0.6528546511211346, -0.22566711498875, -0.7230872407408085, 0.003445308075739823], [-0.733655326616709, 0.049166969217752744, -0.6777407106444698, -2.754580432831554e-05], [0.1884957989888158, 0.9729629809764578, -0.13346299641838225, 0.002055560605573266], [0.0, 0.0, 0.0, 1.0]], [0.14200507409583527, 0.12377754147582701, 0.10030534946870938]], "radius": 0.07872320761436491, "volume": 0.00026308307179779455, "num_verts": 743, "num_faces": 1482, "num_hulls": 0}