{"bbox": [[-0.05883023551160923, -0.0038367537072789225, -0.05883023551160923], [0.05883023551160923, -0.0038367537072789225, -0.05883023551160923], [0.05883023551160923, 0.0038367537072789225, -0.05883023551160923], [-0.05883023551160923, 0.0038367537072789225, -0.05883023551160923], [-0.05883023551160923, -0.0038367537072789225, 0.05883023551160923], [0.05883023551160923, -0.0038367537072789225, 0.05883023551160923], [0.05883023551160923, 0.0038367537072789225, 0.05883023551160923], [-0.05883023551160923, 0.0038367537072789225, 0.05883023551160923]], "aabb": [[-0.05883023515343666, -0.0038367537781596184, -0.05883023515343666], [0.05883023515343666, 0.0038367537781596184, 0.05883023515343666]], "obb": [[[-1.1256198235616261e-16, 0.3939349130049052, -0.9191383379643229, 1.3469196465308735e-06], [-1.0, -0.0, 1.2246467991473532e-16, -1.4906645464644954e-22], [4.8243113028384824e-17, 0.9191383379643228, 0.3939349130049052, 5.276381812321522e-08], [0.0, 0.0, 0.0, 1.0]], [0.15458270694370557, 0.00767350741455786, 0.15445137143659268]], "radius": 0.059392674431024264, "volume": 5.587521932560602e-05, "num_verts": 1540, "num_faces": 2984, "num_hulls": 0}