{"bbox": [[-0.081765, -0.042660000000000003, -0.07287500000000001], [0.0817635, -0.042660000000000003, -0.07287500000000001], [0.0817635, 0.042660000000000003, -0.07287500000000001], [-0.081765, 0.042660000000000003, -0.07287500000000001], [-0.081765, -0.042660000000000003, 0.0728775], [0.0817635, -0.042660000000000003, 0.0728775], [0.0817635, 0.042660000000000003, 0.0728775], [-0.081765, 0.042660000000000003, 0.0728775]], "aabb": [[-0.08176500350236893, -0.042660001665353775, -0.0728750005364418], [0.08176349848508835, 0.042660001665353775, 0.07287749648094177]], "obb": [[[0.48859910798555717, -0.8725083995727074, 6.596052315246288e-05, 2.5837955646349966e-06], [-0.872508401594398, -0.48859910383972865, 6.981549111756099e-05, 3.3767377582766665e-06], [-2.868634991927266e-05, -9.166289730769956e-05, -0.9999999953875032, 8.661378185826869e-07], [0.0, 0.0, 0.0, 1.0]], [0.1674054309916884, 0.1443521165262857, 0.14577415937148588]], "radius": 0.09828718086149385, "volume": 0.00021280043755322385, "num_verts": 3237, "num_faces": 6302, "num_hulls": 0}