{"bbox": [[-0.0757389, -0.05392280000000001, -0.052688000000000006], [0.0757389, -0.05392280000000001, -0.052688000000000006], [0.0757389, 0.0543345, -0.052688000000000006], [-0.0757389, 0.0543345, -0.052688000000000006], [-0.0757389, -0.05392280000000001, 0.0526867], [0.0757389, -0.05392280000000001, 0.0526867], [0.0757389, 0.0543345, 0.0526867], [-0.0757389, 0.0543345, 0.0526867]], "aabb": [[-0.07573889940977097, -0.05392279848456383, -0.05268799886107445], [0.07573889940977097, 0.054334498941898346, 0.052686698734760284]], "obb": [[[-6.115059632195398e-17, -3.1629141822175407e-18, -1.0, 1.3870062267157503e-19], [-0.05165430856341084, 0.998665025124459, 0.0, 0.0006423466797644602], [0.9986650251244589, 0.05165430856341085, -6.123233995736766e-17, -0.002265153067286728], [0.0, 0.0, 0.0, 1.0]], [0.1514778, 0.1132854590735336, 0.11083804392564085]], "radius": 0.09799839588738174, "volume": 0.00026021075265373586, "num_verts": 1509, "num_faces": 2878, "num_hulls": 0}