{"bbox": [[-0.11961975285195714, -0.02860470068198921, -0.09101505216996793], [0.11961975285195714, -0.02860470068198921, -0.09101505216996793], [0.11961975285195714, 0.02860470068198921, -0.09101505216996793], [-0.11961975285195714, 0.02860470068198921, -0.09101505216996793], [-0.11961975285195714, -0.02860470068198921, 0.09101505216996793], [0.11961975285195714, -0.02860470068198921, 0.09101505216996793], [0.11961975285195714, 0.02860470068198921, 0.09101505216996793], [-0.11961975285195714, 0.02860470068198921, 0.09101505216996793]], "aabb": [[-0.11961974948644638, -0.028604701161384583, -0.0910150557756424], [0.11961974948644638, 0.028604701161384583, 0.0910150557756424]], "obb": [[[-1.727559006815478e-17, -5.87448163198398e-17, -1.0, 6.211497269458302e-20], [-0.9593756560788013, 0.2821317963707204, -0.0, 0.00475026788977169], [0.28213179637072044, 0.9593756560788014, -6.123233995736766e-17, -0.00101441448649243], [0.0, 0.0, 0.0, 1.0]], [0.23923950570391428, 0.0807960442915128, 0.18902793456609981]], "radius": 0.14743203959582724, "volume": 0.0008932660109980829, "num_verts": 407, "num_faces": 806, "num_hulls": 0}