{"bbox": [[-0.14188335338276276, -0.05272635125709418, -0.03721860088736059], [0.14267130340154893, -0.05272635125709418, -0.03721860088736059], [0.14267130340154893, 0.05272635125709418, -0.03721860088736059], [-0.14188335338276276, 0.05272635125709418, -0.03721860088736059], [-0.14188335338276276, -0.05272635125709418, 0.03721860088736059], [0.14267130340154893, -0.05272635125709418, 0.03721860088736059], [0.14267130340154893, 0.05272635125709418, 0.03721860088736059], [-0.14188335338276276, 0.05272635125709418, 0.03721860088736059]], "aabb": [[-0.14188335835933685, -0.05272635072469711, -0.0372186005115509], [0.14267130196094513, 0.05272635072469711, 0.0372186005115509]], "obb": [[[-0.022214827555115946, 0.0024490651402478774, -0.9997502205634341, 0.00036488988723868196], [-0.007404881083087183, -0.999969972658037, -0.0022850642070546545, 5.705072099725108e-05], [-0.9997257969927764, 0.007352269188750325, 0.02223229553902057, 0.0010598031929633914], [0.0, 0.0, 0.0, 1.0]], [0.28719263664506683, 0.10676299451500758, 0.07910717610657145]], "radius": 0.14682376338523415, "volume": 0.0009747615693885662, "num_verts": 1542, "num_faces": 3012, "num_hulls": 0}