{"bbox": [[-0.07411816, -0.0737196, -0.061231600000000004], [0.0737196, -0.0737196, -0.061231600000000004], [0.0737196, 0.0737196, -0.061231600000000004], [-0.07411816, 0.0737196, -0.061231600000000004], [-0.07411816, -0.0737196, 0.061231600000000004], [0.0737196, -0.0737196, 0.061231600000000004], [0.0737196, 0.0737196, 0.061231600000000004], [-0.07411816, 0.0737196, 0.061231600000000004]], "aabb": [[-0.07411815971136093, -0.07371959835290909, -0.061231598258018494], [0.07371959835290909, 0.07371959835290909, 0.061231598258018494]], "obb": [[[-0.02527764252333131, -0.9379530239039586, -0.3458397977935488, 0.0015617522770217864], [0.43731167035156154, -0.321468042821093, 0.8398909455513277, 0.004148984761474613], [-0.8989546950557573, -0.13000931656691397, 0.41830375786384494, 0.0019519543908291233], [0.0, 0.0, 0.0, 1.0]], [0.18061131090330118, 0.2097172354489755, 0.17625722893069404]], "radius": 0.07868681532715377, "volume": 0.00012735525616783497, "num_verts": 2219, "num_faces": 4294, "num_hulls": 0}