{"bbox": [[-0.015582538811146638, -0.015582538811146638, -0.05734379562501559], [0.015582538811146638, -0.015582538811146638, -0.05734379562501559], [0.015582538811146638, 0.015582538811146638, -0.05734379562501559], [-0.015582538811146638, 0.015582538811146638, -0.05734379562501559], [-0.015582538811146638, -0.015582538811146638, 0.05734379562501559], [0.015582538811146638, -0.015582538811146638, 0.05734379562501559], [0.015582538811146638, 0.015582538811146638, 0.05734379562501559], [-0.015582538811146638, 0.015582538811146638, 0.05734379562501559]], "aabb": [[-0.015582539141178131, -0.015582539141178131, -0.05734379589557648], [0.015582539141178131, 0.015582539141178131, 0.05734379589557648]], "obb": [[[-0.9286039508122471, 0.37107236832710366, 2.272162940619076e-17, -6.437079486233393e-19], [0.37107236832710366, 0.9286039508122471, 5.686059280189023e-17, -1.6108710733588173e-18], [-0.0, 6.123233995736766e-17, -1.0, -1.0622117761303836e-34], [0.0, 0.0, 0.0, 1.0]], [0.040310856495876034, 0.04031085649587604, 0.11468759125003118]], "radius": 0.05881822935050781, "volume": 6.019590270091357e-05, "num_verts": 713, "num_faces": 1422, "num_hulls": 0}