{"bbox": [[-0.03789336, -0.054133360000000005, -0.06225344], [0.03789336, -0.054133360000000005, -0.06225344], [0.03789336, 0.05413112, -0.06225344], [-0.03789336, 0.05413112, -0.06225344], [-0.03789336, -0.054133360000000005, 0.06225344], [0.03789336, -0.054133360000000005, 0.06225344], [0.03789336, 0.05413112, 0.06225344], [-0.03789336, 0.05413112, 0.06225344]], "aabb": [[-0.03789335861802101, -0.05413335934281349, -0.0622534416615963], [0.03789335861802101, 0.054131120443344116, 0.0622534416615963]], "obb": [[[0.9997511895308393, -0.022305963035792443, 5.517895973657535e-05, -0.0005816057545659697], [-0.022305966079283375, -0.9997511894634143, 5.5170262775015386e-05, 0.00038888664512662987], [5.3934604787860616e-05, -5.638735584022481e-05, -0.9999999969557622, 8.478856458716448e-07], [0.0, 0.0, 0.0, 1.0]], [0.0781388413922265, 0.10993713133579365, 0.1245186368634088]], "radius": 0.07872966638866445, "volume": 0.00038847659067684973, "num_verts": 3642, "num_faces": 7200, "num_hulls": 0}