{"bbox": [[-0.04672752, -0.06990984, -0.0319164], [0.04686144, -0.06990984, -0.0319164], [0.04686144, 0.06953224, -0.0319164], [-0.04672752, 0.06953224, -0.0319164], [-0.04672752, -0.06990984, 0.0319164], [0.04686144, -0.06990984, 0.0319164], [0.04686144, 0.06953224, 0.0319164], [-0.04672752, 0.06953224, 0.0319164]], "aabb": [[-0.04672751948237419, -0.06990984082221985, -0.03191639855504036], [0.0468614399433136, 0.06953223794698715, 0.03191639855504036]], "obb": [[[-0.7302438106202076, 0.512937362485256, -0.45126404600582515, -0.0005539342495919929], [-0.32228716044856803, 0.3237717841738055, 0.8895520321953685, 0.001909681281237429], [0.6023910384964879, 0.7950264737350446, -0.07111921540303219, 0.0002483221577766413], [0.0, 0.0, 0.0, 1.0]], [0.13895060053047614, 0.17281893315076083, 0.09017878128322088]], "radius": 0.07861124829803938, "volume": 0.00030105571323381174, "num_verts": 2408, "num_faces": 4752, "num_hulls": 0}