{"bbox": [[-0.046700276437051665, -0.04263941674687067, -0.034517577366517845], [0.046700276437051665, -0.04263941674687067, -0.034517577366517845], [0.046700276437051665, 0.04263941674687067, -0.034517577366517845], [-0.046700276437051665, 0.04263941674687067, -0.034517577366517845], [-0.046700276437051665, -0.04263941674687067, 0.034517577366517845], [0.046700276437051665, -0.04263941674687067, 0.034517577366517845], [0.046700276437051665, 0.04263941674687067, 0.034517577366517845], [-0.046700276437051665, 0.04263941674687067, 0.034517577366517845]], "aabb": [[-0.04670027643442154, -0.042639415711164474, -0.03451757878065109], [0.04670027643442154, 0.042639415711164474, 0.03451757878065109]], "obb": [[[0.6528546511211343, -0.22566711498874953, -0.7230872407408089, 0.0025839808596627685], [-0.7336553266167091, 0.04916696921775283, -0.6777407106444695, -2.0659351670051424e-05], [0.18849579898881544, 0.9729629809764578, -0.13346299641838189, 0.0015416703365598178], [0.0, 0.0, 0.0, 1.0]], [0.10650379744628152, 0.092833149024263, 0.07522900636201428]], "radius": 0.05904240120619595, "volume": 0.00011098814551152212, "num_verts": 743, "num_faces": 1482, "num_hulls": 0}