{"bbox": [[-0.028818500000000004, -0.028818500000000004, -0.0946893], [0.028815200000000003, -0.028818500000000004, -0.0946893], [0.028815200000000003, 0.028818500000000004, -0.0946893], [-0.028818500000000004, 0.028818500000000004, -0.0946893], [-0.028818500000000004, -0.028818500000000004, 0.09468750000000001], [0.028815200000000003, -0.028818500000000004, 0.09468750000000001], [0.028815200000000003, 0.028818500000000004, 0.09468750000000001], [-0.028818500000000004, 0.028818500000000004, 0.09468750000000001]], "aabb": [[-0.02881849929690361, -0.02881849929690361, -0.09468930214643478], [0.028815200552344322, 0.02881849929690361, 0.09468749910593033]], "obb": [[[-0.8944324035023391, -0.44720317034322205, -2.738329655646877e-17, 3.7986747527134706e-08], [-0.447203170343222, 0.8944324035023392, 5.476818900014068e-17, -1.7100018633722928e-07], [-0.0, 6.123233995736766e-17, -1.0, -8.999999999981245e-07], [0.0, 0.0, 0.0, 1.0]], [0.07410494401306561, 0.0741054180158702, 0.1893768]], "radius": 0.09827346841574282, "volume": 0.0003951750060331792, "num_verts": 838, "num_faces": 1652, "num_hulls": 0}