{"bbox": [[-0.14342565341953403, -0.03438870081989052, -0.034390950819944165], [0.14381640342885024, -0.03438870081989052, -0.034390950819944165], [0.14381640342885024, 0.034390950819944165, -0.034390950819944165], [-0.14342565341953403, 0.034390950819944165, -0.034390950819944165], [-0.14342565341953403, -0.03438870081989052, 0.034390950819944165], [0.14381640342885024, -0.03438870081989052, 0.034390950819944165], [0.14381640342885024, 0.034390950819944165, 0.034390950819944165], [-0.14342565341953403, 0.034390950819944165, 0.034390950819944165]], "aabb": [[-0.14342565834522247, -0.0343887023627758, -0.034390952438116074], [0.14381639659404755, 0.034390952438116074, 0.034390952438116074]], "obb": [[[-1.9390666884421485e-17, -1.0273127414939294e-16, 1.0, 0.00019537500465810487], [-0.3166736221075663, 0.9485345629239211, 9.130365150654096e-17, 4.0905472956242027e-07], [-0.9485345629239214, -0.3166736221075663, -5.0925002426631735e-17, 1.1991164215751557e-06], [0.0, 0.0, 0.0, 1.0]], [0.2872420568483843, 0.08631072500224797, 0.08631070225883931]], "radius": 0.14676391120202956, "volume": 0.0006592253583976071, "num_verts": 1228, "num_faces": 2428, "num_hulls": 0}