{"bbox": [[-0.018590938581623948, -0.018590938581623948, -0.05701217565031619], [0.018590938581623948, -0.018590938581623948, -0.05701217565031619], [0.018590938581623948, 0.018590938581623948, -0.05701217565031619], [-0.018590938581623948, 0.018590938581623948, -0.05701217565031619], [-0.018590938581623948, -0.018590938581623948, 0.05701217565031619], [0.018590938581623948, -0.018590938581623948, 0.05701217565031619], [0.018590938581623948, 0.018590938581623948, 0.05701217565031619], [-0.018590938581623948, 0.018590938581623948, 0.05701217565031619]], "aabb": [[-0.018590938299894333, -0.018590938299894333, -0.057012174278497696], [0.018590938299894333, 0.018590938299894333, 0.057012174278497696]], "obb": [[[0.6865637847493523, -0.7178747297064136, 0.11526509410740218, -0.0025636919325003078], [0.7225225177963874, 0.6913442329265159, 0.002088749965078157, -4.6513155309194535e-05], [-0.08118731888548937, 0.08184756592709862, 0.9933325702925456, 0.00021403582611064396], [0.0, 0.0, 0.0, 1.0]], [0.06891573843861114, 0.056162500621199075, 0.12163533915206266]], "radius": 0.058971970906108326, "volume": 4.793646231691949e-05, "num_verts": 1809, "num_faces": 3526, "num_hulls": 0}