{"bbox": [[-0.049710296207405386, -0.020532478433496214, -0.033500397444122504], [0.04970771620760222, -0.020532478433496214, -0.033500397444122504], [0.04970771620760222, 0.02052983843369763, -0.033500397444122504], [-0.049710296207405386, 0.02052983843369763, -0.033500397444122504], [-0.049710296207405386, -0.020532478433496214, 0.03349913744421864], [0.04970771620760222, -0.020532478433496214, 0.03349913744421864], [0.04970771620760222, 0.02052983843369763, 0.03349913744421864], [-0.049710296207405386, 0.02052983843369763, 0.03349913744421864]], "aabb": [[-0.04971029609441757, -0.020532477647066116, -0.033500395715236664], [0.04970771446824074, 0.020529838278889656, 0.033499136567115784]], "obb": [[[1.4605083324260468e-17, -5.946504013070246e-17, -1.0, -1.2899999015795875e-06], [-0.9711378035218698, -0.23851911154186, -0.0, -0.004293649243374913], [-0.23851911154186, 0.9711378035218698, -6.123233995736766e-17, -0.0025148096549651587], [0.0, 0.0, 0.0, 1.0]], [0.09941801241500761, 0.051527312588192466, 0.07791157477481862]], "radius": 0.05892127329104226, "volume": 8.385877916935193e-05, "num_verts": 1729, "num_faces": 3394, "num_hulls": 0}