{"bbox": [[-0.11869665282994872, -0.0619287014764953, -0.0645067515379608], [0.11869665282994872, -0.0619287014764953, -0.0645067515379608], [0.11869665282994872, 0.0619287014764953, -0.0645067515379608], [-0.11869665282994872, 0.0619287014764953, -0.0645067515379608], [-0.11869665282994872, -0.0619287014764953, 0.06450900153801445], [0.11869665282994872, -0.0619287014764953, 0.06450900153801445], [0.11869665282994872, 0.0619287014764953, 0.06450900153801445], [-0.11869665282994872, 0.0619287014764953, 0.06450900153801445]], "aabb": [[-0.1186966523528099, -0.061928700655698776, -0.06450675427913666], [0.1186966523528099, 0.061928700655698776, 0.06450900435447693]], "obb": [[[-0.00035674383735960827, 0.009742728840317403, 0.9999524748549696, 0.0005344801687583904], [0.9996138957890561, 0.027785823121519518, 8.590043921462108e-05, 0.0012452436188177243], [-0.027783665691559344, 0.9995664196381367, -0.009748879552850637, -0.0015826250651095597], [0.0, 0.0, 0.0, 1.0]], [0.23875703208966687, 0.12811867535705873, 0.1332841365421896]], "radius": 0.14699568283403558, "volume": 0.0009267793945632036, "num_verts": 331, "num_faces": 638, "num_hulls": 0}