{"bbox": [[-0.011379299131828374, -0.05815967556276889, -0.026393637986325227], [0.011379299131828374, -0.05815967556276889, -0.026393637986325227], [0.011379299131828374, 0.05805551557071567, -0.026393637986325227], [-0.011379299131828374, 0.05805551557071567, -0.026393637986325227], [-0.011379299131828374, -0.05815967556276889, 0.026393637986325227], [0.011379299131828374, -0.05815967556276889, 0.026393637986325227], [0.011379299131828374, 0.05805551557071567, 0.026393637986325227], [-0.011379299131828374, 0.05805551557071567, 0.026393637986325227]], "aabb": [[-0.011379298754036427, -0.05815967544913292, -0.02639363706111908], [0.011379298754036427, 0.058055516332387924, 0.02639363706111908]], "obb": [[[0.9966003085560577, -0.012696212750211211, -0.08140412254776755, 0.0007508941934129417], [-0.0823359946527473, -0.18866862986920258, -0.9785831247716367, 0.0008040371999842868], [-0.002934104720924782, 0.9819587334939688, -0.18907257004760747, 0.0017017809711517328], [0.0, 0.0, 0.0, 1.0]], [0.025052337079368717, 0.11917952148361897, 0.056766348002969244]], "radius": 0.0587246317746699, "volume": 5.12235536260676e-05, "num_verts": 990, "num_faces": 1964, "num_hulls": 0}