{"bbox": [[-0.05269547597965424, -0.05637191569916415, -0.013480258971537859], [0.05269547597965424, -0.05637191569916415, -0.013480258971537859], [0.05269547597965424, 0.05636879569940218, -0.013480258971537859], [-0.05269547597965424, 0.05636879569940218, -0.013480258971537859], [-0.05269547597965424, -0.05637191569916415, 0.013480258971537859], [0.05269547597965424, -0.05637191569916415, 0.013480258971537859], [0.05269547597965424, 0.05636879569940218, 0.013480258971537859], [-0.05269547597965424, 0.05636879569940218, 0.013480258971537859]], "aabb": [[-0.05269547551870346, -0.056371916085481644, -0.013480259105563164], [0.05269547551870346, 0.05636879429221153, 0.013480259105563164]], "obb": [[[0.01859887366660554, -0.8767660231879185, -0.4805574081018583, -0.0001224409890783148], [0.07445107625047402, -0.4780916633797005, 0.8751487865797319, -0.0034530743806717506], [-0.9970512118960989, -0.05205479795440118, 0.05638420759793223, -0.004286143768816232], [0.0, 0.0, 0.0, 1.0]], [0.14555992173762383, 0.1468174659522769, 0.037855923514303766]], "radius": 0.05903607400256057, "volume": 0.00010990775109819993, "num_verts": 2180, "num_faces": 4192, "num_hulls": 0}