{"bbox": [[-0.0879539, -0.0879539, -0.043977], [0.0879539, -0.0879539, -0.043977], [0.0879539, 0.0879516, -0.043977], [-0.0879539, 0.0879516, -0.043977], [-0.0879539, -0.0879539, 0.043977], [0.0879539, -0.0879539, 0.043977], [0.0879539, 0.0879516, 0.043977], [-0.0879539, 0.0879516, 0.043977]], "aabb": [[-0.08795390278100967, -0.08795390278100967, -0.04397699981927872], [0.08795390278100967, 0.08795160055160522, 0.04397699981927872]], "obb": [[[3.2166236419967644e-17, 0.9191716606655694, 0.3938571545996077, -1.5341563440888805e-07], [8.039982679013702e-17, 0.39385715459960774, -0.9191716606655694, -5.858642076793332e-08], [-1.0, 6.123233995736766e-17, -6.123233995736766e-17, 6.9388842587655794e-18], [0.0, 0.0, 0.0, 1.0]], [0.23075421578881672, 0.2307551263332129, 0.08795400000000003]], "radius": 0.09852776572205421, "volume": 0.00045157912443134296, "num_verts": 2179, "num_faces": 4250, "num_hulls": 0}