{"bbox": [[-0.1063383025353027, -0.1063383025353027, -0.04391370104698422], [0.1063383025353027, -0.1063383025353027, -0.04391370104698422], [0.1063383025353027, 0.10632870253507382, -0.04391370104698422], [-0.1063383025353027, 0.10632870253507382, -0.04391370104698422], [-0.1063383025353027, -0.1063383025353027, 0.04391370104698422], [0.1063383025353027, -0.1063383025353027, 0.04391370104698422], [0.1063383025353027, 0.10632870253507382, 0.04391370104698422], [-0.1063383025353027, 0.10632870253507382, 0.04391370104698422]], "aabb": [[-0.10633829981088638, -0.10633829981088638, -0.04391369968652725], [0.10633829981088638, 0.10632870346307755, 0.04391369968652725]], "obb": [[[0.03623182250093104, -0.9992931046579785, -0.010027263897951383, 0.0005398564304778976], [0.024881217612327835, -0.009128702840490822, 0.9996487342034591, -0.000465677384039422], [-0.9990336230820208, -0.03646858603604129, 0.024532879654513454, 0.0003584616472275473], [0.0, 0.0, 0.0, 1.0]], [0.21721969024331111, 0.21701743471489732, 0.09924958760859003]], "radius": 0.14696290974885468, "volume": 0.0025823829254428953, "num_verts": 1024, "num_faces": 2040, "num_hulls": 0}