{"bbox": [[-0.07036312, -0.07036312, -0.0351816], [0.07036312, -0.07036312, -0.0351816], [0.07036312, 0.07036128, -0.0351816], [-0.07036312, 0.07036128, -0.0351816], [-0.07036312, -0.07036312, 0.0351816], [0.07036312, -0.07036312, 0.0351816], [0.07036312, 0.07036128, 0.0351816], [-0.07036312, 0.07036128, 0.0351816]], "aabb": [[-0.0703631192445755, -0.0703631192445755, -0.03518160060048103], [0.0703631192445755, 0.07036127895116806, 0.03518160060048103]], "obb": [[[-8.039982679013702e-17, 0.9191716606655695, -0.39385715459960746, -1.2273250752783875e-07], [3.216623641996767e-17, 0.39385715459960746, 0.9191716606655695, -4.68691366055998e-08], [1.0, 6.123233995736765e-17, -6.123233995736766e-17, 6.938885543838611e-18], [0.0, 0.0, 0.0, 1.0]], [0.18460337263105336, 0.18460410106657033, 0.07036320000000004]], "radius": 0.07882221257764337, "volume": 0.00023120851170884752, "num_verts": 2179, "num_faces": 4250, "num_hulls": 0}