{"bbox": [[-0.12395115295522577, -0.0801649519112814, -0.03503010083518268], [0.12395265295526153, -0.0801649519112814, -0.03503010083518268], [0.12395265295526153, 0.08083860192734245, -0.03503010083518268], [-0.12395115295522577, 0.08083860192734245, -0.03503010083518268], [-0.12395115295522577, -0.0801649519112814, 0.03503010083518268], [0.12395265295526153, -0.0801649519112814, 0.03503010083518268], [0.12395265295526153, 0.08083860192734245, 0.03503010083518268], [-0.12395115295522577, 0.08083860192734245, 0.03503010083518268]], "aabb": [[-0.12395115196704865, -0.08016495406627655, -0.035030100494623184], [0.12395264953374863, 0.08083859831094742, 0.035030100494623184]], "obb": [[[-6.118710211841438e-17, -2.3532936504768344e-18, -1.0, 7.500000178823106e-07], [-0.03843220187429207, 0.9992612100242325, -3.854707708188794e-34, 0.00036347790633733295], [0.9992612100242326, 0.03843220187429207, -6.123233995736765e-17, -0.0005041853104185636], [0.0, 0.0, 0.0, 1.0]], [0.2479038059104873, 0.16382573791543165, 0.07553403446954363]], "radius": 0.14673962506305954, "volume": 0.000725276594254748, "num_verts": 1019, "num_faces": 1954, "num_hulls": 0}