{"bbox": [[-0.07649368, -0.01834064, -0.01834184], [0.07670207999999999, -0.01834064, -0.01834184], [0.07670207999999999, 0.01834184, -0.01834184], [-0.07649368, 0.01834184, -0.01834184], [-0.07649368, -0.01834064, 0.01834184], [0.07670207999999999, -0.01834064, 0.01834184], [0.07670207999999999, 0.01834184, 0.01834184], [-0.07649368, 0.01834184, 0.01834184]], "aabb": [[-0.07649368047714233, -0.018340639770030975, -0.01834183931350708], [0.07670208066701889, 0.01834183931350708, 0.01834183931350708]], "obb": [[[-1.939066688442146e-17, -1.0273127414939293e-16, 1.0, 0.00010419999999999874], [-0.31667362210756594, 0.9485345629239214, 9.1303651506541e-17, 2.181625172330892e-07], [-0.9485345629239214, -0.316673622107566, -5.0925002426631686e-17, 6.395287429266269e-07], [0.0, 0.0, 0.0, 1.0]], [0.15319576, 0.046032385570367956, 0.046032373440550306]], "radius": 0.07827408410821615, "volume": 0.00010000692129126573, "num_verts": 1228, "num_faces": 2428, "num_hulls": 0}