{"bbox": [[-0.029767737728901844, -0.029767737728901844, -0.05071535613072539], [0.029767737728901844, -0.029767737728901844, -0.05071535613072539], [0.029767737728901844, 0.029767737728901844, -0.05071535613072539], [-0.029767737728901844, 0.029767737728901844, -0.05071535613072539], [-0.029767737728901844, -0.029767737728901844, 0.05071535613072539], [0.029767737728901844, -0.029767737728901844, 0.05071535613072539], [0.029767737728901844, 0.029767737728901844, 0.05071535613072539], [-0.029767737728901844, 0.029767737728901844, 0.05071535613072539]], "aabb": [[-0.02976773865520954, -0.02976773865520954, -0.050715357065200806], [0.02976773865520954, 0.02976773865520954, 0.050715357065200806]], "obb": [[[-0.8944296271454287, -0.4472087229808076, 1.3204715974385284e-05, 4.645577108392434e-07], [-0.44720872313414717, 0.8944296270750905, -1.2768715607829733e-05, -4.479063723900483e-07], [-6.100408183519282e-06, -1.7325981710491078e-05, -0.9999999998312976, -1.6327528069554245e-07], [0.0, 0.0, 0.0, 1.0]], [0.07937402126822675, 0.07937399114185112, 0.10143276832802385]], "radius": 0.058482738834013115, "volume": 0.00013609003489393028, "num_verts": 1787, "num_faces": 3558, "num_hulls": 0}