{"bbox": [[-0.047069036408917506, -0.047069036408917506, -0.10825871174051577], [0.047069036408917506, -0.047069036408917506, -0.10825871174051577], [0.047069036408917506, 0.047069036408917506, -0.10825871174051577], [-0.047069036408917506, 0.047069036408917506, -0.10825871174051577], [-0.047069036408917506, -0.047069036408917506, 0.10825871174051577], [0.047069036408917506, -0.047069036408917506, 0.10825871174051577], [0.047069036408917506, 0.047069036408917506, 0.10825871174051577], [-0.047069036408917506, 0.047069036408917506, 0.10825871174051577]], "aabb": [[-0.04706903547048569, -0.04706903547048569, -0.10825870931148529], [0.04706903547048569, 0.04706903547048569, 0.10825870931148529]], "obb": [[[-0.3164162064330448, 0.9486204637822868, 5.808625072883276e-17, -6.582376753260558e-18], [0.9486204637822867, 0.3164162064330448, 1.9374904720328822e-17, -2.1955784859157057e-18], [-0.0, 6.123233995736766e-17, -1.0, -4.2488471045215345e-34], [0.0, 0.0, 0.0, 1.0]], [0.11862015407261486, 0.11862015407261484, 0.21651742348103153]], "radius": 0.11745319330704049, "volume": 0.0012494799250083375, "num_verts": 487, "num_faces": 966, "num_hulls": 0}