{"bbox": [[-0.017291098680793864, -0.017291098680793864, -0.056813575665468165], [0.017289118680944925, -0.017291098680793864, -0.056813575665468165], [0.017289118680944925, 0.017291098680793864, -0.056813575665468165], [-0.017291098680793864, 0.017291098680793864, -0.056813575665468165], [-0.017291098680793864, -0.017291098680793864, 0.056812495665550564], [0.017289118680944925, -0.017291098680793864, 0.056812495665550564], [0.017289118680944925, 0.017291098680793864, 0.056812495665550564], [-0.017291098680793864, 0.017291098680793864, 0.056812495665550564]], "aabb": [[-0.017291098833084106, -0.017291098833084106, -0.05681357532739639], [0.017289118841290474, 0.017291098833084106, 0.05681249499320984]], "obb": [[[-0.8944324035023391, -0.44720317034322205, -2.738329655646877e-17, 2.2792046777046577e-08], [-0.447203170343222, 0.8944324035023392, 5.476818900014068e-17, -1.026001039745768e-07], [-0.0, 6.123233995736766e-17, -1.0, -5.399999588040494e-07], [0.0, 0.0, 0.0, 1.0]], [0.044462963015584486, 0.04446324741724555, 0.11362607133101874]], "radius": 0.05896407655084366, "volume": 8.53577817663194e-05, "num_verts": 838, "num_faces": 1652, "num_hulls": 0}