{"bbox": [[-0.11044485263321048, -0.11044485263321048, -0.09123705217526083], [0.11042670263277775, -0.11044485263321048, -0.09123705217526083], [0.11042670263277775, 0.11044485263321048, -0.09123705217526083], [-0.11044485263321048, 0.11044485263321048, -0.09123705217526083], [-0.11044485263321048, -0.11044485263321048, 0.09123705217526083], [0.11042670263277775, -0.11044485263321048, 0.09123705217526083], [0.11042670263277775, 0.11044485263321048, 0.09123705217526083], [-0.11044485263321048, 0.11044485263321048, 0.09123705217526083]], "aabb": [[-0.11044485121965408, -0.11044485121965408, -0.09123705327510834], [0.11042670160531998, 0.11044485121965408, 0.09123705327510834]], "obb": [[[0.6120772760782028, 0.7070972111604781, 0.3540832417352758, -1.8120183517370628e-06], [-0.6120467577612771, 0.7071163508086749, -0.3540977728437893, -6.137916408286022e-06], [-0.500759597434334, 1.9700185906685948e-05, 0.8655864053861441, -3.13793830529432e-06], [0.0, 0.0, 0.0, 1.0]], [0.27135133024335345, 0.2713558634506805, 0.22205962625728212]], "radius": 0.14673472643586072, "volume": 0.002163442263301709, "num_verts": 444, "num_faces": 880, "num_hulls": 0}