{"bbox": [[-0.05377787589707368, -0.02455073812692733, -0.02455073812692733], [0.05377715589712861, -0.02455073812692733, -0.02455073812692733], [0.05377715589712861, 0.02455073812692733, -0.02455073812692733], [-0.05377787589707368, 0.02455073812692733, -0.02455073812692733], [-0.05377787589707368, -0.02455073812692733, 0.02455073812692733], [0.05377715589712861, -0.02455073812692733, 0.02455073812692733], [0.05377715589712861, 0.02455073812692733, 0.02455073812692733], [-0.05377787589707368, 0.02455073812692733, 0.02455073812692733]], "aabb": [[-0.05377787724137306, -0.02455073781311512, -0.02455073781311512], [0.05377715453505516, 0.02455073781311512, 0.02455073781311512]], "obb": [[[5.4768176415628554e-17, 2.7383321726211944e-17, -1.0, -3.5999997254065885e-07], [0.44720358139632227, -0.8944321979816596, -0.0, -1.6427941009319397e-39], [-0.8944321979816595, -0.44720358139632227, -6.123233995736766e-17, -2.2043640703252643e-23], [0.0, 0.0, 0.0, 1.0]], [0.10755503179420228, 0.06452771773556698, 0.06452770245240987]], "radius": 0.05870989267490599, "volume": 0.00016973172527070504, "num_verts": 1104, "num_faces": 2196, "num_hulls": 0}