{"bbox": [[-0.05756849560787234, -0.015017878854226773, -0.027427497907447976], [0.05756699560798679, -0.015017878854226773, -0.027427497907447976], [0.05756699560798679, 0.015017878854226773, -0.027427497907447976], [-0.05756849560787234, 0.015017878854226773, -0.027427497907447976], [-0.05756849560787234, -0.015017878854226773, 0.027528477899743813], [0.05756699560798679, -0.015017878854226773, 0.027528477899743813], [0.05756699560798679, 0.015017878854226773, 0.027528477899743813], [-0.05756849560787234, 0.015017878854226773, 0.027528477899743813]], "aabb": [[-0.057568494230508804, -0.015017879195511341, -0.027427498251199722], [0.05756699666380882, 0.015017879195511341, 0.02752847783267498]], "obb": [[[-0.2169389508790863, -0.13076925590828434, 0.9673866307225232, -0.0008822400179639631], [-0.9761851727984202, 0.029061028557376113, -0.21498363897679745, -0.001681402262975287], [-6.041333875177682e-17, -0.9909868103705423, -0.1339594777222537, -0.0011661859239669428], [0.0, 0.0, 0.0, 1.0]], [0.11904280961846565, 0.05429347616561739, 0.06929073528919559]], "radius": 0.05878117023087187, "volume": 4.362083217031297e-05, "num_verts": 1821, "num_faces": 3590, "num_hulls": 0}