{"bbox": [[-0.0610246, -0.0610246, -0.0877229], [0.0610246, -0.0610246, -0.0877229], [0.0610246, 0.0610246, -0.0877229], [-0.0610246, 0.0610246, -0.0877229], [-0.0610246, -0.0610246, 0.0877229], [0.0610246, -0.0610246, 0.0877229], [0.0610246, 0.0610246, 0.0877229], [-0.0610246, 0.0610246, 0.0877229]], "aabb": [[-0.06102459877729416, -0.06102459877729416, -0.08772289752960205], [0.06102459877729416, 0.06102459877729416, 0.08772289752960205]], "obb": [[[-0.4471564331223169, -0.8944557698006589, -1.3698085391888156e-05, -6.365681041750685e-08], [-0.8944557698846481, 0.4471564331641238, 1.182187004434706e-08, 2.0738430831478694e-07], [6.114612865143296e-06, 1.2257617740388839e-05, -0.999999999906181, 2.8697228100955564e-07], [0.0, 0.0, 0.0, 1.0]], [0.1624784818835691, 0.16247599850073666, 0.17544860053101644]], "radius": 0.0982193724283046, "volume": 0.0004356274498982368, "num_verts": 3996, "num_faces": 7772, "num_hulls": 0}