{"bbox": [[-0.024391558139071796, -0.020732818418211486, -0.056100535719868797], [0.024391558139071796, -0.020732818418211486, -0.056100535719868797], [0.024391558139071796, 0.020732818418211486, -0.056100535719868797], [-0.024391558139071796, 0.020732818418211486, -0.056100535719868797], [-0.024391558139071796, -0.020732818418211486, 0.05609855572001986], [0.024391558139071796, -0.020732818418211486, 0.05609855572001986], [0.024391558139071796, 0.020732818418211486, 0.05609855572001986], [-0.024391558139071796, 0.020732818418211486, 0.05609855572001986]], "aabb": [[-0.02439155802130699, -0.02073281817138195, -0.05610053613781929], [0.02439155802130699, 0.02073281817138195, 0.05609855428338051]], "obb": [[[-0.28831206622848865, 0.9575365018980007, -2.645012769649933e-16, -0.003669367301462454], [0.9568293245803465, 0.28809913674408927, -0.03842565588807111, -0.0032903636214798642], [-0.03679396812219984, -0.011078580245274926, -0.9992614617654239, 8.320990326426223e-06], [0.0, 0.0, 0.0, 1.0]], [0.057341827784984166, 0.059397830403957574, 0.11457266173745051]], "radius": 0.05924545618221881, "volume": 4.287862975255188e-05, "num_verts": 2169, "num_faces": 4246, "num_hulls": 0}