{"bbox": [[-0.0789194, -0.0458915, -0.0596185], [0.07891870000000001, -0.0458915, -0.0596185], [0.07891870000000001, 0.0458915, -0.0596185], [-0.0789194, 0.0458915, -0.0596185], [-0.0789194, -0.0458915, 0.0596185], [0.07891870000000001, -0.0458915, 0.0596185], [0.07891870000000001, 0.0458915, 0.0596185], [-0.0789194, 0.0458915, 0.0596185]], "aabb": [[-0.07891940325498581, -0.045891501009464264, -0.059618499130010605], [0.0789187029004097, 0.045891501009464264, 0.059618499130010605]], "obb": [[[-5.908952982658442e-17, -0.06069270732083964, 0.9981564983899402, -0.0018796744824507306], [-0.9220857336485854, 0.38627224970853613, 0.023487207302199824, -0.0025290677354414433], [-0.38698565839285337, -0.9203858671139912, -0.0559638795570553, -0.0036753681705418515], [0.0, 0.0, 0.0, 1.0]], [0.167028152133162, 0.1282883255008923, 0.1511370985258992]], "radius": 0.09830124559917844, "volume": 0.0001978180078804465, "num_verts": 2380, "num_faces": 4656, "num_hulls": 0}