{"bbox": [[-0.03145949759983081, -0.02679881795541245, -0.053302375933351444], [0.03145949759983081, -0.02679881795541245, -0.053302375933351444], [0.03145949759983081, 0.02679881795541245, -0.053302375933351444], [-0.03145949759983081, 0.02679881795541245, -0.053302375933351444], [-0.03145949759983081, -0.02679881795541245, 0.053595715910971384], [0.03145949759983081, -0.02679881795541245, 0.053595715910971384], [0.03145949759983081, 0.02679881795541245, 0.053595715910971384], [-0.03145949759983081, 0.02679881795541245, 0.053595715910971384]], "aabb": [[-0.0314594991505146, -0.02679881826043129, -0.053302377462387085], [0.0314594991505146, 0.02679881826043129, 0.05359571427106857]], "obb": [[[-0.5053010759692879, 0.8455616861642286, -0.17232602100491565, 0.005479601773257597], [-0.8613397032606902, -0.5063711486688572, 0.04101433142900698, 0.00010864561035836249], [-0.05258077796178307, 0.16915582959770767, 0.9841857381114831, -0.0013901777258188374], [0.0, 0.0, 0.0, 1.0]], [0.09179906796120317, 0.07835231600739279, 0.11878055096412503]], "radius": 0.05841176884044754, "volume": 6.314787399899179e-05, "num_verts": 1522, "num_faces": 3016, "num_hulls": 0}