{"bbox": [[-0.056451535693089624, -0.02208971831468824, -0.01718087868920298], [0.056451535693089624, -0.02208971831468824, -0.01718087868920298], [0.056451535693089624, 0.02208971831468824, -0.01718087868920298], [-0.056451535693089624, 0.02208971831468824, -0.01718087868920298], [-0.056451535693089624, -0.02208971831468824, 0.01718087868920298], [0.056451535693089624, -0.02208971831468824, 0.01718087868920298], [0.056451535693089624, 0.02208971831468824, 0.01718087868920298], [-0.056451535693089624, 0.02208971831468824, 0.01718087868920298]], "aabb": [[-0.05645153671503067, -0.022089717909693718, -0.017180878669023514], [0.05645153671503067, 0.022089717909693718, 0.017180878669023514]], "obb": [[[0.024976599169367196, -0.0012902142777677312, -0.9996872034996998, 0.00016664039684634627], [-0.03746344284628916, -0.9992979362229988, 0.000353709708741488, 0.0001907519613850639], [-0.9989858156871074, 0.0374428899468601, -0.025007399872672326, 0.000188693527528851], [0.0, 0.0, 0.0, 1.0]], [0.11363615558985955, 0.045820799691174724, 0.03778591760789306]], "radius": 0.059210943086767144, "volume": 7.940921969699887e-05, "num_verts": 1540, "num_faces": 2968, "num_hulls": 0}