{"bbox": [[-0.08447670201408151, -0.04827405115094306, -0.13878795330896265], [0.08447670201408151, -0.04827405115094306, -0.13878795330896265], [0.08447670201408151, 0.04827405115094306, -0.13878795330896265], [-0.08447670201408151, 0.04827405115094306, -0.13878795330896265], [-0.08447670201408151, -0.04827405115094306, 0.13878795330896265], [0.08447670201408151, -0.04827405115094306, 0.13878795330896265], [0.08447670201408151, 0.04827405115094306, 0.13878795330896265], [-0.08447670201408151, 0.04827405115094306, 0.13878795330896265]], "aabb": [[-0.08447670191526413, -0.048274051398038864, -0.13878795504570007], [0.08447670191526413, 0.048274051398038864, 0.13878795504570007]], "obb": [[[-0.44579502503674556, -0.8948402186689541, 0.022973434766828574, -0.0015272078877146204], [-0.893622198296049, 0.44638649852969403, 0.04667398250563238, 0.004447776084863539], [-0.052020787816255964, 0.00027745792091878155, -0.9986459636187782, -3.6676433576757104e-05], [0.0, 0.0, 0.0, 1.0]], [0.18886619312962982, 0.16598631942639064, 0.2844502402996155]], "radius": 0.14823805703053636, "volume": 0.001223777826912344, "num_verts": 1991, "num_faces": 3938, "num_hulls": 0}