{"bbox": [[-0.049762959999999995, -0.049762959999999995, -0.060638319999999996], [0.049762959999999995, -0.049762959999999995, -0.060638319999999996], [0.049762959999999995, 0.049762959999999995, -0.060638319999999996], [-0.049762959999999995, 0.049762959999999995, -0.060638319999999996], [-0.049762959999999995, -0.049762959999999995, 0.060638319999999996], [0.049762959999999995, -0.049762959999999995, 0.060638319999999996], [0.049762959999999995, 0.049762959999999995, 0.060638319999999996], [-0.049762959999999995, 0.049762959999999995, 0.060638319999999996]], "aabb": [[-0.04976296052336693, -0.04976296052336693, -0.060638319700956345], [0.04976296052336693, 0.04976296052336693, 0.060638319700956345]], "obb": [[[-0.7071980252716823, 0.7070155253258821, -4.330338990061473e-17, 2.073624798863259e-06], [-0.7070155253258821, -0.7071980252716823, -4.32922150018913e-17, -4.1394839352276265e-07], [-6.123233995736766e-17, 0.0, 1.0, 7.187424032068457e-23], [0.0, 0.0, 0.0, 1.0]], [0.1400596446483978, 0.14005973079256043, 0.12127663999999999]], "radius": 0.07839317074459994, "volume": 0.00021708993285086218, "num_verts": 2162, "num_faces": 4264, "num_hulls": 0}