{"bbox": [[-0.0402261, -0.0543053, -0.09252010000000001], [0.0402261, -0.0543053, -0.09252010000000001], [0.0402261, 0.0543053, -0.09252010000000001], [-0.0402261, 0.0543053, -0.09252010000000001], [-0.0402261, -0.0543053, 0.09252010000000001], [0.0402261, -0.0543053, 0.09252010000000001], [0.0402261, 0.0543053, 0.09252010000000001], [-0.0402261, 0.0543053, 0.09252010000000001]], "aabb": [[-0.04022609815001488, -0.054305300116539, -0.0925201028585434], [0.04022609815001488, 0.054305300116539, 0.0925201028585434]], "obb": [[[-0.7782232714717209, -0.616878925461433, -0.11759647554837786, 0.0013013701703854846], [0.5734147891355219, -0.7743774496009573, 0.26746036182990207, -0.0011054346925911001], [-0.2560547194263702, 0.1407123195426228, 0.9563660511479994, 0.00012448751270300318], [0.0, 0.0, 0.0, 1.0]], [0.08967566383037368, 0.12761583630492213, 0.19097710189634975]], "radius": 0.09846987304622669, "volume": 0.00024318035080228242, "num_verts": 438, "num_faces": 872, "num_hulls": 0}