{"bbox": [[-0.04678169643083981, -0.034577757361926476, -0.036611757206744595], [0.04678169643083981, -0.034577757361926476, -0.036611757206744595], [0.04678169643083981, 0.034577757361926476, -0.036611757206744595], [-0.04678169643083981, 0.034577757361926476, -0.036611757206744595], [-0.04678169643083981, -0.034577757361926476, 0.036611757206744595], [0.04678169643083981, -0.034577757361926476, 0.036611757206744595], [0.04678169643083981, 0.034577757361926476, 0.036611757206744595], [-0.04678169643083981, 0.034577757361926476, 0.036611757206744595]], "aabb": [[-0.04678169637918472, -0.034577757120132446, -0.036611758172512054], [0.04678169637918472, 0.034577757120132446, 0.036611758172512054]], "obb": [[[-0.5166800764295306, 4.391578486305141e-05, 0.8561785425319759, -0.004908253147461414], [0.8561785389115815, 0.0001318017795807228, 0.5166800674842418, 0.004612883703753652], [-9.015544485787914e-05, 0.9999999903498474, -0.0001056991060665187, -7.630433473319689e-07], [0.0, 0.0, 0.0, 1.0]], [0.11162226103728326, 0.1054221466883159, 0.07324774090619336]], "radius": 0.05911138577952387, "volume": 0.00012637536200638382, "num_verts": 968, "num_faces": 1856, "num_hulls": 0}