{"bbox": [[-0.04506833656155879, -0.036250617234297386, -0.012736199028305127], [0.04506833656155879, -0.036250617234297386, -0.012736199028305127], [0.04506833656155879, 0.036250617234297386, -0.012736199028305127], [-0.04506833656155879, 0.036250617234297386, -0.012736199028305127], [-0.04506833656155879, -0.036250617234297386, 0.012736679028268506], [0.04506833656155879, -0.036250617234297386, 0.012736679028268506], [0.04506833656155879, 0.036250617234297386, 0.012736679028268506], [-0.04506833656155879, 0.036250617234297386, 0.012736679028268506]], "aabb": [[-0.04506833478808403, -0.03625061735510826, -0.012736199423670769], [0.04506833478808403, 0.03625061735510826, 0.012736679054796696]], "obb": [[[-0.12403853034026166, 6.123233995736766e-17, 0.9922774022374125, -0.00021852279937538993], [6.835463668342207e-17, 1.0, -5.3164297768207735e-17, 1.8040705443194899e-19], [-0.9922774022374126, 6.123233995736767e-17, -0.12403853034026167, -0.0027277479875577144], [0.0, 0.0, 0.0, 1.0]], [0.09410076477775119, 0.07250123446859477, 0.033008991876432935]], "radius": 0.05863017874802901, "volume": 6.498342862370649e-05, "num_verts": 612, "num_faces": 1196, "num_hulls": 0}