{"bbox": [[-0.031165077622293275, -0.031165077622293275, -0.11468759125003118], [0.031165077622293275, -0.031165077622293275, -0.11468759125003118], [0.031165077622293275, 0.031165077622293275, -0.11468759125003118], [-0.031165077622293275, 0.031165077622293275, -0.11468759125003118], [-0.031165077622293275, -0.031165077622293275, 0.11468759125003118], [0.031165077622293275, -0.031165077622293275, 0.11468759125003118], [0.031165077622293275, 0.031165077622293275, 0.11468759125003118], [-0.031165077622293275, 0.031165077622293275, 0.11468759125003118]], "aabb": [[-0.031165078282356262, -0.031165078282356262, -0.11468759179115295], [0.031165078282356262, 0.031165078282356262, 0.11468759179115295]], "obb": [[[-0.9286039508122471, 0.37107236832710366, 2.272162940619076e-17, -1.2874158972466787e-18], [0.37107236832710366, 0.9286039508122471, 5.686059280189023e-17, -3.2217421467176346e-18], [-0.0, 6.123233995736766e-17, -1.0, -2.1244235522607673e-34], [0.0, 0.0, 0.0, 1.0]], [0.08062171299175207, 0.08062171299175208, 0.22937518250006236]], "radius": 0.11763645870101562, "volume": 0.0004815672216073086, "num_verts": 713, "num_faces": 1422, "num_hulls": 0}