{"bbox": [[-0.05329337593403809, -0.049817756199206836, -0.025488118055410916], [0.05329337593403809, -0.049817756199206836, -0.025488118055410916], [0.05329337593403809, 0.049817756199206836, -0.025488118055410916], [-0.05329337593403809, 0.049817756199206836, -0.025488118055410916], [-0.05329337593403809, -0.049817756199206836, 0.025198498077507164], [0.05329337593403809, -0.049817756199206836, 0.025198498077507164], [0.05329337593403809, 0.049817756199206836, 0.025198498077507164], [-0.05329337593403809, 0.049817756199206836, 0.025198498077507164]], "aabb": [[-0.053293377161026, -0.049817755818367004, -0.025488117709755898], [0.053293377161026, 0.049817755818367004, 0.025198498740792274]], "obb": [[[0.03872890046843568, 0.37143708232228784, 0.9276500235241801, 0.00017850632354136684], [-0.01549380566645631, 0.9284581271527036, -0.37111379401750094, 0.0015495242069636904], [-0.9991296283538369, 6.115021838531764e-17, 0.04171313636642432, 0.00016364724959831687], [0.0, 0.0, 0.0, 1.0]], [0.13731926881727763, 0.1317713097381387, 0.053092770673560254]], "radius": 0.058925416338839645, "volume": 0.00018757441903121958, "num_verts": 1039, "num_faces": 2034, "num_hulls": 0}