{"bbox": [[-0.07531744, -0.02128536, -0.022104], [0.07531744, -0.02128536, -0.022104], [0.07531744, 0.02128536, -0.022104], [-0.07531744, 0.02128536, -0.022104], [-0.07531744, -0.02128536, 0.022104], [0.07531744, -0.02128536, 0.022104], [0.07531744, 0.02128536, 0.022104], [-0.07531744, 0.02128536, 0.022104]], "aabb": [[-0.07531744241714478, -0.02128536067903042, -0.02210400067269802], [0.07531744241714478, 0.02128536067903042, 0.02210400067269802]], "obb": [[[-2.735764529852684e-17, -5.478100674845832e-17, -1.0, -9.491589909360207e-35], [-0.8946417332180836, 0.4467842535100618, -0.0, -3.1039120344039786e-18], [0.4467842535100618, 0.8946417332180836, -6.123233995736766e-17, 1.5500942665213547e-18], [0.0, 0.0, 0.0, 1.0]], [0.15063488, 0.057621296466675596, 0.05827515012962509]], "radius": 0.07832207958368786, "volume": 0.000175236400206062, "num_verts": 961, "num_faces": 1914, "num_hulls": 0}