{"bbox": [[-0.0973556, -0.0116408, -0.037832700000000004], [0.09735970000000001, -0.0116408, -0.037832700000000004], [0.09735970000000001, 0.0116408, -0.037832700000000004], [-0.0973556, 0.0116408, -0.037832700000000004], [-0.0973556, -0.0116408, 0.0380973], [0.09735970000000001, -0.0116408, 0.0380973], [0.09735970000000001, 0.0116408, 0.0380973], [-0.0973556, 0.0116408, 0.0380973]], "aabb": [[-0.09735559672117233, -0.011640800163149834, -0.037832699716091156], [0.09735970199108124, 0.011640800163149834, 0.03809729963541031]], "obb": [[[-0.010072780148098419, -0.026921886239420375, -0.9995867901995301, 5.062023319080667e-05], [-0.9958341823975368, -0.09032628087237847, 0.012467724427250727, 0.001806616104538614], [-0.0906246118265769, 0.99554827860083, -0.02589989780300983, 1.391585194850633e-05], [0.0, 0.0, 0.0, 1.0]], [0.19737064508946334, 0.033005246507942246, 0.08220859737452713]], "radius": 0.09798037612472459, "volume": 0.0001183011422530924, "num_verts": 808, "num_faces": 1584, "num_hulls": 0}