{"bbox": [[-0.037322217152540804, -0.037322217152540804, -0.04547873653024776], [0.037322217152540804, -0.037322217152540804, -0.04547873653024776], [0.037322217152540804, 0.037322217152540804, -0.04547873653024776], [-0.037322217152540804, 0.037322217152540804, -0.04547873653024776], [-0.037322217152540804, -0.037322217152540804, 0.04547873653024776], [0.037322217152540804, -0.037322217152540804, 0.04547873653024776], [0.037322217152540804, 0.037322217152540804, 0.04547873653024776], [-0.037322217152540804, 0.037322217152540804, 0.04547873653024776]], "aabb": [[-0.03732221573591232, -0.03732221573591232, -0.045478735119104385], [0.03732221573591232, 0.03732221573591232, 0.045478735119104385]], "obb": [[[-0.7071980252716827, 0.7070155253258816, -4.330338990061476e-17, 1.555218480490761e-06], [-0.7070155253258816, -0.7071980252716827, -4.3292215001891274e-17, -3.104612714649765e-07], [-6.123233995736766e-17, 0.0, 1.0, 5.390567612731077e-23], [0.0, 0.0, 0.0, 1.0]], [0.1050447254720218, 0.10504479008013885, 0.09095747306049552]], "radius": 0.05879487357275709, "volume": 9.158479445936004e-05, "num_verts": 2162, "num_faces": 4264, "num_hulls": 0}