{"bbox": [[-0.02570205061278464, -0.13908750331610448, -0.07068060168515686], [0.02570205061278464, -0.13908750331610448, -0.07068060168515686], [0.02570205061278464, 0.13909335331624398, -0.07068060168515686], [-0.02570205061278464, 0.13909335331624398, -0.07068060168515686], [-0.02570205061278464, -0.13908750331610448, 0.07068060168515686], [0.02570205061278464, -0.13908750331610448, 0.07068060168515686], [0.02570205061278464, 0.13909335331624398, 0.07068060168515686], [-0.02570205061278464, 0.13909335331624398, 0.07068060168515686]], "aabb": [[-0.02570204995572567, -0.1390874981880188, -0.07068060338497162], [0.02570204995572567, 0.13909335434436798, 0.07068060338497162]], "obb": [[[0.9941001558061056, 0.0062839652482532034, -0.10828384924371327, -0.0015908288975309277], [-0.10846603259212756, 0.057593061007949135, -0.9924304303564346, 0.0002799328943571543], [-6.147924696461326e-17, 0.9983203649653218, 0.05793486770077762, 0.0002604372883969756], [0.0, 0.0, 0.0, 1.0]], [0.08186255874545281, 0.29267576898359265, 0.15430782552005443]], "radius": 0.1467770742978636, "volume": 0.0005336660643096958, "num_verts": 1446, "num_faces": 2864, "num_hulls": 0}