{"bbox": [[-0.03137936, -0.03137936, -0.07217248], [0.03137936, -0.03137936, -0.07217248], [0.03137936, 0.03137936, -0.07217248], [-0.03137936, 0.03137936, -0.07217248], [-0.03137936, -0.03137936, 0.07217248], [0.03137936, -0.03137936, 0.07217248], [0.03137936, 0.03137936, 0.07217248], [-0.03137936, 0.03137936, 0.07217248]], "aabb": [[-0.03137936070561409, -0.03137936070561409, -0.07217247784137726], [0.03137936070561409, 0.03137936070561409, 0.07217247784137726]], "obb": [[[-0.3164162064330452, 0.9486204637822865, 5.808625072883275e-17, -6.5823767532605554e-18], [0.9486204637822867, 0.3164162064330452, 1.9374904720328846e-17, -2.1955784859157084e-18], [-0.0, 6.123233995736766e-17, -1.0, -4.2488471045215345e-34], [0.0, 0.0, 0.0, 1.0]], [0.07908010874840961, 0.07908010874840961, 0.14434496]], "radius": 0.07830213484533868, "volume": 0.00037021635881233134, "num_verts": 487, "num_faces": 966, "num_hulls": 0}