{"bbox": [[-0.06728168, -0.04351368, -0.005850584], [0.066916, -0.04351368, -0.005850584], [0.066916, 0.04351368, -0.005850584], [-0.06728168, 0.04351368, -0.005850584], [-0.06728168, -0.04351368, 0.005850584], [0.066916, -0.04351368, 0.005850584], [0.066916, 0.04351368, 0.005850584], [-0.06728168, 0.04351368, 0.005850584]], "aabb": [[-0.06728167831897736, -0.04351368173956871, -0.005850583780556917], [0.06691599637269974, 0.04351368173956871, 0.005850583780556917]], "obb": [[[-0.0015894163506899315, -0.0015991658801677803, -0.9999974582088456, -0.00023913356475881422], [4.0608773854454756e-17, 0.9999987213301961, -0.001599167900113481, -1.5485395894736922e-06], [0.9999987368770343, -2.541743607979459e-06, -0.0015894143183512383, 9.609722961174609e-05], [0.0, 0.0, 0.0, 1.0]], [0.13434568612002667, 0.08744289120340656, 0.01192161216932348]], "radius": 0.07892232615654458, "volume": 0.00010241435076598811, "num_verts": 156, "num_faces": 300, "num_hulls": 0}