{"bbox": [[-0.03348408, -0.03348408, -0.07701328], [0.03348408, -0.03348408, -0.07701328], [0.03348408, 0.03348408, -0.07701328], [-0.03348408, 0.03348408, -0.07701328], [-0.03348408, -0.03348408, 0.07701144], [0.03348408, -0.03348408, 0.07701144], [0.03348408, 0.03348408, 0.07701144], [-0.03348408, 0.03348408, 0.07701144]], "aabb": [[-0.0334840789437294, -0.0334840789437294, -0.0770132765173912], [0.0334840789437294, 0.0334840789437294, 0.07701144367456436]], "obb": [[[0.37588323344220403, 0.921546361029733, 0.09728360236900359, -0.0043145153071145505], [0.9266670355726664, -0.37380613818499175, -0.039461072440942824, 0.0017500935094468763], [-0.0, 0.10498226292131323, -0.9944740944197191, -0.00026208126292268715], [0.0, 0.0, 0.0, 1.0]], [0.10150728950969197, 0.09265588811010204, 0.16120674014496628]], "radius": 0.07834625159435772, "volume": 0.0002869975510875127, "num_verts": 2018, "num_faces": 4020, "num_hulls": 0}