{"bbox": [[-0.053195095941536256, -0.053195095941536256, -0.030064677706247125], [0.053195095941536256, -0.053195095941536256, -0.030064677706247125], [0.053195095941536256, 0.053195095941536256, -0.030064677706247125], [-0.053195095941536256, 0.053195095941536256, -0.030064677706247125], [-0.053195095941536256, -0.053195095941536256, 0.030064497706260858], [0.053195095941536256, -0.053195095941536256, 0.030064497706260858], [0.053195095941536256, 0.053195095941536256, 0.030064497706260858], [-0.053195095941536256, 0.053195095941536256, 0.030064497706260858]], "aabb": [[-0.05319509655237198, -0.05319509655237198, -0.030064677819609642], [0.05319509655237198, 0.05319509655237198, 0.030064497143030167]], "obb": [[[0.024349106234514403, 0.33389727049513296, -0.942294929298402, 0.0003549699029075473], [-0.1241240332493638, 0.9362905846270748, 0.32856227036682256, -0.0016218475860210974], [0.991967915507095, 0.10896124950912676, 0.06424251481626994, -0.00022575774205443508], [0.0, 0.0, 0.0, 1.0]], [0.11621423954579373, 0.11885308647251563, 0.0765480951321774]], "radius": 0.05875151515177267, "volume": 0.00026785012866009325, "num_verts": 1259, "num_faces": 2506, "num_hulls": 0}