{"bbox": [[-0.11739827104322273, -0.045938516495169335, -0.056147035716321125], [0.11739827104322273, -0.045938516495169335, -0.056147035716321125], [0.11739827104322273, 0.045938516495169335, -0.056147035716321125], [-0.11739827104322273, 0.045938516495169335, -0.056147035716321125], [-0.11739827104322273, -0.045938516495169335, 0.05614487571648592], [0.11739827104322273, -0.045938516495169335, 0.05614487571648592], [0.11739827104322273, 0.045938516495169335, 0.05614487571648592], [-0.11739827104322273, 0.045938516495169335, 0.05614487571648592]], "aabb": [[-0.11739826947450638, -0.04593851789832115, -0.05614703521132469], [0.11739826947450638, 0.04593851789832115, 0.056144874542951584]], "obb": [[[1.910481955640058e-05, 3.903212524954867e-17, 0.999999999817503, 1.2805881278527403e-08], [-0.9647561086452853, 0.263145683019666, 1.8431491374956796e-05, 0.002267805378625317], [-0.26314568297164265, -0.9647561088213504, 5.0273507911741595e-06, -0.0032108870004332393], [0.0, 0.0, 0.0, 1.0]], [0.23479854320665716, 0.11726952263859053, 0.13532309796157294]], "radius": 0.1178962600443436, "volume": 0.0008139601843215355, "num_verts": 1985, "num_faces": 3894, "num_hulls": 0}