{"bbox": [[-0.12533025298810607, -0.059257201412801774, -0.07901250188380485], [0.12533025298810607, -0.059257201412801774, -0.07901250188380485], [0.12533025298810607, 0.05994045142909172, -0.07901250188380485], [-0.12533025298810607, 0.05994045142909172, -0.07901250188380485], [-0.12533025298810607, -0.059257201412801774, 0.07901040188375477], [0.12533025298810607, -0.059257201412801774, 0.07901040188375477], [0.12533025298810607, 0.05994045142909172, 0.07901040188375477], [-0.12533025298810607, 0.05994045142909172, 0.07901040188375477]], "aabb": [[-0.12533025443553925, -0.059257201850414276, -0.07901249825954437], [0.12533025443553925, 0.05994044989347458, 0.07901040464639664]], "obb": [[[-0.03308635621195192, -0.0005458433442347113, 0.9994523475822442, 0.0008739566400083687], [0.9993165744833862, 0.016473586453042362, 0.03309085843801515, -0.0005152528482004569], [-0.016482627078425644, 0.9998641522749067, 4.1935149144255816e-07, 0.00023486040087120254], [0.0, 0.0, 0.0, 1.0]], [0.2548191700499234, 0.12858866581801384, 0.16081683929207027]], "radius": 0.1467348639933479, "volume": 0.002553883511540166, "num_verts": 995, "num_faces": 1954, "num_hulls": 0}