{"bbox": [[-0.07353610000000001, -0.07353610000000001, -0.0255778], [0.07353610000000001, -0.07353610000000001, -0.0255778], [0.07353610000000001, 0.07353610000000001, -0.0255778], [-0.07353610000000001, 0.07353610000000001, -0.0255778], [-0.07353610000000001, -0.07353610000000001, 0.0255778], [0.07353610000000001, -0.07353610000000001, 0.0255778], [0.07353610000000001, 0.07353610000000001, 0.0255778], [-0.07353610000000001, 0.07353610000000001, 0.0255778]], "aabb": [[-0.07353609800338745, -0.07353609800338745, -0.02557780034840107], [0.07353609800338745, 0.07353609800338745, 0.02557780034840107]], "obb": [[[-0.024214789996287806, 0.10529220957847264, -0.9941464653397499, -0.00048474011721957926], [-0.031135218577075654, -0.9940350804609529, -0.10452204062849514, -0.0006235054245157492], [-0.9992218182713954, 0.02842198823217781, 0.02734864668199403, -0.0024187156919752636], [0.0, 0.0, 0.0, 1.0]], [0.16266813073643582, 0.16286625317761408, 0.05704227415665986]], "radius": 0.09724470469213221, "volume": 0.00041840310187472515, "num_verts": 2983, "num_faces": 5810, "num_hulls": 0}