{"bbox": [[-0.05706330136049512, -0.05706330136049512, -0.14187330338252313], [0.05706330136049512, -0.05706330136049512, -0.14187330338252313], [0.05706330136049512, 0.05706330136049512, -0.14187330338252313], [-0.05706330136049512, 0.05706330136049512, -0.14187330338252313], [-0.05706330136049512, -0.05706330136049512, 0.14188695338284857], [0.05706330136049512, -0.05706330136049512, 0.14188695338284857], [0.05706330136049512, 0.05706330136049512, 0.14188695338284857], [-0.05706330136049512, 0.05706330136049512, 0.14188695338284857]], "aabb": [[-0.05706330016255379, -0.05706330016255379, -0.141873300075531], [0.05706330016255379, 0.05706330016255379, 0.14188694953918457]], "obb": [[[-0.7071067811865476, -0.7071067811865475, -4.329780281177466e-17, 2.955075112357386e-22], [-0.7071067811865475, 0.7071067811865476, 4.329780281177467e-17, -2.9550751123573864e-22], [-0.0, 6.123233995736766e-17, -1.0, 6.8250001627190304e-06], [0.0, 0.0, 0.0, 1.0]], [0.15934800379915245, 0.15934800379915245, 0.2837602567653717]], "radius": 0.14693351392659892, "volume": 0.000851857772972125, "num_verts": 803, "num_faces": 1594, "num_hulls": 0}