{"bbox": [[-0.057092720000000007, -0.03996488, -0.06565664], [0.056854800000000004, -0.03996488, -0.06565664], [0.056854800000000004, 0.03996488, -0.06565664], [-0.057092720000000007, 0.03996488, -0.06565664], [-0.057092720000000007, -0.03996488, 0.06565664], [0.056854800000000004, -0.03996488, 0.06565664], [0.056854800000000004, 0.03996488, 0.06565664], [-0.057092720000000007, 0.03996488, 0.06565664]], "aabb": [[-0.05709271878004074, -0.03996488079428673, -0.0656566396355629], [0.05685479938983917, 0.03996488079428673, 0.0656566396355629]], "obb": [[[-6.123233995736766e-17, 0.9950376799431234, 0.09949882156792729, -0.0013498220636205165], [-1.0, -5.483593982106294e-17, -6.702103115627253e-17, -5.231346792794667e-20], [-6.123233995736766e-17, -0.09949882156792729, 0.9950376799431234, 0.0022041658297475225], [0.0, 0.0, 0.0, 1.0]], [0.12321534201869322, 0.07992976000000002, 0.1436927623923607]], "radius": 0.07876946697301436, "volume": 0.00037139222321249657, "num_verts": 3036, "num_faces": 5996, "num_hulls": 0}