{"bbox": [[-0.041020316870398185, -0.02461223812223525, -0.1075319917959601], [0.041020316870398185, -0.02461223812223525, -0.1075319917959601], [0.041020316870398185, 0.02461223812223525, -0.1075319917959601], [-0.041020316870398185, 0.02461223812223525, -0.1075319917959601], [-0.041020316870398185, -0.02461223812223525, 0.1075319917959601], [0.041020316870398185, -0.02461223812223525, 0.1075319917959601], [0.041020316870398185, 0.02461223812223525, 0.1075319917959601], [-0.041020316870398185, 0.02461223812223525, 0.1075319917959601]], "aabb": [[-0.041020315140485764, -0.024612238630652428, -0.10753199458122253], [0.041020315140485764, 0.024612238630652428, 0.10753199458122253]], "obb": [[[-0.007958630787779818, 0.9977196875635644, -0.06702302025458952, 0.0], [-0.9483387978945816, -0.028789082653798592, -0.31595049157710237, -0.0], [-0.31715955701167775, 0.06104599714982191, 0.9464054108193487, 0.0], [0.0, 0.0, 0.0, 1.0]], [0.09230114149839158, 0.10170162008136341, 0.22642537301341986]], "radius": 0.11736786977555926, "volume": 0.0003033875713678522, "num_verts": 115, "num_faces": 226, "num_hulls": 0}