{"bbox": [[-0.11338247134960393, -0.029578077743371754, -0.029578077743371754], [0.11338247134960393, -0.029578077743371754, -0.029578077743371754], [0.11338247134960393, 0.029578077743371754, -0.029578077743371754], [-0.11338247134960393, 0.029578077743371754, -0.029578077743371754], [-0.11338247134960393, -0.029578077743371754, 0.029264157767321948], [0.11338247134960393, -0.029578077743371754, 0.029264157767321948], [0.11338247134960393, 0.029578077743371754, 0.029264157767321948], [-0.11338247134960393, 0.029578077743371754, 0.029264157767321948]], "aabb": [[-0.11338247358798981, -0.029578078538179398, -0.029578078538179398], [0.11338247358798981, 0.029578078538179398, 0.029264157637953758]], "obb": [[[2.8279757002938753e-18, 6.116700098985719e-17, -1.0, 6.477634519447613e-20], [0.998932933682496, -0.04618434804651958, 0.0, -0.0003052352142256113], [-0.04618434804651957, -0.9989329336824959, -6.123233995736766e-17, -0.0010578779977961964], [0.0, 0.0, 0.0, 1.0]], [0.22676494269920786, 0.06136224287314715, 0.061761497625576325]], "radius": 0.11765458222073408, "volume": 0.0005903458499597745, "num_verts": 334, "num_faces": 656, "num_hulls": 0}