{"bbox": [[-0.07558832, -0.019718720000000002, -0.019718720000000002], [0.07558832, -0.019718720000000002, -0.019718720000000002], [0.07558832, 0.019718720000000002, -0.019718720000000002], [-0.07558832, 0.019718720000000002, -0.019718720000000002], [-0.07558832, -0.019718720000000002, 0.01950944], [0.07558832, -0.019718720000000002, 0.01950944], [0.07558832, 0.019718720000000002, 0.01950944], [-0.07558832, 0.019718720000000002, 0.01950944]], "aabb": [[-0.07558832317590714, -0.019718719646334648, -0.019718719646334648], [0.07558832317590714, 0.019718719646334648, 0.019509440287947655]], "obb": [[[2.8279757002938753e-18, 6.116700098985719e-17, -1.0, 4.3184233424346217e-20], [0.998932933682496, -0.04618434804651958, 0.0, -0.0002034901583421395], [-0.04618434804651957, -0.9989329336824959, -6.123233995736766e-17, -0.0007052520523372578], [0.0, 0.0, 0.0, 1.0]], [0.15117664, 0.040908165036476506, 0.04117433489173642]], "radius": 0.07843639413137757, "volume": 0.0001749173289123635, "num_verts": 334, "num_faces": 656, "num_hulls": 0}