{"bbox": [[-0.056731801352591545, -0.05374590128140214, -0.13735050327469117], [0.05673015135255221, -0.05374590128140214, -0.13735050327469117], [0.05673015135255221, 0.05374590128140214, -0.13735050327469117], [-0.056731801352591545, 0.05374590128140214, -0.13735050327469117], [-0.056731801352591545, -0.05374590128140214, 0.13735050327469117], [0.05673015135255221, -0.05374590128140214, 0.13735050327469117], [0.05673015135255221, 0.05374590128140214, 0.13735050327469117], [-0.056731801352591545, 0.05374590128140214, 0.13735050327469117]], "aabb": [[-0.056731801480054855, -0.053745903074741364, -0.13735049962997437], [0.05673015117645264, 0.053745903074741364, 0.13735049962997437]], "obb": [[[0.44721359538735644, 0.8944096814120666, 0.00559659691948912, -0.0027270922107569453], [-0.894427190774713, 0.4472049974114781, 0.002773209882958458, 0.00012823627454055828], [-2.244034298754905e-05, -0.006245965623118668, 0.9999804935146813, -4.349119090739906e-05], [0.0, 0.0, 0.0, 1.0]], [0.14928559649023834, 0.14808523384416467, 0.2759001022490751]], "radius": 0.14691455433692882, "volume": 0.0018978851860880267, "num_verts": 1366, "num_faces": 2708, "num_hulls": 0}