{"bbox": [[-0.02511305808402572, -0.02511305808402572, -0.057759955593265105], [0.02511305808402572, -0.02511305808402572, -0.057759955593265105], [0.02511305808402572, 0.02511305808402572, -0.057759955593265105], [-0.02511305808402572, 0.02511305808402572, -0.057759955593265105], [-0.02511305808402572, -0.02511305808402572, 0.057758575593370394], [0.02511305808402572, -0.02511305808402572, 0.057758575593370394], [0.02511305808402572, 0.02511305808402572, 0.057758575593370394], [-0.02511305808402572, 0.02511305808402572, 0.057758575593370394]], "aabb": [[-0.0251130573451519, -0.0251130573451519, -0.057759955525398254], [0.0251130573451519, 0.0251130573451519, 0.057758577167987823]], "obb": [[[0.37588323344220365, 0.9215463610297332, 0.09728360236900362, -0.0032358862334573853], [0.9266670355726667, -0.3738061381849913, -0.039461072440942775, 0.0013125700319440096], [-6.394512426717107e-18, 0.10498226292131323, -0.9944740944197191, -0.00019656093219561332], [0.0, 0.0, 0.0, 1.0]], [0.0761304613239757, 0.06949191078076447, 0.12090504588440178]], "radius": 0.058759684212760156, "volume": 0.00012107706415270158, "num_verts": 2018, "num_faces": 4020, "num_hulls": 0}