{"bbox": [[-0.04375337666188227, -0.039948716952154774, -0.013316218984053116], [0.04375337666188227, -0.039948716952154774, -0.013316218984053116], [0.04375337666188227, 0.039948716952154774, -0.013316218984053116], [-0.04375337666188227, 0.039948716952154774, -0.013316218984053116], [-0.04375337666188227, -0.039948716952154774, 0.013314538984181291], [0.04375337666188227, -0.039948716952154774, 0.013314538984181291], [0.04375337666188227, 0.039948716952154774, 0.013314538984181291], [-0.04375337666188227, 0.039948716952154774, 0.013314538984181291]], "aabb": [[-0.043753378093242645, -0.0399487167596817, -0.013316218741238117], [0.043753378093242645, 0.0399487167596817, 0.013314538635313511]], "obb": [[[5.953477840469246e-17, 1.431815689810692e-17, -1.0, 2.764859508617508e-19], [0.23383324739958947, -0.9722767159664796, -0.0, 0.0012002328269959932], [-0.9722767159664795, -0.23383324739958947, -6.123233995736766e-17, -0.004515358241319066], [0.0, 0.0, 0.0, 1.0]], [0.08750675332376454, 0.08425211278385122, 0.03664613844063319]], "radius": 0.05908566326473804, "volume": 5.275611181467044e-05, "num_verts": 488, "num_faces": 940, "num_hulls": 0}