{"bbox": [[-0.022598818275846994, -0.0531651559438205, -0.03882359703799461], [0.022598818275846994, -0.0531651559438205, -0.03882359703799461], [0.022598818275846994, 0.0531651559438205, -0.03882359703799461], [-0.022598818275846994, 0.0531651559438205, -0.03882359703799461], [-0.022598818275846994, -0.0531651559438205, 0.03882359703799461], [0.022598818275846994, -0.0531651559438205, 0.03882359703799461], [0.022598818275846994, 0.0531651559438205, 0.03882359703799461], [-0.022598818275846994, 0.0531651559438205, 0.03882359703799461]], "aabb": [[-0.022598817944526672, -0.05316515639424324, -0.03882359713315964], [0.022598817944526672, 0.05316515639424324, 0.03882359713315964]], "obb": [[[0.8933565829016702, -0.4493428523009864, 0.002239837553311476, -0.00022354856499165652], [0.0018782024034398957, -0.0012505537079163188, -0.9999974542323373, 5.184517302893791e-06], [0.4493445094156409, 0.8933585154916461, -0.00027323356207888545, -7.563164820359397e-06], [0.0, 0.0, 0.0, 1.0]], [0.06941180446948042, 0.10650846835436782, 0.08302586006546703]], "radius": 0.058626076852914585, "volume": 3.0080418290910735e-05, "num_verts": 1815, "num_faces": 3578, "num_hulls": 0}