{"bbox": [[-0.04279745673481318, -0.030568317667822444, -0.05624321570898318], [0.04279745673481318, -0.030568317667822444, -0.05624321570898318], [0.04279745673481318, 0.030568617667799555, -0.05624321570898318], [-0.04279745673481318, 0.030568617667799555, -0.05624321570898318], [-0.04279745673481318, -0.030568317667822444, 0.056247595708649005], [0.04279745673481318, -0.030568317667822444, 0.056247595708649005], [0.04279745673481318, 0.030568617667799555, 0.056247595708649005], [-0.04279745673481318, 0.030568617667799555, 0.056247595708649005]], "aabb": [[-0.04279745742678642, -0.0305683184415102, -0.05624321475625038], [0.04279745742678642, 0.030568618327379227, 0.05624759569764137]], "obb": [[[-0.2811449571831028, 0.9595826425564755, 0.012596235740995344, -0.001939440618552793], [0.9420454493897086, 0.2784628976864225, -0.18710634916063865, 0.004990896735534533], [-0.18305158927103907, -0.04073777996420975, -0.9822589011808112, -0.0019059389181116369], [0.0, 0.0, 0.0, 1.0]], [0.09858486266906336, 0.09321067069717251, 0.12015201375641127]], "radius": 0.05894312626839089, "volume": 6.03574682285547e-05, "num_verts": 1762, "num_faces": 3460, "num_hulls": 0}