{"bbox": [[-0.0385401, -0.08624530000000001, -0.0479402], [0.0385401, -0.08624530000000001, -0.0479402], [0.0385401, 0.0864791, -0.0479402], [-0.0385401, 0.0864791, -0.0479402], [-0.0385401, -0.08624530000000001, 0.0479402], [0.0385401, -0.08624530000000001, 0.0479402], [0.0385401, 0.0864791, 0.0479402], [-0.0385401, 0.0864791, 0.0479402]], "aabb": [[-0.03854009881615639, -0.08624529838562012, -0.047940198332071304], [0.03854009881615639, 0.08647909760475159, 0.047940198332071304]], "obb": [[[6.052455852764826e-17, 1.0, 9.283171424029856e-18, 1.566247453932654e-19], [0.15160569448257508, -0.0, -0.9884410520615057, 0.004472420834045795], [-0.9884410520615057, 6.123233995736766e-17, -0.15160569448257508, -0.002557876205650701], [0.0, 0.0, 0.0, 1.0]], [0.0770802, 0.18427639289695646, 0.10199320615426113]], "radius": 0.09693068079688134, "volume": 0.00015194215253527967, "num_verts": 1735, "num_faces": 3438, "num_hulls": 0}