{"bbox": [[-0.1384266033003474, -0.062442451488744055, -0.10532460251113421], [0.13767420328240879, -0.062442451488744055, -0.10532460251113421], [0.13767420328240879, 0.0631947015066791, -0.10532460251113421], [-0.1384266033003474, 0.0631947015066791, -0.10532460251113421], [-0.1384266033003474, -0.062442451488744055, 0.10457220249319558], [0.13767420328240879, -0.062442451488744055, 0.10457220249319558], [0.13767420328240879, 0.0631947015066791, 0.10457220249319558], [-0.1384266033003474, 0.0631947015066791, 0.10457220249319558]], "aabb": [[-0.13842660188674927, -0.06244245171546936, -0.10532460361719131], [0.13767419755458832, 0.06319469958543777, 0.10457219928503036]], "obb": [[[-0.024933071381563938, -0.01261235328820371, -0.9996095590259305, -0.0001375874160112452], [-0.9442542993544802, -0.32805030300531157, 0.027691458045811964, 0.003596079904541354], [-0.32827147317740163, 0.9445760568861867, -0.0037299671957888598, -0.0025556614689541454], [0.0, 0.0, 0.0, 1.0]], [0.2818541528353008, 0.18364367562598, 0.2298256454574425]], "radius": 0.14785147346505814, "volume": 0.0006623347588610277, "num_verts": 1841, "num_faces": 3582, "num_hulls": 0}