{"bbox": [[-0.07976970190185789, -0.12231345291617997, -0.02127195050716282], [0.07976970190185789, -0.12231345291617997, -0.02127195050716282], [0.07976970190185789, 0.12231345291617997, -0.02127195050716282], [-0.07976970190185789, 0.12231345291617997, -0.02127195050716282], [-0.07976970190185789, -0.12231345291617997, 0.02127195050716282], [0.07976970190185789, -0.12231345291617997, 0.02127195050716282], [0.07976970190185789, 0.12231345291617997, 0.02127195050716282], [-0.07976970190185789, 0.12231345291617997, 0.02127195050716282]], "aabb": [[-0.07976970076560974, -0.12231345474720001, -0.021271949633955956], [0.07976970076560974, 0.12231345474720001, 0.021271949633955956]], "obb": [[[-0.05653547992442478, -0.9984005906998028, -6.123233995736765e-17, 0.00037951917474243253], [-5.767260465698169e-17, 6.459620410975231e-17, -1.0, 2.2433735761494257e-19], [0.9984005906998027, -0.05653547992442478, -6.123233995736766e-17, -0.004043226257815446], [0.0, 0.0, 0.0, 1.0]], [0.163197678349669, 0.24462690583235994, 0.05091480948206989]], "radius": 0.14610036813269517, "volume": 0.0014357733183759617, "num_verts": 103, "num_faces": 202, "num_hulls": 0}