{"bbox": [[-0.0797465, -0.0190698, -0.0606767], [0.0797465, -0.0190698, -0.0606767], [0.0797465, 0.0190698, -0.0606767], [-0.0797465, 0.0190698, -0.0606767], [-0.0797465, -0.0190698, 0.0606767], [0.0797465, -0.0190698, 0.0606767], [0.0797465, 0.0190698, 0.0606767], [-0.0797465, 0.0190698, 0.0606767]], "aabb": [[-0.07974649965763092, -0.019069800153374672, -0.0606767013669014], [0.07974649965763092, 0.019069800153374672, 0.0606767013669014]], "obb": [[[-1.7275590068154778e-17, -5.87448163198398e-17, -1.0, 4.1409980809097426e-20], [-0.9593756560788013, 0.28213179637072033, -0.0, 0.0031668451843443204], [0.2821317963707204, 0.9593756560788014, -6.123233995736766e-17, -0.0006762763082045969], [0.0, 0.0, 0.0, 1.0]], [0.159493, 0.05386402824345666, 0.12601862003954845]], "radius": 0.09828802405384901, "volume": 0.0002646713917353247, "num_verts": 407, "num_faces": 806, "num_hulls": 0}