{"bbox": [[-0.07767287407403, -0.0497900362013217, -0.09111623304838311], [0.07767287407403, -0.0497900362013217, -0.09111623304838311], [0.07767287407403, 0.049790276201303385, -0.09111623304838311], [-0.07767287407403, 0.049790276201303385, -0.09111623304838311], [-0.07767287407403, -0.0497900362013217, 0.09160943301075493], [0.07767287407403, -0.0497900362013217, 0.09160943301075493], [0.07767287407403, 0.049790276201303385, 0.09160943301075493], [-0.07767287407403, 0.049790276201303385, 0.09160943301075493]], "aabb": [[-0.07767287641763687, -0.04979003593325615, -0.09111623466014862], [0.07767287641763687, 0.04979027435183525, 0.09160943329334259]], "obb": [[[-6.063404553220043e-17, 0.9999993562041218, -0.0011347208211606855, 2.4826042901757216e-05], [0.9909923841036975, -0.00015195981375193198, -0.13391815245396968, -0.002217002887173568], [-0.13391823866997973, -0.0011244996918541414, -0.9909917461068852, 0.0005226980913342042], [0.0, 0.0, 0.0, 1.0]], [0.15558224004251528, 0.11612991998338694, 0.2045846991564919]], "radius": 0.11696919530151535, "volume": 0.0008513294692164022, "num_verts": 1183, "num_faces": 2310, "num_hulls": 0}