{"bbox": [[-0.026525277976281892, -0.05562725575597719, -0.02895041779125841], [0.026525277976281892, -0.05562725575597719, -0.02895041779125841], [0.026525277976281892, 0.05562725575597719, -0.02895041779125841], [-0.026525277976281892, 0.05562725575597719, -0.02895041779125841], [-0.026525277976281892, -0.05562725575597719, 0.02895041779125841], [0.026525277976281892, -0.05562725575597719, 0.02895041779125841], [0.026525277976281892, 0.05562725575597719, 0.02895041779125841], [-0.026525277976281892, 0.05562725575597719, 0.02895041779125841]], "aabb": [[-0.026525277644395828, -0.055627256631851196, -0.028950417414307594], [0.026525277644395828, 0.055627256631851196, 0.028950417414307594]], "obb": [[[0.7854225666990264, 0.615694435171611, 0.06349609608963525, 0.0007123544598199552], [-1.116111375152986e-16, 0.10258514853610164, -0.9947242267582639, -0.0006542708360151746], [-0.6189599273942646, 0.78127885533818, 0.08057269066842589, 0.0005200057568768572], [0.0, 0.0, 0.0, 1.0]], [0.06277572441132419, 0.11318962372094221, 0.06464800998119812]], "radius": 0.05863424975442566, "volume": 2.6407046484534334e-05, "num_verts": 1374, "num_faces": 2716, "num_hulls": 0}