{"bbox": [[-0.028428897831047222, -0.028428897831047222, -0.05448869584284242], [0.028428897831047222, -0.028428897831047222, -0.05448869584284242], [0.028428897831047222, 0.028428897831047222, -0.05448869584284242], [-0.028428897831047222, 0.028428897831047222, -0.05448869584284242], [-0.028428897831047222, -0.028428897831047222, 0.05448869584284242], [0.028428897831047222, -0.028428897831047222, 0.05448869584284242], [0.028428897831047222, 0.028428897831047222, 0.05448869584284242], [-0.028428897831047222, 0.028428897831047222, 0.05448869584284242]], "aabb": [[-0.028428897261619568, -0.028428897261619568, -0.05448869615793228], [0.028428897261619568, 0.028428897261619568, 0.05448869615793228]], "obb": [[[-0.8944339813157247, 0.4472000146105778, 3.3857728266936395e-08, -4.0094898752805615e-11], [0.4472000146105406, 0.8944339813156763, -3.473234589927671e-07, 4.1125781766772915e-10], [-1.8560655862826206e-07, -2.9551672765559575e-07, -0.9999999999999392, 2.0587234846757423e-10], [0.0, 0.0, 0.0, 1.0]], [0.07532843400745355, 0.07532847269700119, 0.10897743341919623]], "radius": 0.058765968680179144, "volume": 0.00026298205957567397, "num_verts": 571, "num_faces": 1138, "num_hulls": 0}