{"bbox": [[-0.07292888, -0.033288160000000004, -0.07292888], [0.07292888, -0.033288160000000004, -0.07292888], [0.07292888, 0.0332936, -0.07292888], [-0.07292888, 0.0332936, -0.07292888], [-0.07292888, -0.033288160000000004, 0.07292888], [0.07292888, -0.033288160000000004, 0.07292888], [0.07292888, 0.0332936, 0.07292888], [-0.07292888, 0.0332936, 0.07292888]], "aabb": [[-0.07292888313531876, -0.03328815847635269, -0.07292888313531876], [0.07292888313531876, 0.033293601125478745, 0.07292888313531876]], "obb": [[[4.145600665591583e-06, -0.924623537253604, -0.3808822840976557, -1.0063460509857303e-06], [-0.9962402494939261, 0.032993350935588965, -0.08010495666512141, -2.2467685413904643e-05], [0.08663351124763387, 0.3794505938204266, -0.9211470466642293, -0.0014801635645265245], [0.0, 0.0, 0.0, 1.0]], [0.18933992458625562, 0.07188143285477634, 0.19345615397726054]], "radius": 0.07890909409657673, "volume": 0.0008457962596224178, "num_verts": 1450, "num_faces": 2812, "num_hulls": 0}