{"bbox": [[-0.05734672, -0.05243128, -0.07537], [0.05734672, -0.05243128, -0.07537], [0.05734672, 0.05242888, -0.07537], [-0.05734672, 0.05242888, -0.07537], [-0.05734672, -0.05243128, 0.07537], [0.05734672, -0.05243128, 0.07537], [0.05734672, 0.05242888, 0.07537], [-0.05734672, 0.05242888, 0.07537]], "aabb": [[-0.05734672024846077, -0.05243128165602684, -0.07536999881267548], [0.05734672024846077, 0.05242887884378433, 0.07536999881267548]], "obb": [[[-0.39389283639380623, 0.9191563705037583, -2.4118980064837344e-17, 0.001652235927794092], [-0.9191563705037583, -0.39389283639380623, -5.628209535266631e-17, 0.004674555732066029], [-6.123233995736766e-17, 0.0, 1.0, 3.0294403684836685e-19], [0.0, 0.0, 0.0, 1.0]], [0.14116095449011307, 0.1331377160316625, 0.15074]], "radius": 0.07893412863134931, "volume": 0.00035583168643693727, "num_verts": 3502, "num_faces": 6808, "num_hulls": 0}