{"bbox": [[-0.0473815, -0.0473815, -0.0908145], [0.0473815, -0.0473815, -0.0908145], [0.0473815, 0.0473815, -0.0908145], [-0.0473815, 0.0473815, -0.0908145], [-0.0473815, -0.0473815, 0.0908145], [0.0473815, -0.0473815, 0.0908145], [0.0473815, 0.0473815, 0.0908145], [-0.0473815, 0.0473815, 0.0908145]], "aabb": [[-0.04738150164484978, -0.04738150164484978, -0.0908145010471344], [0.04738150164484978, 0.04738150164484978, 0.0908145010471344]], "obb": [[[-0.894433981315725, 0.4472000146105769, 3.38577282669367e-08, -6.682484056491893e-11], [0.4472000146105397, 0.8944339813156766, -3.4732345899276704e-07, 6.854297447290447e-10], [-1.8560655862826203e-07, -2.9551672765559575e-07, -0.9999999999999392, 3.431206108478134e-10], [0.0, 0.0, 0.0, 1.0]], [0.12554739959092825, 0.12554746407351255, 0.18162906955585767]], "radius": 0.09794328860611125, "volume": 0.0012175098137384042, "num_verts": 571, "num_faces": 1138, "num_hulls": 0}