{"bbox": [[-0.0840011, -0.016435, -0.06391010000000001], [0.0840011, -0.016435, -0.06391010000000001], [0.0840011, 0.0164343, -0.06391010000000001], [-0.0840011, 0.0164343, -0.06391010000000001], [-0.0840011, -0.016435, 0.06391390000000001], [0.0840011, -0.016435, 0.06391390000000001], [0.0840011, 0.0164343, 0.06391390000000001], [-0.0840011, 0.0164343, 0.06391390000000001]], "aabb": [[-0.0840011015534401, -0.01643499918282032, -0.0639100968837738], [0.0840011015534401, 0.01643430069088936, 0.06391389667987823]], "obb": [[[-4.6962274287099715e-18, -6.105198526331864e-17, -1.0, -2.4364849260217592e-20], [-0.9970545843230131, 0.07669521419530378, -7.726477465403428e-34, -0.0024278584675980733], [0.07669521419530378, 0.9970545843230132, -6.123233995736767e-17, 0.0003979081850731386], [0.0, 0.0, 0.0, 1.0]], [0.1680022, 0.042407367100182794, 0.1308287621208536]], "radius": 0.0984651738958501, "volume": 0.00014401374776812129, "num_verts": 1290, "num_faces": 2452, "num_hulls": 0}