{"bbox": [[-0.0871133, -0.0374023, -0.0714905], [0.0871133, -0.0374023, -0.0714905], [0.0871133, 0.0374023, -0.0714905], [-0.0871133, 0.0374023, -0.0714905], [-0.0871133, -0.0374023, 0.071964], [0.0871133, -0.0374023, 0.071964], [0.0871133, 0.0374023, 0.071964], [-0.0871133, 0.0374023, 0.071964]], "aabb": [[-0.08711329847574234, -0.03740229830145836, -0.07149049639701843], [0.08711329847574234, 0.03740229830145836, 0.07196400314569473]], "obb": [[[-8.27090691493657e-18, 6.067117565581779e-17, -1.0, -1.8816940957909488e-20], [0.9908354914749206, 0.1350741604958278, 0.0, -0.0046889904064724335], [0.13507416049582782, -0.9908354914749204, -6.123233995736766e-17, 0.0003073039666785652], [0.0, 0.0, 0.0, 1.0]], [0.1742266, 0.0926099413226418, 0.15246196008687574]], "radius": 0.09786070956180525, "volume": 0.0002662675066432985, "num_verts": 2680, "num_faces": 5248, "num_hulls": 0}