{"bbox": [[-0.08178760000000002, -0.0373378, -0.0497838], [0.08178760000000002, -0.0373378, -0.0497838], [0.08178760000000002, 0.0373378, -0.0497838], [-0.08178760000000002, 0.0373378, -0.0497838], [-0.08178760000000002, -0.0373378, 0.0497838], [0.08178760000000002, -0.0373378, 0.0497838], [0.08178760000000002, 0.0373378, 0.0497838], [-0.08178760000000002, 0.0373378, 0.0497838]], "aabb": [[-0.0817876011133194, -0.03733779862523079, -0.049783799797296524], [0.0817876011133194, 0.03733779862523079, 0.049783799797296524]], "obb": [[[0.01009356420315375, 8.211894528581734e-17, 0.9999490586833295, -0.00011720167095181515], [0.9998979542147779, 0.010109971913575495, -0.010093048350641154, -0.0002765274890076398], [-0.010109456898294716, 0.9999488929279869, 0.00010204565060167333, 8.368322520072107e-05], [0.0, 0.0, 0.0, 1.0]], [0.16465240538502127, 0.07680337413804394, 0.10059328971159986]], "radius": 0.09873826861587152, "volume": 0.0007089582946833823, "num_verts": 447, "num_faces": 874, "num_hulls": 0}