{"bbox": [[-0.0200628, -0.0200628, -0.07690744], [0.0200628, -0.0200628, -0.07690744], [0.0200628, 0.0200628, -0.07690744], [-0.0200628, 0.0200628, -0.07690744], [-0.0200628, -0.0200628, 0.07690744], [0.0200628, -0.0200628, 0.07690744], [0.0200628, 0.0200628, 0.07690744], [-0.0200628, 0.0200628, 0.07690744]], "aabb": [[-0.020062800496816635, -0.020062800496816635, -0.0769074410200119], [0.020062800496816635, 0.020062800496816635, 0.0769074410200119]], "obb": [[[0.8944271909999132, -0.44721359549995604, -8.060423324051454e-08, 2.661688148752852e-09], [-0.44721359549995426, -0.8944271909999167, 4.030211675717673e-08, -1.330844082134338e-09], [-9.011827246125159e-08, -1.2246467858586227e-16, -0.999999999999996, -1.853127973897795e-10], [0.0, 0.0, 0.0, 1.0]], [0.053161061998130345, 0.05316105899906517, 0.1538148859624728]], "radius": 0.07843686905504334, "volume": 0.00013955402205451938, "num_verts": 817, "num_faces": 1626, "num_hulls": 0}