{"bbox": [[-0.06059112, -0.04313824, -0.042150400000000005], [0.06059112, -0.04313824, -0.042150400000000005], [0.06059112, 0.043467599999999995, -0.042150400000000005], [-0.06059112, 0.043467599999999995, -0.042150400000000005], [-0.06059112, -0.04313824, 0.04214936], [0.06059112, -0.04313824, 0.04214936], [0.06059112, 0.043467599999999995, 0.04214936], [-0.06059112, 0.043467599999999995, 0.04214936]], "aabb": [[-0.06059112027287483, -0.04313823953270912, -0.04215040057897568], [0.06059112027287483, 0.043467599898576736, 0.04214936122298241]], "obb": [[[-6.115059632195398e-17, -3.1629141822175407e-18, -1.0, 1.1096049813725987e-19], [-0.05165430856341084, 0.998665025124459, 0.0, 0.0005138773438115626], [0.9986650251244589, 0.05165430856341085, -6.123233995736766e-17, -0.0018121224538293799], [0.0, 0.0, 0.0, 1.0]], [0.12118224, 0.09062836725882689, 0.08867043514051268]], "radius": 0.07839871670990539, "volume": 0.0001332279053587129, "num_verts": 1509, "num_faces": 2878, "num_hulls": 0}