{"bbox": [[-0.022627018273695503, -0.04956395621857023, -0.02909189778046434], [0.022627018273695503, -0.04956395621857023, -0.02909189778046434], [0.022627018273695503, 0.04956395621857023, -0.02909189778046434], [-0.022627018273695503, 0.04956395621857023, -0.02909189778046434], [-0.022627018273695503, -0.04956395621857023, 0.02909189778046434], [0.022627018273695503, -0.04956395621857023, 0.02909189778046434], [0.022627018273695503, 0.04956395621857023, 0.02909189778046434], [-0.022627018273695503, 0.04956395621857023, 0.02909189778046434]], "aabb": [[-0.02262701839208603, -0.04956395551562309, -0.02909189835190773], [0.02262701839208603, 0.04956395551562309, 0.02909189835190773]], "obb": [[[0.9997058526669768, 0.011597479237109595, 0.021300390107639497, 0.0003000676041201159], [0.02069991657074023, 0.049642706633796385, -0.9985525099522986, 0.0007599070497533017], [-0.012638101018634417, 0.9986997046927649, 0.04938803751139694, -0.001388458707670733], [0.0, 0.0, 0.0, 1.0]], [0.046763456265236286, 0.10288356611235172, 0.061783256412273155]], "radius": 0.05862470448703836, "volume": 0.0001012093584709838, "num_verts": 584, "num_faces": 1148, "num_hulls": 0}