{"bbox": [[-0.06857063476847573, -0.09277727292165582, -0.09277727292165582], [0.06857459476817362, -0.09277727292165582, -0.09277727292165582], [0.06857459476817362, 0.09277727292165582, -0.09277727292165582], [-0.06857063476847573, 0.09277727292165582, -0.09277727292165582], [-0.06857063476847573, -0.09277727292165582, 0.09277727292165582], [0.06857459476817362, -0.09277727292165582, 0.09277727292165582], [0.06857459476817362, 0.09277727292165582, 0.09277727292165582], [-0.06857063476847573, 0.09277727292165582, 0.09277727292165582]], "aabb": [[-0.06857063621282578, -0.09277727454900742, -0.09277727454900742], [0.06857459247112274, 0.09277727454900742, 0.09277727454900742]], "obb": [[[-1.0, 5.733366418782422e-17, 2.1500009475636215e-17, 1.979999848952817e-06], [-0.0, 0.35112180084258343, -0.9363297928470828, -0.00044139062912966677], [-6.123233995736766e-17, -0.936329792847083, -0.3511218008425835, -0.00016552060370075226], [0.0, 0.0, 0.0, 1.0]], [0.13714522953664937, 0.22821048726180262, 0.22765874721094484]], "radius": 0.11825640250912275, "volume": 0.002702904113384384, "num_verts": 837, "num_faces": 1614, "num_hulls": 0}