{"bbox": [[-0.0941468, -0.0266067, -0.027630000000000002], [0.0941468, -0.0266067, -0.027630000000000002], [0.0941468, 0.0266067, -0.027630000000000002], [-0.0941468, 0.0266067, -0.027630000000000002], [-0.0941468, -0.0266067, 0.027630000000000002], [0.0941468, -0.0266067, 0.027630000000000002], [0.0941468, 0.0266067, 0.027630000000000002], [-0.0941468, 0.0266067, 0.027630000000000002]], "aabb": [[-0.09414680302143097, -0.02660669945180416, -0.027629999443888664], [0.09414680302143097, 0.02660669945180416, 0.027629999443888664]], "obb": [[[-2.735764529852689e-17, -5.478100674845829e-17, -1.0, -9.491589909360224e-35], [-0.8946417332180833, 0.4467842535100626, -0.0, -3.1039120344039775e-18], [0.4467842535100626, 0.8946417332180832, -6.123233995736766e-17, 1.5500942665213576e-18], [0.0, 0.0, 0.0, 1.0]], [0.1882936, 0.07202662058334452, 0.0728439376620314]], "radius": 0.09790259947960984, "volume": 0.0003422585941524649, "num_verts": 961, "num_faces": 1914, "num_hulls": 0}