{"bbox": [[-0.02624864, -0.030106400000000002, -0.07083272], [0.02624864, -0.030106400000000002, -0.07083272], [0.02624864, 0.030108720000000002, -0.07083272], [-0.02624864, 0.030108720000000002, -0.07083272], [-0.02624864, -0.030106400000000002, 0.07102568], [0.02624864, -0.030106400000000002, 0.07102568], [0.02624864, 0.030108720000000002, 0.07102568], [-0.02624864, 0.030108720000000002, 0.07102568]], "aabb": [[-0.026248639449477196, -0.030106399208307266, -0.07083272188901901], [0.026248639449477196, 0.030108720064163208, 0.07102567702531815]], "obb": [[[-0.0020799766559337395, 0.999983150679181, 0.005419599141013892, -0.00010482245782225316], [0.9139558143295237, 0.00410031122704142, -0.40579299759988263, -0.00023276717349952257], [-0.4058083823066839, 0.0041092341841158075, -0.913948943346428, 0.0006627665148210619], [0.0, 0.0, 0.0, 1.0]], [0.053885607205189354, 0.0762417635361, 0.1441407287233404]], "radius": 0.0783260850858563, "volume": 8.305662037633795e-05, "num_verts": 549, "num_faces": 1086, "num_hulls": 0}