{"bbox": [[-0.027918237870007488, -0.027918237870007488, -0.1167491910927436], [0.027918237870007488, -0.027918237870007488, -0.1167491910927436], [0.027918237870007488, 0.027918237870007488, -0.1167491910927436], [-0.027918237870007488, 0.027918237870007488, -0.1167491910927436], [-0.027918237870007488, -0.027918237870007488, 0.1167491910927436], [0.027918237870007488, -0.027918237870007488, 0.1167491910927436], [0.027918237870007488, 0.027918237870007488, 0.1167491910927436], [-0.027918237870007488, 0.027918237870007488, 0.1167491910927436]], "aabb": [[-0.027918238192796707, -0.027918238192796707, -0.11674918979406357], [0.027918238192796707, 0.027918238192796707, 0.11674918979406357]], "obb": [[[0.8944263561830476, 0.44721526512972115, -2.632495671677307e-07, 1.1557063285120089e-08], [0.4472152651297948, -0.8944263561829613, 3.9664287761185096e-07, -1.734710054508175e-08], [-5.807260145557564e-08, -4.7249706870454674e-07, -0.9999999999998865, -2.429214746402533e-09], [0.0, 0.0, 0.0, 1.0]], [0.07461214982215408, 0.07461220378969317, 0.2334984209052742]], "radius": 0.11773801419718087, "volume": 0.0004024396138028251, "num_verts": 944, "num_faces": 1880, "num_hulls": 0}