{"bbox": [[-0.0408579, -0.0408579, -0.08949820000000001], [0.0408579, -0.0408579, -0.08949820000000001], [0.0408579, 0.0408579, -0.08949820000000001], [-0.0408579, 0.0408579, -0.08949820000000001], [-0.0408579, -0.0408579, 0.08949820000000001], [0.0408579, -0.0408579, 0.08949820000000001], [0.0408579, 0.0408579, 0.08949820000000001], [-0.0408579, 0.0408579, 0.08949820000000001]], "aabb": [[-0.04085789993405342, -0.04085789993405342, -0.08949819952249527], [0.04085789993405342, 0.04085789993405342, 0.08949819952249527]], "obb": [[[-0.7071067811865475, 0.7071067811865476, 4.329780281177467e-17, -4.9065389333867974e-18], [0.7071067811865476, 0.7071067811865475, 4.329780281177466e-17, -4.906538933386797e-18], [-0.0, 6.123233995736766e-17, -1.0, -4.2488471045215345e-34], [0.0, 0.0, 0.0, 1.0]], [0.11542260000000001, 0.11542260000000001, 0.17899640000000003]], "radius": 0.09788869580911781, "volume": 0.0003142539996229957, "num_verts": 637, "num_faces": 1262, "num_hulls": 0}