{"bbox": [[-0.10639019188307251, -0.10639019188307251, -0.06012935541249425], [0.10639019188307251, -0.10639019188307251, -0.06012935541249425], [0.10639019188307251, 0.10639019188307251, -0.06012935541249425], [-0.10639019188307251, 0.10639019188307251, -0.06012935541249425], [-0.10639019188307251, -0.10639019188307251, 0.060128995412521716], [0.10639019188307251, -0.10639019188307251, 0.060128995412521716], [0.10639019188307251, 0.10639019188307251, 0.060128995412521716], [-0.10639019188307251, 0.10639019188307251, 0.060128995412521716]], "aabb": [[-0.10639019310474396, -0.10639019310474396, -0.060129355639219284], [0.10639019310474396, 0.10639019310474396, 0.06012899428606033]], "obb": [[[0.024349106234514403, 0.33389727049513296, -0.942294929298402, 0.0007099398058150946], [-0.1241240332493638, 0.9362905846270748, 0.32856227036682256, -0.0032436951720421947], [0.991967915507095, 0.10896124950912676, 0.06424251481626994, -0.00045151548410887017], [0.0, 0.0, 0.0, 1.0]], [0.23242847909158745, 0.23770617294503127, 0.1530961902643548]], "radius": 0.11750303030354534, "volume": 0.002142801029280746, "num_verts": 1259, "num_faces": 2506, "num_hulls": 0}