{"bbox": [[-0.04970801620757933, -0.020532478433496214, -0.033500397444122504], [0.049710296207405386, -0.020532478433496214, -0.033500397444122504], [0.049710296207405386, 0.020532478433496214, -0.033500397444122504], [-0.04970801620757933, 0.020532478433496214, -0.033500397444122504], [-0.04970801620757933, -0.020532478433496214, 0.033500397444122504], [0.049710296207405386, -0.020532478433496214, 0.033500397444122504], [0.049710296207405386, 0.020532478433496214, 0.033500397444122504], [-0.04970801620757933, 0.020532478433496214, 0.033500397444122504]], "aabb": [[-0.04970801621675491, -0.020532477647066116, -0.033500395715236664], [0.04971029609441757, 0.020532477647066116, 0.033500395715236664]], "obb": [[[1.4607393042549912e-17, -5.946447279809273e-17, -1.0, 1.1399999130316959e-06], [-0.9711285382772272, -0.23855683210408332, -0.0, -0.004293180585583167], [-0.23855683210408335, 0.9711285382772274, -6.123233995736766e-17, -0.0025146040365226384], [0.0, 0.0, 0.0, 1.0]], [0.09941831241498472, 0.051531417068252115, 0.07791436653232046]], "radius": 0.058920526475963526, "volume": 8.409825486839284e-05, "num_verts": 1714, "num_faces": 3364, "num_hulls": 0}