{"bbox": [[-0.03954479698297142, -0.03330089745934315, -0.047870036347806066], [0.03954479698297142, -0.03330089745934315, -0.047870036347806066], [0.03954479698297142, 0.03330089745934315, -0.047870036347806066], [-0.03954479698297142, 0.03330089745934315, -0.047870036347806066], [-0.03954479698297142, -0.03330089745934315, 0.047870036347806066], [0.03954479698297142, -0.03330089745934315, 0.047870036347806066], [0.03954479698297142, 0.03330089745934315, 0.047870036347806066], [-0.03954479698297142, 0.03330089745934315, 0.047870036347806066]], "aabb": [[-0.03954479843378067, -0.03330089896917343, -0.04787003621459007], [0.03954479843378067, 0.03330089896917343, 0.04787003621459007]], "obb": [[[-0.7722390979396343, 0.6325379906953393, -0.059518618435603576, -0.0005671043206043311], [0.5883808563728147, 0.6766814491473466, -0.4426174242320791, 0.004642623725987668], [-0.23969719119625368, -0.37682609610661244, -0.8947331165356944, -0.004430135120656671], [0.0, 0.0, 0.0, 1.0]], [0.09876916216522193, 0.12711486964760393, 0.12770544260171984]], "radius": 0.0591027172565125, "volume": 0.00011401341641653948, "num_verts": 3630, "num_faces": 7172, "num_hulls": 0}