{"bbox": [[-0.040577876904153674, -0.11312627136915043, -0.008300027366758167], [0.040577876904153674, -0.11312627136915043, -0.008300027366758167], [0.040577876904153674, 0.11312627136915043, -0.008300027366758167], [-0.040577876904153674, 0.11312627136915043, -0.008300027366758167], [-0.040577876904153674, -0.11312627136915043, 0.008607431343305104], [0.040577876904153674, -0.11312627136915043, 0.008607431343305104], [0.040577876904153674, 0.11312627136915043, 0.008607431343305104], [-0.040577876904153674, 0.11312627136915043, 0.008607431343305104]], "aabb": [[-0.040577877312898636, -0.11312627047300339, -0.008300027810037136], [0.040577877312898636, 0.11312627047300339, 0.008607431314885616]], "obb": [[[-0.013004843453316338, -0.999915429859145, 8.471337616699256e-05, 6.725626262129821e-06], [0.006513848417186341, 1.6717396912197495e-16, 0.9999787846643536, 3.3387437271973348e-06], [-0.9998942163176826, 0.01300511936128871, 0.006513297540108188, -9.710547545870035e-05], [0.0, 0.0, 0.0, 1.0]], [0.08151626134742185, 0.2264394032184267, 0.018767226494860723]], "radius": 0.11738821102668452, "volume": 0.000249710105005658, "num_verts": 202, "num_faces": 400, "num_hulls": 0}