{"bbox": [[-0.046469096454689295, -0.02222597830429243, -0.03535955730227987], [0.04647251645442837, -0.02222597830429243, -0.03535955730227987], [0.04647251645442837, 0.02222597830429243, -0.03535955730227987], [-0.046469096454689295, 0.02222597830429243, -0.03535955730227987], [-0.046469096454689295, -0.02222597830429243, 0.03535955730227987], [0.04647251645442837, -0.02222597830429243, 0.03535955730227987], [0.04647251645442837, 0.02222597830429243, 0.03535955730227987], [-0.046469096454689295, 0.02222597830429243, 0.03535955730227987]], "aabb": [[-0.04646909609436989, -0.02222597785294056, -0.03535955771803856], [0.046472515910863876, 0.02222597785294056, 0.03535955771803856]], "obb": [[[0.003023500761533795, -0.012647142432482838, 0.9999154505414132, -0.0004032737526163014], [0.9998311906591038, 0.018160017620047136, -0.002793554230443624, -0.0002690880000781144], [-0.01812315172214415, 0.9997551017865985, 0.01269991430380827, 0.000490833663901356], [0.0, 0.0, 0.0, 1.0]], [0.094023527640314, 0.04571538399931437, 0.07267571077555972]], "radius": 0.05858172210513861, "volume": 0.0001459485837318899, "num_verts": 710, "num_faces": 1384, "num_hulls": 0}