{"bbox": [[-0.1260016530041135, -0.024652500587761413, -0.09586515228560334], [0.1260016530041135, -0.024652500587761413, -0.09586515228560334], [0.1260016530041135, 0.02465145058773638, -0.09586515228560334], [-0.1260016530041135, 0.02465145058773638, -0.09586515228560334], [-0.1260016530041135, -0.024652500587761413, 0.09587085228573923], [0.1260016530041135, -0.024652500587761413, 0.09587085228573923], [0.1260016530041135, 0.02465145058773638, 0.09587085228573923], [-0.1260016530041135, 0.02465145058773638, 0.09587085228573923]], "aabb": [[-0.12600165605545044, -0.024652499705553055, -0.0958651527762413], [0.12600165605545044, 0.024651451036334038, 0.09587085247039795]], "obb": [[[-4.696227428709972e-18, -6.105198526331864e-17, -1.0, -3.654727476168139e-20], [-0.9970545843230131, 0.0766952141953038, -7.726477465403428e-34, -0.0036417877882240954], [0.0766952141953038, 0.9970545843230132, -6.123233995736767e-17, 0.000596862291840015], [0.0, 0.0, 0.0, 1.0]], [0.252003306008227, 0.06361105216687986, 0.19624314786008165]], "radius": 0.14769776436516427, "volume": 0.00048604643348215844, "num_verts": 1290, "num_faces": 2452, "num_hulls": 0}