{"bbox": [[-0.0933055522245777, -0.0933055522245777, -0.1136968527107442], [0.0933055522245777, -0.0933055522245777, -0.1136968527107442], [0.0933055522245777, 0.0933055522245777, -0.1136968527107442], [-0.0933055522245777, 0.0933055522245777, -0.1136968527107442], [-0.0933055522245777, -0.0933055522245777, 0.1136968527107442], [0.0933055522245777, -0.0933055522245777, 0.1136968527107442], [0.0933055522245777, 0.0933055522245777, 0.1136968527107442], [-0.0933055522245777, 0.0933055522245777, 0.1136968527107442]], "aabb": [[-0.0933055505156517, -0.0933055505156517, -0.11369685083627701], [0.0933055505156517, 0.0933055505156517, 0.11369685083627701]], "obb": [[[-0.707198025271683, 0.7070155253258815, -4.330338990061477e-17, 3.888046590558102e-06], [-0.7070155253258815, -0.7071980252716829, -4.329221500189126e-17, -7.761532563660228e-07], [-6.123233995736766e-17, 0.0, 1.0, 1.3476420381367753e-22], [0.0, 0.0, 0.0, 1.0]], [0.2626118399769, 0.2626120014972088, 0.2273937054214884]], "radius": 0.14698719865057278, "volume": 0.0014310128433142855, "num_verts": 2162, "num_faces": 4264, "num_hulls": 0}