{"bbox": [[-0.07105784, -0.06642368, -0.03398416], [0.07105784, -0.06642368, -0.03398416], [0.07105784, 0.06642368, -0.03398416], [-0.07105784, 0.06642368, -0.03398416], [-0.07105784, -0.06642368, 0.033598], [0.07105784, -0.06642368, 0.033598], [0.07105784, 0.06642368, 0.033598], [-0.07105784, 0.06642368, 0.033598]], "aabb": [[-0.07105784118175507, -0.0664236769080162, -0.03398415818810463], [0.07105784118175507, 0.0664236769080162, 0.033597998321056366]], "obb": [[[0.0387289004684357, 0.37143708232228706, 0.9276500235241805, 0.00023800844954709782], [-0.015493805666456277, 0.9284581271527039, -0.37111379401750016, 0.002066032433577323], [-0.9991296283538369, 6.115021838531767e-17, 0.04171313636642432, 0.00021819634944481893], [0.0, 0.0, 0.0, 1.0]], [0.18309237239187517, 0.17569509305532233, 0.07079036629895628]], "radius": 0.07856722777932285, "volume": 0.00044462094687668216, "num_verts": 1039, "num_faces": 2034, "num_hulls": 0}