{"bbox": [[-0.0744762, -0.0643571, -0.0226667], [0.07447530000000001, -0.0643571, -0.0226667], [0.07447530000000001, 0.0643571, -0.0226667], [-0.0744762, 0.0643571, -0.0226667], [-0.0744762, -0.0643571, 0.0226667], [0.07447530000000001, -0.0643571, 0.0226667], [0.07447530000000001, 0.0643571, 0.0226667], [-0.0744762, 0.0643571, 0.0226667]], "aabb": [[-0.0744761973619461, -0.06435710191726685, -0.022666700184345245], [0.07447530329227448, 0.06435710191726685, 0.022666700184345245]], "obb": [[[1.0561110032485364e-05, 0.003005092980000167, 0.999995484642128, -4.289960500693502e-07], [0.3165918673027912, 0.948557560214554, -0.002853860113072543, 7.466169864318326e-06], [-0.9485618532526991, 0.3165904679171416, -0.0009413701771911905, 4.521788643919633e-06], [0.0, 0.0, 0.0, 1.0]], [0.14898852487666747, 0.13967119363372912, 0.07509368779042258]], "radius": 0.09758105665711968, "volume": 0.0003592879984682515, "num_verts": 788, "num_faces": 1552, "num_hulls": 0}