{"bbox": [[-0.04544333653294857, -0.032353677531610295, -0.03161279758813495], [0.04544333653294857, -0.032353677531610295, -0.03161279758813495], [0.04544333653294857, 0.03260069751276416, -0.03161279758813495], [-0.04544333653294857, 0.03260069751276416, -0.03161279758813495], [-0.04544333653294857, -0.032353677531610295, 0.03161201758819446], [0.04544333653294857, -0.032353677531610295, 0.03161201758819446], [0.04544333653294857, 0.03260069751276416, 0.03161201758819446], [-0.04544333653294857, 0.03260069751276416, 0.03161201758819446]], "aabb": [[-0.0454433374106884, -0.03235367685556412, -0.03161279857158661], [0.0454433374106884, 0.03260069712996483, 0.03161201626062393]], "obb": [[[-6.115059632195398e-17, -3.1629141822175407e-18, -1.0, 8.322036725373485e-20], [-0.05165430856341084, 0.998665025124459, 0.0, 0.00038540797845437616], [0.9986650251244589, 0.05165430856341085, -6.123233995736766e-17, -0.001359091736681566], [0.0, 0.0, 0.0, 1.0]], [0.09088667306589714, 0.06797127025832378, 0.06650282128162187]], "radius": 0.05879903304641884, "volume": 5.620550970878571e-05, "num_verts": 1509, "num_faces": 2878, "num_hulls": 0}