{"bbox": [[-0.06386760152272228, -0.07451205177650574, -0.12241275291854745], [0.06386760152272228, -0.07451205177650574, -0.12241275291854745], [0.06386760152272228, 0.07384680176064495, -0.12241275291854745], [-0.06386760152272228, 0.07384680176064495, -0.12241275291854745], [-0.06386760152272228, -0.07451205177650574, 0.12241275291854745], [0.06386760152272228, -0.07451205177650574, 0.12241275291854745], [0.06386760152272228, 0.07384680176064495, 0.12241275291854745], [-0.06386760152272228, 0.07384680176064495, 0.12241275291854745]], "aabb": [[-0.06386759877204895, -0.0745120495557785, -0.12241275608539581], [0.06386759877204895, 0.07384680211544037, 0.12241275608539581]], "obb": [[[3.077591829694108e-17, 1.0, 5.293620981553791e-17, -6.75498788757421e-20], [0.8645139129485198, 7.128833590450442e-33, -0.5026088880217296, -0.0018961664133730956], [-0.5026088880217295, 6.123233995736767e-17, -0.8645139129485196, 0.0011031732401991], [0.0, 0.0, 0.0, 1.0]], [0.12773520304544458, 0.1578661922457883, 0.2514440170598386]], "radius": 0.14796971476369475, "volume": 0.0006798110902612934, "num_verts": 291, "num_faces": 578, "num_hulls": 0}