{"bbox": [[-0.05446775584444002, -0.05787023558485141, -0.08948279317300467], [0.05446775584444002, -0.05787023558485141, -0.08948279317300467], [0.05446775584444002, 0.05835839554760776, -0.08948279317300467], [-0.05446775584444002, 0.05835839554760776, -0.08948279317300467], [-0.05446775584444002, -0.05787023558485141, 0.08948135317311452], [0.05446775584444002, -0.05787023558485141, 0.08948135317311452], [0.05446775584444002, 0.05835839554760776, 0.08948135317311452], [-0.05446775584444002, 0.05835839554760776, 0.08948135317311452]], "aabb": [[-0.05446775630116463, -0.05787023529410362, -0.08948279172182083], [0.05446775630116463, 0.05835839733481407, 0.08948135375976562]], "obb": [[[-1.0, 2.5850277559397533e-18, 6.117774994355109e-17, -6.819751501734319e-18], [0.0, 0.9991084774180673, -0.042216707016905615, -0.0016258765138046731], [-6.123233995736766e-17, -0.042216707016905615, -0.9991084774180673, -0.001945743087000454], [0.0, 0.0, 0.0, 1.0]], [0.10893551168888005, 0.12288999503557797, 0.18392833963566085]], "radius": 0.11667964130562286, "volume": 0.0012071261031605226, "num_verts": 1548, "num_faces": 2996, "num_hulls": 0}