{"bbox": [[-0.0287191178089052, -0.11487635123562995, -0.0287191178089052], [0.0287191178089052, -0.11487635123562995, -0.0287191178089052], [0.0287191178089052, 0.11487635123562995, -0.0287191178089052], [-0.0287191178089052, 0.11487635123562995, -0.0287191178089052], [-0.0287191178089052, -0.11487635123562995, 0.0287191178089052], [0.0287191178089052, -0.11487635123562995, 0.0287191178089052], [0.0287191178089052, 0.11487635123562995, 0.0287191178089052], [-0.0287191178089052, 0.11487635123562995, 0.0287191178089052]], "aabb": [[-0.028719117864966393, -0.11487635225057602, -0.028719117864966393], [0.028719117864966393, 0.11487635225057602, 0.028719117864966393]], "obb": [[[0.9284808770706905, 0.37138021071947475, 6.123233995736765e-17, 5.154146357703678e-18], [-7.959353602492113e-17, 3.4112577392493696e-17, 1.0, -6.706428795714146e-34], [0.3713802107194747, -0.9284808770706905, 6.123233995736766e-17, 5.79828302909327e-18], [0.0, 0.0, 0.0, 1.0]], [0.073525895995897, 0.2297527024712599, 0.073525895995897]], "radius": 0.11759161129823957, "volume": 0.000531988844148529, "num_verts": 451, "num_faces": 898, "num_hulls": 0}