{"bbox": [[-0.0622037, -0.0622037, -0.0757979], [0.0622037, -0.0622037, -0.0757979], [0.0622037, 0.0622037, -0.0757979], [-0.0622037, 0.0622037, -0.0757979], [-0.0622037, -0.0622037, 0.0757979], [0.0622037, -0.0622037, 0.0757979], [0.0622037, 0.0622037, 0.0757979], [-0.0622037, 0.0622037, 0.0757979]], "aabb": [[-0.062203701585531235, -0.062203701585531235, -0.075797900557518], [0.062203701585531235, 0.062203701585531235, 0.075797900557518]], "obb": [[[-0.707198025271683, 0.7070155253258814, -4.330338990061478e-17, 2.592030998574167e-06], [-0.7070155253258814, -0.707198025271683, -4.329221500189125e-17, -5.17435491901002e-07], [-6.123233995736766e-17, 0.0, 1.0, 8.984280040074949e-23], [0.0, 0.0, 0.0, 1.0]], [0.17507455581049725, 0.17507466349070056, 0.1515958]], "radius": 0.09799146343074992, "volume": 0.00042400377509934045, "num_verts": 2162, "num_faces": 4264, "num_hulls": 0}