{"bbox": [[-0.04784789634949521, -0.0114418791270539, -0.03640601722244131], [0.04784789634949521, -0.0114418791270539, -0.03640601722244131], [0.04784789634949521, 0.0114418791270539, -0.03640601722244131], [-0.04784789634949521, 0.0114418791270539, -0.03640601722244131], [-0.04784789634949521, -0.0114418791270539, 0.03640601722244131], [0.04784789634949521, -0.0114418791270539, 0.03640601722244131], [0.04784789634949521, 0.0114418791270539, 0.03640601722244131], [-0.04784789634949521, 0.0114418791270539, 0.03640601722244131]], "aabb": [[-0.047847896814346313, -0.011441878974437714, -0.0364060178399086], [0.047847896814346313, 0.011441878974437714, 0.0364060178399086]], "obb": [[[-1.727559006815478e-17, -5.87448163198398e-17, -1.0, 2.4845986589860075e-20], [-0.9593756560788013, 0.2821317963707204, -0.0, 0.0019001069656399358], [0.28213179637072044, 0.9593756560788014, -6.123233995736766e-17, -0.0004057657539652873], [0.0, 0.0, 0.0, 1.0]], [0.09569579269899042, 0.032318414480374646, 0.07561116625505486]], "radius": 0.05897280993304107, "volume": 5.716900752988172e-05, "num_verts": 407, "num_faces": 806, "num_hulls": 0}