{"bbox": [[-0.12188340290592677, -0.08213880195834164, -0.05033325120003822], [0.12188055290585881, -0.08213880195834164, -0.05033325120003822], [0.12188055290585881, 0.08213880195834164, -0.05033325120003822], [-0.12188340290592677, 0.08213880195834164, -0.05033325120003822], [-0.12188340290592677, -0.08213880195834164, 0.05033325120003822], [0.12188055290585881, -0.08213880195834164, 0.05033325120003822], [0.12188055290585881, 0.08213880195834164, 0.05033325120003822], [-0.12188340290592677, 0.08213880195834164, 0.05033325120003822]], "aabb": [[-0.12188339978456497, -0.0821387991309166, -0.05033325031399727], [0.12188055366277695, 0.0821387991309166, 0.05033325031399727]], "obb": [[[4.833347440037329e-06, 2.4235035322128694e-06, -0.9999999999853828, -1.4450641668094253e-06], [-0.44822384200178744, 0.8939213541812037, 7.562281868670445e-17, 0.0031999519405182257], [0.8939213541681369, 0.44822384199523563, 5.406904553139778e-06, -0.0037108354018572007], [0.0, 0.0, 0.0, 1.0]], [0.2437648446123998, 0.18229624146791695, 0.16438515941791554]], "radius": 0.1457523338457148, "volume": 0.0018339097322340567, "num_verts": 821, "num_faces": 1630, "num_hulls": 0}