{"bbox": [[-0.03289955748996296, -0.04728833639218625, -0.015421678823419278], [0.03289955748996296, -0.04728833639218625, -0.015421678823419278], [0.03289955748996296, 0.04729313639182004, -0.015421678823419278], [-0.03289955748996296, 0.04729313639182004, -0.015421678823419278], [-0.03289955748996296, -0.04728833639218625, 0.015421678823419278], [0.03289955748996296, -0.04728833639218625, 0.015421678823419278], [0.03289955748996296, 0.04729313639182004, 0.015421678823419278], [-0.03289955748996296, 0.04729313639182004, 0.015421678823419278]], "aabb": [[-0.032899558544158936, -0.04728833585977554, -0.015421679243445396], [0.032899558544158936, 0.04729313775897026, 0.015421679243445396]], "obb": [[[6.035887928851293e-17, 1.0, 1.0305588177749492e-17, 2.515341146164249e-19], [0.16830302720628743, -0.0, -0.9857353047513311, 0.0006157925992310836], [-0.9857353047513312, 6.123233995736766e-17, -0.16830302720628745, -0.004107863831294913], [0.0, 0.0, 0.0, 1.0]], [0.06579911497992592, 0.10051764954088362, 0.03996673832620078]], "radius": 0.05870335928339734, "volume": 3.915047725165084e-05, "num_verts": 266, "num_faces": 520, "num_hulls": 0}