{"bbox": [[-0.0328995, -0.0328995, -0.09242], [0.0331506, -0.0328995, -0.09242], [0.0331506, 0.0328995, -0.09242], [-0.0328995, 0.0328995, -0.09242], [-0.0328995, -0.0328995, 0.0921573], [0.0331506, -0.0328995, 0.0921573], [0.0331506, 0.0328995, 0.0921573], [-0.0328995, 0.0328995, 0.0921573]], "aabb": [[-0.03289949893951416, -0.03289949893951416, -0.09241999685764313], [0.03315059840679169, 0.03289949893951416, 0.09215729683637619]], "obb": [[[0.8944106557836349, 0.4472029268429907, 0.0062546817465737, -0.00017277366074818553], [0.4472326606208725, -0.8944058536859811, -0.004595232989367283, 0.0001249724746513747], [0.00353922232470786, 0.006907323310355546, -0.9999698809414324, -0.0002581008942235612], [0.0, 0.0, 0.0, 1.0]], [0.08874851593391107, 0.08864221549672745, 0.18549825766657105]], "radius": 0.09791770677548571, "volume": 0.00010590843021839414, "num_verts": 980, "num_faces": 1944, "num_hulls": 0}