{"bbox": [[-0.054893095811989145, -0.03937979699555992, -0.05369975590303376], [0.05489153581210817, -0.03937979699555992, -0.05369975590303376], [0.05489153581210817, 0.03937979699555992, -0.05369975590303376], [-0.054893095811989145, 0.03937979699555992, -0.05369975590303376], [-0.054893095811989145, -0.03937979699555992, 0.05369975590303376], [0.05489153581210817, -0.03937979699555992, 0.05369975590303376], [0.05489153581210817, 0.03937979699555992, 0.05369975590303376], [-0.054893095811989145, 0.03937979699555992, 0.05369975590303376]], "aabb": [[-0.054893095046281815, -0.039379797875881195, -0.05369975417852402], [0.05489153414964676, 0.039379797875881195, 0.05369975417852402]], "obb": [[[0.6736292074131655, 0.6178123622494499, -0.4056249203040475, -0.004165380214263268], [0.682419118760844, -0.7306762605385478, 0.02040462288495395, 0.00037752949048792413], [-0.2837742716836454, -0.2905513506028819, -0.9138118380680226, -0.002936410134437694], [0.0, 0.0, 0.0, 1.0]], [0.14320822244917816, 0.11104074302996306, 0.14280837804432692]], "radius": 0.058338560192176876, "volume": 0.0002046926128989756, "num_verts": 2266, "num_faces": 4484, "num_hulls": 0}