{"bbox": [[-0.03458219736158773, -0.03458219736158773, -0.11362715133093633], [0.03457823736188985, -0.03458219736158773, -0.11362715133093633], [0.03457823736188985, 0.03458219736158773, -0.11362715133093633], [-0.03458219736158773, 0.03458219736158773, -0.11362715133093633], [-0.03458219736158773, -0.03458219736158773, 0.11362499133110113], [0.03457823736188985, -0.03458219736158773, 0.11362499133110113], [0.03457823736188985, 0.03458219736158773, 0.11362499133110113], [-0.03458219736158773, 0.03458219736158773, 0.11362499133110113]], "aabb": [[-0.03458219766616821, -0.03458219766616821, -0.11362715065479279], [0.03457823768258095, 0.03458219766616821, 0.11362498998641968]], "obb": [[[-0.8944324035023391, -0.44720317034322205, -2.738329655646877e-17, 4.5584093554093153e-08], [-0.447203170343222, 0.8944324035023392, 5.476818900014068e-17, -2.052002079491536e-07], [-0.0, 6.123233995736766e-17, -1.0, -1.0799999176080988e-06], [0.0, 0.0, 0.0, 1.0]], [0.08892592603116897, 0.0889264948344911, 0.22725214266203747]], "radius": 0.11792815310168732, "volume": 0.0006828622541305552, "num_verts": 838, "num_faces": 1652, "num_hulls": 0}