{"bbox": [[-0.10080131230947019, -0.019721998495330927, -0.07669211414885604], [0.10080131230947019, -0.019721998495330927, -0.07669211414885604], [0.10080131230947019, 0.019721158495395012, -0.07669211414885604], [-0.10080131230947019, 0.019721158495395012, -0.07669211414885604], [-0.10080131230947019, -0.019721998495330927, 0.07669667414850814], [0.10080131230947019, -0.019721998495330927, 0.07669667414850814], [0.10080131230947019, 0.019721158495395012, 0.07669667414850814], [-0.10080131230947019, 0.019721158495395012, 0.07669667414850814]], "aabb": [[-0.10080131143331528, -0.019721997901797295, -0.0766921117901802], [0.10080131143331528, 0.01972115784883499, 0.07669667154550552]], "obb": [[[-4.696227428709978e-18, -6.105198526331864e-17, -1.0, -2.923781688159253e-20], [-0.997054584323013, 0.07669521419530388, -7.726477465403428e-34, -0.0029134299388406267], [0.07669521419530388, 0.9970545843230132, -6.123233995736767e-17, 0.00047748978565818385], [0.0, 0.0, 0.0, 1.0]], [0.20160262461894038, 0.05088883663770924, 0.1569945025672943]], "radius": 0.1181581996602649, "volume": 0.0002488556991847599, "num_verts": 1290, "num_faces": 2452, "num_hulls": 0}