{"bbox": [[-0.0451191, -0.0143561, -0.0943363], [0.0451191, -0.0143561, -0.0943363], [0.0451191, 0.014355699999999999, -0.0943363], [-0.0451191, 0.014355699999999999, -0.0943363], [-0.0451191, -0.0143561, 0.0943398], [0.0451191, -0.0143561, 0.0943398], [0.0451191, 0.014355699999999999, 0.0943398], [-0.0451191, 0.014355699999999999, 0.0943398]], "aabb": [[-0.04511909931898117, -0.014356100000441074, -0.09433630108833313], [0.04511909931898117, 0.014355700463056564, 0.09433980286121368]], "obb": [[[0.00187245775158595, 0.9999982469105576, 8.81931659905302e-06, 2.8767728302099312e-06], [0.9999027925166437, -0.001872157163096231, -0.013816676336023676, 0.0004340956054496517], [-0.013816635603007514, 3.46896020020232e-05, -0.9999045451328069, -4.6731919189853624e-05], [0.0, 0.0, 0.0, 1.0]], [0.0903312353215205, 0.030628657193242814, 0.1891131469733261]], "radius": 0.09826576511558285, "volume": 0.0003833353112216746, "num_verts": 429, "num_faces": 846, "num_hulls": 0}