{"bbox": [[-0.06813256, -0.04428616, -0.07835248], [0.06813256, -0.04428616, -0.07835248], [0.06813256, 0.04428616, -0.07835248], [-0.06813256, 0.04428616, -0.07835248], [-0.06813256, -0.04428616, 0.07835248], [0.06813256, -0.04428616, 0.07835248], [0.06813256, 0.04428616, 0.07835248], [-0.06813256, 0.04428616, 0.07835248]], "aabb": [[-0.06813255697488785, -0.04428616166114807, -0.07835248112678528], [0.06813255697488785, 0.04428616166114807, 0.07835248112678528]], "obb": [[[-0.5238018172008013, -0.8446571566448368, 0.11038996342873768, -2.2372742447935055e-06], [0.8518401588896465, -0.5193849443995787, 0.06787947579282112, -1.3757138622425533e-06], [1.406636734832273e-16, 0.12958999675787572, 0.9915676642268514, -2.0096109539676444e-05], [0.0, 0.0, 0.0, 1.0]], [0.1555957959989846, 0.10135263839153962, 0.17618811092925257]], "radius": 0.07952757031498447, "volume": 0.00020565351974528444, "num_verts": 510, "num_faces": 1016, "num_hulls": 0}