{"bbox": [[-0.05414291586922334, -0.01722731868565989, -0.11320355136325444], [0.05414291586922334, -0.01722731868565989, -0.11320355136325444], [0.05414291586922334, 0.01722683868569651, -0.11320355136325444], [-0.05414291586922334, 0.01722683868569651, -0.11320355136325444], [-0.05414291586922334, -0.01722731868565989, 0.113207751362934], [0.05414291586922334, -0.01722731868565989, 0.113207751362934], [0.05414291586922334, 0.01722683868569651, 0.113207751362934], [-0.05414291586922334, 0.01722683868569651, 0.113207751362934]], "aabb": [[-0.05414291471242905, -0.01722731813788414, -0.11320354789495468], [0.05414291471242905, 0.017226839438080788, 0.11320775002241135]], "obb": [[[0.0018724577515852848, 0.9999982469105576, 8.819316599062432e-06, 3.4521271328756856e-06], [0.9999027925166437, -0.0018721571630955654, -0.01381667633602356, 0.0005209146867969583], [-0.013816635603007398, 3.4689602002023195e-05, -0.9999045451328069, -5.607829874937897e-05], [0.0, 0.0, 0.0, 1.0]], [0.10839747411575361, 0.03675438582775415, 0.22693575905416685]], "radius": 0.11791890914220061, "volume": 0.0006624032661789662, "num_verts": 429, "num_faces": 846, "num_hulls": 0}