{"bbox": [[-0.029473197751373463, -0.09191399298751884, -0.07193447451183514], [0.02997167771334246, -0.09191399298751884, -0.07193447451183514], [0.02997167771334246, 0.0919162729873449, -0.07193447451183514], [-0.029473197751373463, 0.0919162729873449, -0.07193447451183514], [-0.029473197751373463, -0.09191399298751884, 0.07193447451183514], [0.02997167771334246, -0.09191399298751884, 0.07193447451183514], [0.02997167771334246, 0.0919162729873449, 0.07193447451183514], [-0.029473197751373463, 0.0919162729873449, 0.07193447451183514]], "aabb": [[-0.02947319857776165, -0.09191399067640305, -0.07193447649478912], [0.02997167780995369, 0.0919162705540657, 0.07193447649478912]], "obb": [[[-0.9979136945509182, -0.010608469419535216, 0.0636845240565672, 0.0024952374942272294], [0.06368369943088441, 0.0004158606657384333, 0.9979700463875173, 0.0006034543035817185], [-0.010613418607285516, 0.9999436421301358, 0.0002605935245699651, -0.00023293912059104964], [0.0, 0.0, 0.0, 1.0]], [0.06825364666181384, 0.188401848142304, 0.1444515959508731]], "radius": 0.11753555674304078, "volume": 0.0002583864332484245, "num_verts": 1698, "num_faces": 3312, "num_hulls": 0}