{"bbox": [[-0.03806999709548972, -0.04297181672151056, -0.03176393757660388], [0.03806807709563621, -0.04297181672151056, -0.03176393757660388], [0.03806807709563621, 0.04274111673911157, -0.03176393757660388], [-0.03806999709548972, 0.04274111673911157, -0.03176393757660388], [-0.03806999709548972, -0.04297181672151056, 0.03176393757660388], [0.03806807709563621, -0.04297181672151056, 0.03176393757660388], [0.03806807709563621, 0.04274111673911157, 0.03176393757660388], [-0.03806999709548972, 0.04274111673911157, 0.03176393757660388]], "aabb": [[-0.03806999698281288, -0.042971815913915634, -0.03176393732428551], [0.038068078458309174, 0.042741116136312485, 0.03176393732428551]], "obb": [[[0.06805933601819962, 0.9815805546171709, 0.1785148217325637, -0.0009739190913448104], [-6.8110833266269655e-18, 0.178929710499075, -0.9838618595619598, 0.002099351703625084], [-0.9976812751479112, 0.06696098489541814, 0.012177837290495735, -0.0007674284945066725], [0.0, 0.0, 0.0, 1.0]], [0.09177885138051535, 0.09073899213125812, 0.0686950519462857]], "radius": 0.058940950564437, "volume": 3.626266276612505e-05, "num_verts": 1845, "num_faces": 3586, "num_hulls": 0}