{"bbox": [[-0.021546118356161624, -0.0227431782648332, -0.05506163579913057], [0.021546118356161624, -0.0227431782648332, -0.05506163579913057], [0.021546118356161624, 0.0227431782648332, -0.05506163579913057], [-0.021546118356161624, 0.0227431782648332, -0.05506163579913057], [-0.021546118356161624, -0.0227431782648332, 0.05506235579907564], [0.021546118356161624, -0.0227431782648332, 0.05506235579907564], [0.021546118356161624, 0.0227431782648332, 0.05506235579907564], [-0.021546118356161624, 0.0227431782648332, 0.05506235579907564]], "aabb": [[-0.021546117961406708, -0.02274317853152752, -0.05506163462996483], [0.021546117961406708, 0.02274317853152752, 0.05506235733628273]], "obb": [[[0.20661773825260832, -0.9764459050071611, 0.06214905336465655, -0.0023722303966934293], [0.9673723675562923, 0.19435267369288836, -0.16253535220671136, 0.003283480188685168], [0.14662814439223693, 0.09370396375379195, 0.9847434967791955, -0.00117622342894807], [0.0, 0.0, 0.0, 1.0]], [0.05857142456574346, 0.06144364237337239, 0.11898681782519702]], "radius": 0.058603255898000785, "volume": 6.459474118016914e-05, "num_verts": 1373, "num_faces": 2702, "num_hulls": 0}