{"bbox": [[-0.0365512, -0.09088410000000001, -0.011854400000000001], [0.0365512, -0.09088410000000001, -0.011854400000000001], [0.0365512, 0.09088410000000001, -0.011854400000000001], [-0.0365512, 0.09088410000000001, -0.011854400000000001], [-0.0365512, -0.09088410000000001, 0.011854400000000001], [0.0365512, -0.09088410000000001, 0.011854400000000001], [0.0365512, 0.09088410000000001, 0.011854400000000001], [-0.0365512, 0.09088410000000001, 0.011854400000000001]], "aabb": [[-0.03655119985342026, -0.09088409692049026, -0.011854399926960468], [0.03655119985342026, 0.09088409692049026, 0.011854399926960468]], "obb": [[[-2.155680278534861e-18, -1.0, -6.127029700918277e-17, 1.2389842637594033e-20], [-0.035204930597715664, -6.115642585373741e-17, 0.9993801143016654, -6.325883074423849e-06], [-0.9993801143016656, 4.311360557069721e-18, -0.035204930597715664, 0.0027840339678181815], [0.0, 0.0, 0.0, 1.0]], [0.07310240000000001, 0.1827172340292401, 0.02987837098171777]], "radius": 0.09791136830402332, "volume": 0.00025923693373138955, "num_verts": 145, "num_faces": 286, "num_hulls": 0}