{"bbox": [[-0.04565063651713283, -0.04565063651713283, -0.11349863134074163], [0.04565063651713283, -0.04565063651713283, -0.11349863134074163], [0.04565063651713283, 0.04565063651713283, -0.11349863134074163], [-0.04565063651713283, 0.04565063651713283, -0.11349863134074163], [-0.04565063651713283, -0.04565063651713283, 0.1135095513399085], [0.04565063651713283, -0.04565063651713283, 0.1135095513399085], [0.04565063651713283, 0.04565063651713283, 0.1135095513399085], [-0.04565063651713283, 0.04565063651713283, 0.1135095513399085]], "aabb": [[-0.04565063491463661, -0.04565063491463661, -0.11349862813949585], [0.04565063491463661, 0.04565063491463661, 0.11350955069065094]], "obb": [[[0.7071067811865475, 0.7071067811865476, 4.329780281177466e-17, 2.3640598531569113e-22], [-0.7071067811865476, 0.7071067811865475, -4.329780281177467e-17, -2.364059853156912e-22], [-6.123233995736766e-17, 0.0, 1.0, 5.4599995834292425e-06], [0.0, 0.0, 0.0, 1.0]], [0.12747839027417066, 0.12747839027417066, 0.22700818268065015]], "radius": 0.11754679937063571, "volume": 0.00043615104873870515, "num_verts": 803, "num_faces": 1594, "num_hulls": 0}