{"bbox": [[-0.05519495578895906, -0.05519495578895906, -0.10577255193019472], [0.05519495578895906, -0.05519495578895906, -0.10577255193019472], [0.05519495578895906, 0.05519495578895906, -0.10577255193019472], [-0.05519495578895906, 0.05519495578895906, -0.10577255193019472], [-0.05519495578895906, -0.05519495578895906, 0.10579031192883973], [0.05519495578895906, -0.05519495578895906, 0.10579031192883973], [0.05519495578895906, 0.05519495578895906, 0.10579031192883973], [-0.05519495578895906, 0.05519495578895906, 0.10579031192883973]], "aabb": [[-0.055194955319166183, -0.055194955319166183, -0.10577255487442017], [0.055194955319166183, 0.055194955319166183, 0.10579030960798264]], "obb": [[[0.1645255690487832, 0.98637281852714, -8.054648690010967e-17, -6.845051590206864e-18], [-0.9863728185271399, 0.1645255690487832, 1.1072154592184702e-16, -1.1406422608566987e-18], [1.2246467991473532e-16, 6.123233995736765e-17, 1.0, 8.879999322489174e-06], [0.0, 0.0, 0.0, 1.0]], [0.12531627093070555, 0.12531627093070555, 0.21156286385903447]], "radius": 0.11827880793538878, "volume": 0.0016227185326013122, "num_verts": 476, "num_faces": 944, "num_hulls": 0}