{"bbox": [[-0.1136083527086342, -0.08088420192842966, -0.07903200188426976], [0.1136083527086342, -0.08088420192842966, -0.07903200188426976], [0.1136083527086342, 0.08150175194315318, -0.07903200188426976], [-0.1136083527086342, 0.08150175194315318, -0.07903200188426976], [-0.1136083527086342, -0.08088420192842966, 0.07903005188422327], [0.1136083527086342, -0.08088420192842966, 0.07903005188422327], [0.1136083527086342, 0.08150175194315318, 0.07903005188422327], [-0.1136083527086342, 0.08150175194315318, 0.07903005188422327]], "aabb": [[-0.11360835283994675, -0.08088420331478119, -0.07903200387954712], [0.11360835283994675, 0.08150175213813782, 0.07903005182743073]], "obb": [[[-6.115059632195398e-17, -3.1629141822175677e-18, -1.0, 2.0805093896768457e-19], [-0.051654308563411286, 0.9986650251244589, 0.0, 0.0009635200426187953], [0.9986650251244589, 0.05165430856341129, -6.123233995736766e-17, -0.0033977296819382983], [0.0, 0.0, 0.0, 1.0]], [0.2272167054172684, 0.16992819266170428, 0.1662570698523388]], "radius": 0.14699759733576845, "volume": 0.0008782113530209283, "num_verts": 1509, "num_faces": 2878, "num_hulls": 0}