{"bbox": [[-0.041637360000000005, -0.0416388, -0.07366872000000001], [0.04143864, -0.0416388, -0.07366872000000001], [0.04143864, 0.0416388, -0.07366872000000001], [-0.041637360000000005, 0.0416388, -0.07366872000000001], [-0.041637360000000005, -0.0416388, 0.07366512], [0.04143864, -0.0416388, 0.07366512], [0.04143864, 0.0416388, 0.07366512], [-0.041637360000000005, 0.0416388, 0.07366512]], "aabb": [[-0.0416373610496521, -0.041638799011707306, -0.0736687183380127], [0.04143863916397095, 0.041638799011707306, 0.07366511970758438]], "obb": [[[0.8985995932201883, -0.40899800742470255, 0.1588691316371277, -0.004326356342863811], [-0.3795808688081993, -0.9062505471802625, -0.18608683395202197, 0.0007361175551142959], [0.2200843817705486, 0.10691387027929455, -0.9696041920508479, 0.00047199918137355487], [0.0, 0.0, 0.0, 1.0]], [0.10904866436612665, 0.11477140657711603, 0.16113105665544022]], "radius": 0.07805181885097617, "volume": 9.884568618906906e-05, "num_verts": 2943, "num_faces": 5806, "num_hulls": 0}