{"bbox": [[-0.06969064000000001, -0.02992184, -0.057192400000000004], [0.06969064000000001, -0.02992184, -0.057192400000000004], [0.06969064000000001, 0.02992184, -0.057192400000000004], [-0.06969064000000001, 0.02992184, -0.057192400000000004], [-0.06969064000000001, -0.02992184, 0.057571199999999996], [0.06969064000000001, -0.02992184, 0.057571199999999996], [0.06969064000000001, 0.02992184, 0.057571199999999996], [-0.06969064000000001, 0.02992184, 0.057571199999999996]], "aabb": [[-0.06969063729047775, -0.029921840876340866, -0.057192400097846985], [0.06969063729047775, 0.029921840876340866, 0.05757119879126549]], "obb": [[[-8.270906914936598e-18, 6.067117565581779e-17, -1.0, -1.505355276632642e-20], [0.9908354914749204, 0.13507416049582824, 0.0, -0.0037511923251779514], [0.13507416049582827, -0.9908354914749204, -6.123233995736766e-17, 0.00024584317334283307], [0.0, 0.0, 0.0, 1.0]], [0.13938128000000002, 0.07408795305811347, 0.12196956806950061]], "radius": 0.0782885676494442, "volume": 0.00013632896340136884, "num_verts": 2680, "num_faces": 5248, "num_hulls": 0}