{"bbox": [[-0.08937610000000001, -0.052258200000000005, -0.037118000000000005], [0.08937610000000001, -0.052258200000000005, -0.037118000000000005], [0.08937610000000001, 0.052258200000000005, -0.037118000000000005], [-0.08937610000000001, 0.052258200000000005, -0.037118000000000005], [-0.08937610000000001, -0.052258200000000005, 0.037118000000000005], [0.08937610000000001, -0.052258200000000005, 0.037118000000000005], [0.08937610000000001, 0.052258200000000005, 0.037118000000000005], [-0.08937610000000001, 0.052258200000000005, 0.037118000000000005]], "aabb": [[-0.08937609940767288, -0.05225820094347, -0.03711799904704094], [0.08937609940767288, 0.05225820094347, 0.03711799904704094]], "obb": [[[-1.2953423380577228e-05, -0.11627296211565397, -0.9932172965233038, -0.0023553029502781974], [-6.471989907768371e-06, -0.9932172965760815, 0.11627296220623945, -0.004493347250885953], [-0.999999999895161, 7.934225226491082e-06, 1.2113046714103472e-05, 4.580712727276977e-07], [0.0, 0.0, 0.0, 1.0]], [0.18733886461720792, 0.12413026762537248, 0.07423773725218018]], "radius": 0.09769902766425059, "volume": 0.0005983866056056391, "num_verts": 2008, "num_faces": 3948, "num_hulls": 0}