{"bbox": [[-0.11607851114391242, -0.10910111167624575, -0.017760598644973858], [0.116709471095774, -0.10910111167624575, -0.017760598644973858], [0.116709471095774, 0.10910111167624575, -0.017760598644973858], [-0.11607851114391242, 0.10910111167624575, -0.017760598644973858], [-0.11607851114391242, -0.10910111167624575, 0.017760598644973858], [0.116709471095774, -0.10910111167624575, 0.017760598644973858], [0.116709471095774, 0.10910111167624575, 0.017760598644973858], [-0.11607851114391242, 0.10910111167624575, 0.017760598644973858]], "aabb": [[-0.11607851088047028, -0.10910110920667648, -0.01776059903204441], [0.11670947074890137, 0.10910110920667648, 0.01776059903204441]], "obb": [[[2.766631259834218e-17, -0.8959599753384598, -0.4441348022746092, 0.0011960555291713145], [-8.205713899789646e-17, 0.4441348022746093, -0.89595997533846, -0.003779368816822443], [1.0, 6.123233995736766e-17, -6.123233995736766e-17, -3.4321463848134385e-19], [0.0, 0.0, 0.0, 1.0]], [0.2990853184988238, 0.30152419345791254, 0.03552119728994775]], "radius": 0.11754721393356048, "volume": 0.0009331496003330105, "num_verts": 1646, "num_faces": 3208, "num_hulls": 0}