{"bbox": [[-0.01370417895445412, -0.05730845562771182, -0.01370417895445412], [0.01370417895445412, -0.05730845562771182, -0.01370417895445412], [0.01370417895445412, 0.05730845562771182, -0.01370417895445412], [-0.01370417895445412, 0.05730845562771182, -0.01370417895445412], [-0.01370417895445412, -0.05730845562771182, 0.01370417895445412], [0.01370417895445412, -0.05730845562771182, 0.01370417895445412], [0.01370417895445412, 0.05730845562771182, 0.01370417895445412], [-0.01370417895445412, 0.05730845562771182, 0.01370417895445412]], "aabb": [[-0.013704178854823112, -0.05730845406651497, -0.013704178854823112], [0.013704178854823112, 0.05730845406651497, 0.013704178854823112]], "obb": [[[-0.7070500022256563, -0.7071635542954516, 4.276591391056718e-05, -2.4693616251738968e-06], [-3.276142027069721e-05, -2.7719120247089623e-05, -0.9999999990791698, 1.9666500710786133e-07], [0.7071635548297076, -0.7070500029756555, -3.5688783699953374e-06, 4.9581959488633406e-08], [0.0, 0.0, 0.0, 1.0]], [0.03820951661430328, 0.11461886176016511, 0.03820502393521426]], "radius": 0.05879574717063484, "volume": 3.160337889013842e-05, "num_verts": 894, "num_faces": 1760, "num_hulls": 0}