{"bbox": [[-0.04011233693967156, -0.041946056799769836, -0.03942473699213127], [0.04011233693967156, -0.041946056799769836, -0.03942473699213127], [0.04011233693967156, 0.041946056799769836, -0.03942473699213127], [-0.04011233693967156, 0.041946056799769836, -0.03942473699213127], [-0.04011233693967156, -0.041946056799769836, 0.03942473699213127], [0.04011233693967156, -0.041946056799769836, 0.03942473699213127], [0.04011233693967156, 0.041946056799769836, 0.03942473699213127], [-0.04011233693967156, 0.041946056799769836, 0.03942473699213127]], "aabb": [[-0.04011233523488045, -0.041946057230234146, -0.03942473605275154], [0.04011233523488045, 0.041946057230234146, 0.03942473605275154]], "obb": [[[-0.01817016142688077, 0.9538243264648378, 0.29981494205195836, 0.0025593213778081526], [-0.018188969356763666, 0.29949948339906385, -0.9539230686158253, -0.004693798248458889], [-0.9996694486816429, -0.02278626093925796, 0.011907127485176297, -0.00026957324599649347], [0.0, 0.0, 0.0, 1.0]], [0.10175882765943037, 0.1017501031487607, 0.08225658137027035]], "radius": 0.058149916526286906, "volume": 8.924771243621692e-05, "num_verts": 2463, "num_faces": 4806, "num_hulls": 0}