{"bbox": [[-0.09487910000000001, -0.030938900000000005, -0.030938900000000005], [0.09487910000000001, -0.030938900000000005, -0.030938900000000005], [0.09487910000000001, 0.030938900000000005, -0.030938900000000005], [-0.09487910000000001, 0.030938900000000005, -0.030938900000000005], [-0.09487910000000001, -0.030938900000000005, 0.030938900000000005], [0.09487910000000001, -0.030938900000000005, 0.030938900000000005], [0.09487910000000001, 0.030938900000000005, 0.030938900000000005], [-0.09487910000000001, 0.030938900000000005, 0.030938900000000005]], "aabb": [[-0.09487909823656082, -0.030938899144530296, -0.030938899144530296], [0.09487909823656082, 0.030938899144530296, 0.030938899144530296]], "obb": [[[-0.017883601040124163, -0.01125322260583689, 0.9997767459762311, 1.768948407213006e-05], [0.999840055362803, 1.3820491529845954e-18, 0.017884733492760322, -7.343927754558146e-05], [-0.00020126088724009997, 0.9999366804858113, 0.011251422713229901, 1.990763074611606e-07], [0.0, 0.0, 0.0, 1.0]], [0.1922811359450171, 0.06224311062277324, 0.0619842682674053]], "radius": 0.09893832159411237, "volume": 0.0005293938433570854, "num_verts": 268, "num_faces": 532, "num_hulls": 0}