{"bbox": [[-0.09286080000000001, -0.054505200000000004, -0.054505200000000004], [0.09286080000000001, -0.054505200000000004, -0.054505200000000004], [0.09286080000000001, 0.054505200000000004, -0.054505200000000004], [-0.09286080000000001, 0.054505200000000004, -0.054505200000000004], [-0.09286080000000001, -0.054505200000000004, 0.054505200000000004], [0.09286080000000001, -0.054505200000000004, 0.054505200000000004], [0.09286080000000001, 0.054505200000000004, 0.054505200000000004], [-0.09286080000000001, 0.054505200000000004, 0.054505200000000004]], "aabb": [[-0.09286080300807953, -0.05450519919395447, -0.05450519919395447], [0.09286080300807953, 0.05450519919395447, 0.05450519919395447]], "obb": [[[0.1658223722212615, 0.16707532927586963, -0.9718995705412534, -0.003224601608928061], [-0.9674873417976423, -0.1632938743448075, -0.19314076230250882, -0.0028471452694535594], [-0.19097430280601996, 0.9723275913748525, 0.13456548858802034, 0.0019836769563246408], [0.0, 0.0, 0.0, 1.0]], [0.21942336322408268, 0.15957563407656694, 0.15240305354278336]], "radius": 0.09883316922106668, "volume": 0.0003545275914926036, "num_verts": 1043, "num_faces": 2070, "num_hulls": 0}