{"bbox": [[-0.0738311943671269, -0.11711147106510383, -0.038188557086444315], [0.0738311943671269, -0.11711147106510383, -0.038188557086444315], [0.0738311943671269, 0.11711147106510383, -0.038188557086444315], [-0.0738311943671269, 0.11711147106510383, -0.038188557086444315], [-0.0738311943671269, -0.11711147106510383, 0.038188557086444315], [0.0738311943671269, -0.11711147106510383, 0.038188557086444315], [0.0738311943671269, 0.11711147106510383, 0.038188557086444315], [-0.0738311943671269, 0.11711147106510383, 0.038188557086444315]], "aabb": [[-0.07383119314908981, -0.11711147427558899, -0.03818855807185173], [0.07383119314908981, 0.11711147427558899, 0.03818855807185173]], "obb": [[[-0.1321631488351164, -0.9912279768499206, -6.123233995736766e-17, -0.001111448410484711], [-5.260254959442008e-17, 6.878786731303613e-17, -1.0, 2.516398598624461e-20], [0.9912279768499207, -0.1321631488351164, -6.123233995736767e-17, 0.0007004893322628962], [0.0, 0.0, 0.0, 1.0]], [0.15695605494796022, 0.2342229421302077, 0.0936531662656933]], "radius": 0.11804823415866596, "volume": 0.0015035653238336876, "num_verts": 1333, "num_faces": 2654, "num_hulls": 0}