{"bbox": [[-0.058187851387306484, -0.058187851387306484, -0.1408758033587409], [0.058187851387306484, -0.058187851387306484, -0.1408758033587409], [0.058187851387306484, 0.058187851387306484, -0.1408758033587409], [-0.058187851387306484, 0.058187851387306484, -0.1408758033587409], [-0.058187851387306484, -0.058187851387306484, 0.14087295335867295], [0.058187851387306484, -0.058187851387306484, 0.14087295335867295], [0.058187851387306484, 0.058187851387306484, 0.14087295335867295], [-0.058187851387306484, 0.058187851387306484, 0.14087295335867295]], "aabb": [[-0.05818784981966019, -0.05818784981966019, -0.14087580144405365], [0.05818784981966019, 0.05818784981966019, 0.14087295532226562]], "obb": [[[-0.9364308566755302, 0.35085217779847466, -5.73398525625251e-17, -3.062687332637231e-05], [-0.35085217779847466, -0.9364308566755304, -2.1483499825739003e-17, -1.1586962894332953e-05], [-6.123233995736766e-17, 0.0, 1.0, -1.42500003397217e-06], [0.0, 0.0, 0.0, 1.0]], [0.14808341889715199, 0.14868113145598616, 0.28174875671741384]], "radius": 0.14677684767047358, "volume": 0.0010153018687635404, "num_verts": 2313, "num_faces": 4498, "num_hulls": 0}