{"bbox": [[-0.10554467194758056, -0.10554467194758056, -0.052772395973785705], [0.10554467194758056, -0.10554467194758056, -0.052772395973785705], [0.10554467194758056, 0.10554191194779114, -0.052772395973785705], [-0.10554467194758056, 0.10554191194779114, -0.052772395973785705], [-0.10554467194758056, -0.10554467194758056, 0.052772395973785705], [0.10554467194758056, -0.10554467194758056, 0.052772395973785705], [0.10554467194758056, 0.10554191194779114, 0.052772395973785705], [-0.10554467194758056, 0.10554191194779114, 0.052772395973785705]], "aabb": [[-0.10554467141628265, -0.10554467141628265, -0.0527723953127861], [0.10554467141628265, 0.10554191470146179, 0.0527723953127861]], "obb": [[[3.2166236419967644e-17, 0.9191716606655694, 0.39385715459960774, -1.840987472400821e-07], [8.039982679013702e-17, 0.3938571545996078, -0.9191716606655694, -7.030369955924489e-08], [-1.0, 6.123233995736766e-17, -6.123233995736765e-17, 6.938882329738133e-18], [0.0, 0.0, 0.0, 1.0]], [0.2769050378204022, 0.2769061304735943, 0.10554479194757144]], "radius": 0.11823330984597936, "volume": 0.0007803285484143158, "num_verts": 2179, "num_faces": 4250, "num_hulls": 0}