{"bbox": [[-0.12268140292495258, -0.05600670133530381, -0.07467570178040747], [0.12268140292495258, -0.05600670133530381, -0.07467570178040747], [0.12268140292495258, 0.05600670133530381, -0.07467570178040747], [-0.12268140292495258, 0.05600670133530381, -0.07467570178040747], [-0.12268140292495258, -0.05600670133530381, 0.07467570178040747], [0.12268140292495258, -0.05600670133530381, 0.07467570178040747], [0.12268140292495258, 0.05600670133530381, 0.07467570178040747], [-0.12268140292495258, 0.05600670133530381, 0.07467570178040747]], "aabb": [[-0.1226814016699791, -0.05600669980049133, -0.07467570155858994], [0.1226814016699791, 0.05600669980049133, 0.07467570155858994]], "obb": [[[0.010096289639560004, 5.5256469572960334e-17, 0.999949031168846, -0.00016239205163484942], [0.9998979565617678, 0.010107017956190687, -0.01009577394924958, -0.0004149763786010833], [-0.01010650281329901, 0.999948922789576, 0.00010204338067787968, 0.00011203566559687963], [0.0, 0.0, 0.0, 1.0]], [0.24700594533967726, 0.11520579127444788, 0.15091648999260543]], "radius": 0.14812067329870948, "volume": 0.0024719215130079484, "num_verts": 474, "num_faces": 928, "num_hulls": 0}