{"bbox": [[-0.068082, -0.02923088, -0.04292128], [0.06807776, -0.02923088, -0.04292128], [0.06807776, 0.02923088, -0.04292128], [-0.068082, 0.02923088, -0.04292128], [-0.068082, -0.02923088, 0.04291808], [0.06807776, -0.02923088, 0.04291808], [0.06807776, 0.02923088, 0.04291808], [-0.068082, 0.02923088, 0.04291808]], "aabb": [[-0.06808199733495712, -0.029230879619717598, -0.0429212786257267], [0.06807775795459747, 0.029230879619717598, 0.04291807860136032]], "obb": [[[-5.792739629103407e-18, 6.095771997248633e-17, -1.0, -2.119999999994364e-06], [0.9955151152957322, 0.09460261739362791, 0.0, 0.003351921227268647], [0.09460261739362791, -0.9955151152957321, -6.123233995736766e-17, 0.0002466758083750666], [0.0, 0.0, 0.0, 1.0]], [0.13615976000000002, 0.06634408844192627, 0.09074548605427328]], "radius": 0.07883112845120004, "volume": 0.00016991470035431592, "num_verts": 2425, "num_faces": 4758, "num_hulls": 0}