{"bbox": [[-0.03377256, -0.044579839999999996, -0.0621416], [0.03377256, -0.044579839999999996, -0.0621416], [0.03377256, 0.044579839999999996, -0.0621416], [-0.03377256, 0.044579839999999996, -0.0621416], [-0.03377256, -0.044579839999999996, 0.0621416], [0.03377256, -0.044579839999999996, 0.0621416], [0.03377256, 0.044579839999999996, 0.0621416], [-0.03377256, 0.044579839999999996, 0.0621416]], "aabb": [[-0.03377256169915199, -0.04457984119653702, -0.062141600996255875], [0.03377256169915199, 0.04457984119653702, 0.062141600996255875]], "obb": [[[-0.996462428128371, -1.5021895012125979e-05, -0.08403944968200039, -2.8129207771064687e-05], [1.4968753980561425e-05, -0.9999999998871714, 1.2624317901422925e-06, -2.1265281187637726e-07], [-0.08403944969148246, 0.0, 0.9964624282408008, -0.00034406949776844085], [0.0, 0.0, 0.0, 1.0]], [0.06916734808585596, 0.08916086102182742, 0.13307834216823006]], "radius": 0.07822219386485142, "volume": 0.00028279906179274966, "num_verts": 1244, "num_faces": 2444, "num_hulls": 0}