{"bbox": [[-0.0807228, -0.0491356, -0.050890500000000005], [0.0807228, -0.0491356, -0.050890500000000005], [0.0807228, 0.0491356, -0.050890500000000005], [-0.0807228, 0.0491356, -0.050890500000000005], [-0.0807228, -0.0491356, 0.050890500000000005], [0.0807228, -0.0491356, 0.050890500000000005], [0.0807228, 0.0491356, 0.050890500000000005], [-0.0807228, 0.0491356, 0.050890500000000005]], "aabb": [[-0.08072280138731003, -0.04913559928536415, -0.05089050158858299], [0.08072280138731003, 0.04913559928536415, 0.05089050158858299]], "obb": [[[-3.602834932021109e-18, -6.112625489188139e-17, -1.0, -1.3001374874762296e-20], [-0.9982674994037442, 0.0588387596248901, -0.0, -9.109428554236401e-05], [0.0588387596248901, 0.9982674994037443, -6.123233995736766e-17, 0.00021232856500036352], [0.0, 0.0, 0.0, 1.0]], [0.1614456, 0.10149619357922239, 0.10808589771605445]], "radius": 0.09773724937340933, "volume": 0.0007261989484006618, "num_verts": 1077, "num_faces": 2110, "num_hulls": 0}