{"bbox": [[-0.07913110000000001, -0.041285800000000004, -0.0430045], [0.07913110000000001, -0.041285800000000004, -0.0430045], [0.07913110000000001, 0.041285800000000004, -0.0430045], [-0.07913110000000001, 0.041285800000000004, -0.0430045], [-0.07913110000000001, -0.041285800000000004, 0.043006], [0.07913110000000001, -0.041285800000000004, 0.043006], [0.07913110000000001, 0.041285800000000004, 0.043006], [-0.07913110000000001, 0.041285800000000004, 0.043006]], "aabb": [[-0.0791310966014862, -0.04128580167889595, -0.04300450161099434], [0.0791310966014862, 0.04128580167889595, 0.04300599917769432]], "obb": [[[-0.00035674383735960827, 0.009742728840317403, 0.9999524748549696, 0.000356320104010261], [0.9996138957890561, 0.027785823121519518, 8.590043921462108e-05, 0.0008301623927525401], [-0.027783665691559344, 0.9995664196381367, -0.009748879552850637, -0.0010550833515845534], [0.0, 0.0, 0.0, 1.0]], [0.15917135093150378, 0.08541244820164766, 0.08885608890963209]], "radius": 0.0979971195529236, "volume": 0.000274601282451786, "num_verts": 331, "num_faces": 638, "num_hulls": 0}