{"bbox": [[-0.04871513628333005, -0.0465970764449252, -0.03468305735389272], [0.04871513628333005, -0.0465970764449252, -0.03468305735389272], [0.04871513628333005, 0.0465970764449252, -0.03468305735389272], [-0.04871513628333005, 0.0465970764449252, -0.03468305735389272], [-0.04871513628333005, -0.0465970764449252, 0.03494777733369618], [0.04871513628333005, -0.0465970764449252, 0.03494777733369618], [0.04871513628333005, 0.0465970764449252, 0.03494777733369618], [-0.04871513628333005, 0.0465970764449252, 0.03494777733369618]], "aabb": [[-0.04871513694524765, -0.04659707471728325, -0.03468305617570877], [0.04871513694524765, 0.04659707471728325, 0.03494777902960777]], "obb": [[[0.039476222597910886, -0.7591685880578565, -0.6496958386473174, 0.0038078089048212277], [-0.004786419897194358, -0.6503388739886953, 0.759629145809772, 0.0031544903659834022], [-0.9992090462130373, -0.026877572162621568, -0.029306621788857522, -0.00028415432664126585], [0.0, 0.0, 0.0, 1.0]], [0.12070526074861213, 0.1190736318684707, 0.07425947079772585]], "radius": 0.05824588282952639, "volume": 0.0001433330493823489, "num_verts": 3890, "num_faces": 7576, "num_hulls": 0}