{"bbox": [[-0.08510250000000001, -0.0365386, -0.0536516], [0.0850972, -0.0365386, -0.0536516], [0.0850972, 0.0365386, -0.0536516], [-0.08510250000000001, 0.0365386, -0.0536516], [-0.08510250000000001, -0.0365386, 0.0536476], [0.0850972, -0.0365386, 0.0536476], [0.0850972, 0.0365386, 0.0536476], [-0.08510250000000001, 0.0365386, 0.0536476]], "aabb": [[-0.08510249853134155, -0.03653860092163086, -0.0536516010761261], [0.08509720116853714, 0.03653860092163086, 0.05364760011434555]], "obb": [[[-5.792739629103378e-18, 6.095771997248633e-17, -1.0, -2.6500000000068326e-06], [0.9955151152957321, 0.09460261739362745, 0.0, 0.004189901534085788], [0.09460261739362744, -0.9955151152957321, -6.123233995736766e-17, 0.000308344760468826], [0.0, 0.0, 0.0, 1.0]], [0.1701997, 0.08293011055240779, 0.11343185756784155]], "radius": 0.09853891056400005, "volume": 0.0003318646491295235, "num_verts": 2425, "num_faces": 4758, "num_hulls": 0}