{"bbox": [[-0.038791900000000004, -0.038791900000000004, -0.0939172], [0.038791900000000004, -0.038791900000000004, -0.0939172], [0.038791900000000004, 0.038791900000000004, -0.0939172], [-0.038791900000000004, 0.038791900000000004, -0.0939172], [-0.038791900000000004, -0.038791900000000004, 0.09391530000000001], [0.038791900000000004, -0.038791900000000004, 0.09391530000000001], [0.038791900000000004, 0.038791900000000004, 0.09391530000000001], [-0.038791900000000004, 0.038791900000000004, 0.09391530000000001]], "aabb": [[-0.038791898638010025, -0.038791898638010025, -0.09391719847917557], [0.038791898638010025, 0.038791898638010025, 0.09391529858112335]], "obb": [[[-0.9364308566755306, 0.35085217779847383, -5.733985256252512e-17, -2.0417915064119917e-05], [-0.3508521777984739, -0.9364308566755305, -2.1483499825738954e-17, -7.724641745387153e-06], [-6.123233995736766e-17, 0.0, 1.0, -9.499999999995637e-07], [0.0, 0.0, 0.0, 1.0]], [0.0987222769110454, 0.09912075194076779, 0.1878325]], "radius": 0.09785122944736056, "volume": 0.0003008301618202944, "num_verts": 2313, "num_faces": 4498, "num_hulls": 0}