{"bbox": [[-0.07630200181918148, -0.07630200181918148, -0.12648255301557906], [0.07630200181918148, -0.07630200181918148, -0.12648255301557906], [0.07630200181918148, 0.07630200181918148, -0.12648255301557906], [-0.07630200181918148, 0.07630200181918148, -0.12648255301557906], [-0.07630200181918148, -0.07630200181918148, 0.12648255301557906], [0.07630200181918148, -0.07630200181918148, 0.12648255301557906], [0.07630200181918148, 0.07630200181918148, 0.12648255301557906], [-0.07630200181918148, 0.07630200181918148, 0.12648255301557906]], "aabb": [[-0.07630199939012527, -0.07630199939012527, -0.1264825463294983], [0.07630199939012527, 0.07630199939012527, 0.1264825463294983]], "obb": [[[-0.9949657837179751, 0.10021521456583053, 6.136412087195478e-18, -1.3907654828591927e-18], [0.10021521456583052, 0.9949657837179753, 6.092408311456781e-17, -1.3807924022473873e-17], [1.5407439555097887e-33, 6.123233995736767e-17, -1.0, -8.49769420904307e-34], [0.0, 0.0, 0.0, 1.0]], [0.16538265334889035, 0.1653826533488904, 0.2529651060311581]], "radius": 0.14701369058178507, "volume": 0.004498758556777523, "num_verts": 457, "num_faces": 910, "num_hulls": 0}