{"bbox": [[-0.023275138224247878, -0.023275138224247878, -0.056350315700812094], [0.023275138224247878, -0.023275138224247878, -0.056350315700812094], [0.023275138224247878, 0.023275138224247878, -0.056350315700812094], [-0.023275138224247878, 0.023275138224247878, -0.056350315700812094], [-0.023275138224247878, -0.023275138224247878, 0.05634917570089907], [0.023275138224247878, -0.023275138224247878, 0.05634917570089907], [0.023275138224247878, 0.023275138224247878, 0.05634917570089907], [-0.023275138224247878, 0.023275138224247878, 0.05634917570089907]], "aabb": [[-0.023275138810276985, -0.023275138810276985, -0.05635031685233116], [0.023275138810276985, 0.023275138810276985, 0.05634917691349983]], "obb": [[[-0.9364308566755305, 0.35085217779847433, -5.733985256252512e-17, -1.2250748103809453e-05], [-0.3508521777984744, -0.9364308566755304, -2.1483499825738982e-17, -4.634784693625951e-06], [-6.123233995736766e-17, 0.0, 1.0, -5.699999565123024e-07], [0.0, 0.0, 0.0, 1.0]], [0.0592333616274804, 0.05947244662707309, 0.11269949140171116]], "radius": 0.058710733189142855, "volume": 6.497930008060093e-05, "num_verts": 2313, "num_faces": 4498, "num_hulls": 0}