{"bbox": [[-0.0637972, -0.015255840000000001, -0.04854136], [0.0637972, -0.015255840000000001, -0.04854136], [0.0637972, 0.015255840000000001, -0.04854136], [-0.0637972, 0.015255840000000001, -0.04854136], [-0.0637972, -0.015255840000000001, 0.04854136], [0.0637972, -0.015255840000000001, 0.04854136], [0.0637972, 0.015255840000000001, 0.04854136], [-0.0637972, 0.015255840000000001, 0.04854136]], "aabb": [[-0.06379719823598862, -0.015255839563906193, -0.048541359603405], [0.06379719823598862, 0.015255839563906193, 0.048541359603405]], "obb": [[[-1.7275590068154778e-17, -5.87448163198398e-17, -1.0, 3.312798464727813e-20], [-0.9593756560788013, 0.28213179637072033, -0.0, 0.002533476147475457], [0.2821317963707204, 0.9593756560788014, -6.123233995736766e-17, -0.0005410210465636806], [0.0, 0.0, 0.0, 1.0]], [0.1275944, 0.04309122259476532, 0.10081489603163875]], "radius": 0.0786304192430792, "volume": 0.0001355117525684862, "num_verts": 407, "num_faces": 806, "num_hulls": 0}