{"bbox": [[-0.08200600000000001, -0.0285228, -0.05348220000000001], [0.08200600000000001, -0.0285228, -0.05348220000000001], [0.08200600000000001, 0.028523800000000002, -0.05348220000000001], [-0.08200600000000001, 0.028523800000000002, -0.05348220000000001], [-0.08200600000000001, -0.0285228, 0.05348220000000001], [0.08200600000000001, -0.0285228, 0.05348220000000001], [0.08200600000000001, 0.028523800000000002, 0.05348220000000001], [-0.08200600000000001, 0.028523800000000002, 0.05348220000000001]], "aabb": [[-0.08200599998235703, -0.028522800654172897, -0.05348220095038414], [0.08200599998235703, 0.028523800894618034, 0.05348220095038414]], "obb": [[[-0.007374848361079916, 6.562821564489426e-06, -0.9999728054145175, -5.9916343253394574e-05], [-0.9805561149792675, 0.19610555833116508, 0.007232936359995004, -0.0023118184966445135], [0.19610027279026615, 0.9805827909710385, -0.001439813540640677, 0.0013533268040859293], [0.0, 0.0, 0.0, 1.0]], [0.16449121212051654, 0.06475457109587343, 0.11267307717526197]], "radius": 0.09725700701329905, "volume": 0.0004970129498291802, "num_verts": 572, "num_faces": 1120, "num_hulls": 0}