{"bbox": [[-0.056857795662094444, -0.056857795662094444, -0.10897739168568484], [0.056857795662094444, -0.056857795662094444, -0.10897739168568484], [0.056857795662094444, 0.056857795662094444, -0.10897739168568484], [-0.056857795662094444, 0.056857795662094444, -0.10897739168568484], [-0.056857795662094444, -0.056857795662094444, 0.10897739168568484], [0.056857795662094444, -0.056857795662094444, 0.10897739168568484], [0.056857795662094444, 0.056857795662094444, 0.10897739168568484], [-0.056857795662094444, 0.056857795662094444, 0.10897739168568484]], "aabb": [[-0.056857794523239136, -0.056857794523239136, -0.10897739231586456], [0.056857794523239136, 0.056857794523239136, 0.10897739231586456]], "obb": [[[-0.8944339813157247, 0.4472000146105778, 3.3857728266936395e-08, -8.018979750561123e-11], [0.4472000146105406, 0.8944339813156763, -3.473234589927671e-07, 8.225156353354583e-10], [-1.8560655862826206e-07, -2.9551672765559575e-07, -0.9999999999999392, 4.1174469693514845e-10], [0.0, 0.0, 0.0, 1.0]], [0.1506568680149071, 0.15065694539400237, 0.21795486683839246]], "radius": 0.11753193736035829, "volume": 0.0021038564766053917, "num_verts": 571, "num_faces": 1138, "num_hulls": 0}