{"bbox": [[-0.032686320000000005, -0.032686320000000005, -0.07159856], [0.032686320000000005, -0.032686320000000005, -0.07159856], [0.032686320000000005, 0.032686320000000005, -0.07159856], [-0.032686320000000005, 0.032686320000000005, -0.07159856], [-0.032686320000000005, -0.032686320000000005, 0.07159856], [0.032686320000000005, -0.032686320000000005, 0.07159856], [0.032686320000000005, 0.032686320000000005, 0.07159856], [-0.032686320000000005, 0.032686320000000005, 0.07159856]], "aabb": [[-0.03268631920218468, -0.03268631920218468, -0.07159855961799622], [0.03268631920218468, 0.03268631920218468, 0.07159855961799622]], "obb": [[[-0.7071067811865475, 0.7071067811865476, 4.329780281177467e-17, -4.9065389333867974e-18], [0.7071067811865476, 0.7071067811865475, 4.329780281177466e-17, -4.906538933386797e-18], [-0.0, 6.123233995736766e-17, -1.0, -4.2488471045215345e-34], [0.0, 0.0, 0.0, 1.0]], [0.09233808, 0.09233808, 0.14319712]], "radius": 0.07831095664729425, "volume": 0.00016089804780697377, "num_verts": 637, "num_faces": 1262, "num_hulls": 0}