{"bbox": [[-0.09088667306589714, -0.06470735506322059, -0.0632255951762699], [0.09088667306589714, -0.06470735506322059, -0.0632255951762699], [0.09088667306589714, 0.06520139502552832, -0.0632255951762699], [-0.09088667306589714, 0.06520139502552832, -0.0632255951762699], [-0.09088667306589714, -0.06470735506322059, 0.06322403517638892], [0.09088667306589714, -0.06470735506322059, 0.06322403517638892], [0.09088667306589714, 0.06520139502552832, 0.06322403517638892], [-0.09088667306589714, 0.06520139502552832, 0.06322403517638892]], "aabb": [[-0.0908866748213768, -0.06470735371112823, -0.06322559714317322], [0.0908866748213768, 0.06520139425992966, 0.06322403252124786]], "obb": [[[-6.115059632195398e-17, -3.1629141822175407e-18, -1.0, 1.664407345074697e-19], [-0.05165430856341084, 0.998665025124459, 0.0, 0.0007708159569087523], [0.9986650251244589, 0.05165430856341085, -6.123233995736766e-17, -0.002718183473363132], [0.0, 0.0, 0.0, 1.0]], [0.18177334613179427, 0.13594254051664756, 0.13300564256324374]], "radius": 0.11759806609283768, "volume": 0.0004496440776702857, "num_verts": 1509, "num_faces": 2878, "num_hulls": 0}