{"bbox": [[-0.03060239766522235, -0.03060239766522235, -0.05865011552535129], [0.03060239766522235, -0.03060239766522235, -0.05865011552535129], [0.03060239766522235, 0.03060239766522235, -0.05865011552535129], [-0.03060239766522235, 0.03060239766522235, -0.05865011552535129], [-0.03060239766522235, -0.03060239766522235, 0.058654615525007975], [0.03060239766522235, -0.03060239766522235, 0.058654615525007975], [0.03060239766522235, 0.03060239766522235, 0.058654615525007975], [-0.03060239766522235, 0.03060239766522235, 0.058654615525007975]], "aabb": [[-0.03060239739716053, -0.03060239739716053, -0.05865011736750603], [0.03060239739716053, 0.03060239739716053, 0.05865461379289627]], "obb": [[[0.9122861520136821, -0.3582637056743062, 0.1984467032746641, -0.0044222464960682085], [0.3802752121060866, 0.9208999521485246, -0.08563901675355585, 0.0019330100109877177], [-0.1520682080572377, 0.1535916512358633, 0.9763630804003712, 0.001255964813045425], [0.0, 0.0, 0.0, 1.0]], [0.09492924668272301, 0.08374711517386776, 0.1309659828990127]], "radius": 0.05890317448358071, "volume": 0.0001554240933589897, "num_verts": 688, "num_faces": 1368, "num_hulls": 0}