{"bbox": [[-0.05490311581122468, -0.023870938178791948, -0.026258037996670685], [0.054902155811297926, -0.023870938178791948, -0.026258037996670685], [0.054902155811297926, 0.023870938178791948, -0.026258037996670685], [-0.05490311581122468, 0.023870938178791948, -0.026258037996670685], [-0.05490311581122468, -0.023870938178791948, 0.026258037996670685], [0.054902155811297926, -0.023870938178791948, 0.026258037996670685], [0.054902155811297926, 0.023870938178791948, 0.026258037996670685], [-0.05490311581122468, 0.023870938178791948, 0.026258037996670685]], "aabb": [[-0.05490311607718468, -0.023870937526226044, -0.026258038356900215], [0.054902154952287674, 0.023870937526226044, 0.026258038356900215]], "obb": [[[-0.1218926328846735, 6.123233995736766e-17, -0.9925432917754481, 0.0017069738350724804], [-5.331197712930605e-17, 1.0, 6.823951939949194e-17, -3.380371318480774e-18], [0.992543291775448, 6.123233995736765e-17, -0.12189263288467352, -0.003161689325854939], [0.0, 0.0, 0.0, 1.0]], [0.11562169889605416, 0.0477418763575839, 0.060034757152210017]], "radius": 0.0588230075285321, "volume": 5.8319079726153036e-05, "num_verts": 2065, "num_faces": 3994, "num_hulls": 0}