{"bbox": [[-0.023534518204458753, -0.023534518204458753, -0.054129355870257884], [0.023534518204458753, -0.023534518204458753, -0.054129355870257884], [0.023534518204458753, 0.023534518204458753, -0.054129355870257884], [-0.023534518204458753, 0.023534518204458753, -0.054129355870257884], [-0.023534518204458753, -0.023534518204458753, 0.054129355870257884], [0.023534518204458753, -0.023534518204458753, 0.054129355870257884], [0.023534518204458753, 0.023534518204458753, 0.054129355870257884], [-0.023534518204458753, 0.023534518204458753, 0.054129355870257884]], "aabb": [[-0.023534517735242844, -0.023534517735242844, -0.054129354655742645], [0.023534517735242844, 0.023534517735242844, 0.054129354655742645]], "obb": [[[-0.3164162064330448, 0.9486204637822868, 5.808625072883276e-17, -3.291188376630279e-18], [0.9486204637822867, 0.3164162064330448, 1.9374904720328822e-17, -1.0977892429578529e-18], [-0.0, 6.123233995736766e-17, -1.0, -2.1244235522607673e-34], [0.0, 0.0, 0.0, 1.0]], [0.05931007703630743, 0.05931007703630742, 0.10825871174051577]], "radius": 0.058726596653520244, "volume": 0.00015618499062604218, "num_verts": 487, "num_faces": 966, "num_hulls": 0}