{"bbox": [[-0.07105005169396524, -0.10150005241994983, -0.1167252027829457], [0.07105005169396524, -0.10150005241994983, -0.1167252027829457], [0.07105005169396524, 0.1014958524198497, -0.1167252027829457], [-0.07105005169396524, 0.1014958524198497, -0.1167252027829457], [-0.07105005169396524, -0.10150005241994983, 0.1167252027829457], [0.07105005169396524, -0.10150005241994983, 0.1167252027829457], [0.07105005169396524, 0.1014958524198497, 0.1167252027829457], [-0.07105005169396524, 0.1014958524198497, 0.1167252027829457]], "aabb": [[-0.07105005532503128, -0.10150004923343658, -0.11672520637512207], [0.07105005532503128, 0.10149585455656052, 0.11672520637512207]], "obb": [[[0.9997511895308393, -0.022305963035792756, 5.51789597365753e-05, -0.0010905108158109989], [-0.022305966079283764, -0.9997511894634143, 5.517026277501543e-05, 0.0007291624769970297], [5.393460478786054e-05, -5.638735584022488e-05, -0.9999999969557622, 1.5897856239180315e-06], [0.0, 0.0, 0.0, 1.0]], [0.14651033110350323, 0.20613212616918597, 0.23347244968530845]], "radius": 0.14761812799823626, "volume": 0.0025607589595940615, "num_verts": 3642, "num_faces": 7200, "num_hulls": 0}