{"bbox": [[-0.10755575179414736, -0.04910147625385466, -0.04910147625385466], [0.10755431179425722, -0.04910147625385466, -0.04910147625385466], [0.10755431179425722, 0.04910147625385466, -0.04910147625385466], [-0.10755575179414736, 0.04910147625385466, -0.04910147625385466], [-0.10755575179414736, -0.04910147625385466, 0.04910147625385466], [0.10755431179425722, -0.04910147625385466, 0.04910147625385466], [0.10755431179425722, 0.04910147625385466, 0.04910147625385466], [-0.10755575179414736, 0.04910147625385466, 0.04910147625385466]], "aabb": [[-0.10755575448274612, -0.04910147562623024, -0.04910147562623024], [0.10755430907011032, 0.04910147562623024, 0.04910147562623024]], "obb": [[[5.4768176415628554e-17, 2.7383321726211944e-17, -1.0, -7.199999450813177e-07], [0.44720358139632227, -0.8944321979816596, -0.0, -3.2855882018638793e-39], [-0.8944321979816595, -0.44720358139632227, -6.123233995736766e-17, -4.4087281406505287e-23], [0.0, 0.0, 0.0, 1.0]], [0.21511006358840457, 0.12905543547113396, 0.12905540490481973]], "radius": 0.11741978534981198, "volume": 0.0013578538021656403, "num_verts": 1104, "num_faces": 2196, "num_hulls": 0}