{"bbox": [[-0.05787330000000001, -0.0593677, -0.06827290000000001], [0.05787330000000001, -0.0593677, -0.06827290000000001], [0.05787330000000001, 0.0593677, -0.06827290000000001], [-0.05787330000000001, 0.0593677, -0.06827290000000001], [-0.05787330000000001, -0.0593677, 0.0682662], [0.05787330000000001, -0.0593677, 0.0682662], [0.05787330000000001, 0.0593677, 0.0682662], [-0.05787330000000001, 0.0593677, 0.0682662]], "aabb": [[-0.05787330120801926, -0.05936770141124725, -0.0682729035615921], [0.05787330120801926, 0.05936770141124725, 0.06826619803905487]], "obb": [[[-0.7173228685614421, -0.14560045239330482, 0.6813577698255516, 1.5378796900538546e-07], [0.6658928148195452, 0.1444992640764181, 0.7319198875922667, -1.5875571287299605e-07], [-0.20502356306163255, 0.9787341165731572, -0.006698331529136588, -3.303683354077789e-06], [0.0, 0.0, 0.0, 1.0]], [0.15873406040034488, 0.16249164749229789, 0.14957595424785727]], "radius": 0.09769327746273027, "volume": 0.0006041081082755822, "num_verts": 758, "num_faces": 1508, "num_hulls": 0}