{"bbox": [[-0.0647274, -0.0414917, -0.0759302], [0.0647274, -0.0414917, -0.0759302], [0.0647274, 0.0414919, -0.0759302], [-0.0647274, 0.0414919, -0.0759302], [-0.0647274, -0.0414917, 0.0763412], [0.0647274, -0.0414917, 0.0763412], [0.0647274, 0.0414919, 0.0763412], [-0.0647274, 0.0414919, 0.0763412]], "aabb": [[-0.06472740322351456, -0.04149169847369194, -0.07593020051717758], [0.06472740322351456, 0.04149189963936806, 0.07634119689464569]], "obb": [[[-6.063404553220043e-17, 0.9999993562041218, -0.0011347208211606855, 2.068837066320068e-05], [0.9909923841036975, -0.00015195981375193198, -0.13391815245396968, -0.0018475025469312236], [-0.13391823866997973, -0.0011244996918541414, -0.9909917461068852, 0.0004355817760107571], [0.0, 0.0, 0.0, 1.0]], [0.1296518765937485, 0.0967749407028306, 0.17048726230422145]], "radius": 0.09747433685463061, "volume": 0.0004926676296702947, "num_verts": 1183, "num_faces": 2310, "num_hulls": 0}