{"bbox": [[-0.022306918298117196, -0.04461377659623897, -0.03564041728085195], [0.022064458316615423, -0.04461377659623897, -0.03564041728085195], [0.022064458316615423, 0.04461377659623897, -0.03564041728085195], [-0.022306918298117196, 0.04461377659623897, -0.03564041728085195], [-0.022306918298117196, -0.04461377659623897, 0.035885037262188925], [0.022064458316615423, -0.04461377659623897, 0.035885037262188925], [0.022064458316615423, 0.04461377659623897, 0.035885037262188925], [-0.022306918298117196, 0.04461377659623897, 0.035885037262188925]], "aabb": [[-0.02230691909790039, -0.04461377486586571, -0.0356404185295105], [0.022064458578824997, 0.04461377486586571, 0.0358850359916687]], "obb": [[[-0.9999999667258778, -0.00022435952444893937, -0.00012732260987249273, -0.00012641479108208692], [-0.00011422263796864824, -0.05745100238729745, 0.9983483206165491, -0.0004393688883976037], [-0.00023130376601166768, 0.9983483019405093, 0.05745097484872904, 0.0013392948861910242], [0.0, 0.0, 0.0, 1.0]], [0.04440428571114528, 0.09617707134139851, 0.0740248535340682]], "radius": 0.05855276560206216, "volume": 0.00019694876179868242, "num_verts": 1177, "num_faces": 2306, "num_hulls": 0}