{"bbox": [[-0.051908696039680784, -0.014669878880777063, -0.027647037890698403], [0.0517676360504428, -0.014669878880777063, -0.027647037890698403], [0.0517676360504428, 0.014669638880795373, -0.027647037890698403], [-0.051908696039680784, 0.014669638880795373, -0.027647037890698403], [-0.051908696039680784, -0.014669878880777063, 0.027505977901460425], [0.0517676360504428, -0.014669878880777063, 0.027505977901460425], [0.0517676360504428, 0.014669638880795373, 0.027505977901460425], [-0.051908696039680784, 0.014669638880795373, 0.027505977901460425]], "aabb": [[-0.051908694207668304, -0.014669879339635372, -0.02764703705906868], [0.051767636090517044, 0.014669639058411121, 0.02750597707927227]], "obb": [[[-9.34064232133253e-16, -0.016841765767155834, -0.9998581674046795, 0.00024587414456360586], [-0.9980030190276686, -0.06315728204398968, 0.0010638310365929191, 5.996137112726779e-05], [-0.06316624107589813, 0.9978614696693424, -0.016808133081378303, -0.0006666764473257905], [0.0, 0.0, 0.0, 1.0]], [0.10487664651652916, 0.03288779606896399, 0.05808149705090387]], "radius": 0.05855564628583456, "volume": 3.24962976178555e-05, "num_verts": 2334, "num_faces": 4616, "num_hulls": 0}