{"bbox": [[-0.02924096, -0.07270728, -0.00948352], [0.02924096, -0.07270728, -0.00948352], [0.02924096, 0.07270728, -0.00948352], [-0.02924096, 0.07270728, -0.00948352], [-0.02924096, -0.07270728, 0.00948352], [0.02924096, -0.07270728, 0.00948352], [0.02924096, 0.07270728, 0.00948352], [-0.02924096, 0.07270728, 0.00948352]], "aabb": [[-0.029240960255265236, -0.07270728051662445, -0.009483519941568375], [0.029240960255265236, 0.07270728051662445, 0.009483519941568375]], "obb": [[[-2.1556802785348604e-18, 1.0, -1.3010747479945813e-17, 3.7118620698305625e-21], [-0.035204930597715664, -1.3078572878255036e-17, -0.9993801143016654, -5.0607064595279805e-06], [-0.9993801143016656, -1.6963015411041184e-18, 0.035204930597715664, 0.002227227174254545], [0.0, 0.0, 0.0, 1.0]], [0.05848192, 0.14617378722339205, 0.023902696785374218]], "radius": 0.07832909464321865, "volume": 0.0001327293100704714, "num_verts": 145, "num_faces": 286, "num_hulls": 0}