{"bbox": [[-0.019739698493980523, -0.019739698493980523, -0.05545199576934847], [0.01989035848248608, -0.019739698493980523, -0.05545199576934847], [0.01989035848248608, 0.019739698493980523, -0.05545199576934847], [-0.019739698493980523, 0.019739698493980523, -0.05545199576934847], [-0.019739698493980523, -0.019739698493980523, 0.05529437578137392], [0.01989035848248608, -0.019739698493980523, 0.05529437578137392], [0.01989035848248608, 0.019739698493980523, 0.05529437578137392], [-0.019739698493980523, 0.019739698493980523, 0.05529437578137392]], "aabb": [[-0.019739698618650436, -0.019739698618650436, -0.05545199662446976], [0.019890358671545982, 0.019739698618650436, 0.055294375866651535]], "obb": [[[0.8944106557836345, 0.4472029268429913, 0.006254681746573745, -0.00010366418853996354], [0.44723266062087313, -0.8944058536859809, -0.004595232989367258, 7.498347907003933e-05], [0.0035392223247079063, 0.006907323310355546, -0.9999698809414324, -0.00015486052471921322], [0.0, 0.0, 0.0, 1.0]], [0.053249105497762315, 0.05318532524031818, 0.11129894610850692]], "radius": 0.058750619582974874, "volume": 2.2876215691222494e-05, "num_verts": 980, "num_faces": 1944, "num_hulls": 0}