{"bbox": [[-0.06864912000000001, -0.04924536, -0.06715672], [0.06864632000000001, -0.04924536, -0.06715672], [0.06864632000000001, 0.04924824, -0.06715672], [-0.06864912000000001, 0.04924824, -0.06715672], [-0.06864912000000001, -0.04924536, 0.06715672], [0.06864632000000001, -0.04924536, 0.06715672], [0.06864632000000001, 0.04924824, 0.06715672], [-0.06864912000000001, 0.04924824, 0.06715672]], "aabb": [[-0.06864912062883377, -0.04924536123871803, -0.06715671718120575], [0.06864631921052933, 0.049248240888118744, 0.06715671718120575]], "obb": [[[-0.6201249118506584, 0.779546821069168, 0.08804457656873492, 0.0029554900561387892], [0.7844370412142366, 0.6176115244287078, 0.05669685409175437, 0.004142685482873452], [-0.01017949278044687, 0.10422455878439754, -0.9945016939517652, -0.0005594424054817077], [0.0, 0.0, 0.0, 1.0]], [0.15206111998894503, 0.14472007625008623, 0.14628523556593673]], "radius": 0.07867570311855888, "volume": 0.0001564571546240192, "num_verts": 3673, "num_faces": 7242, "num_hulls": 0}