{"bbox": [[-0.0358989008558965, -0.1435954534235824, -0.0358989008558965], [0.0358989008558965, -0.1435954534235824, -0.0358989008558965], [0.0358989008558965, 0.1435954534235824, -0.0358989008558965], [-0.0358989008558965, 0.1435954534235824, -0.0358989008558965], [-0.0358989008558965, -0.1435954534235824, 0.0358989008558965], [0.0358989008558965, -0.1435954534235824, 0.0358989008558965], [0.0358989008558965, 0.1435954534235824, 0.0358989008558965], [-0.0358989008558965, 0.1435954534235824, 0.0358989008558965]], "aabb": [[-0.035898901522159576, -0.14359545707702637, -0.035898901522159576], [0.035898901522159576, 0.14359545707702637, 0.035898901522159576]], "obb": [[[0.9284808770706905, -0.37138021071947463, 6.123233995736766e-17, 5.153935760386289e-18], [-3.41125773924937e-17, 7.959353602492113e-17, 1.0, -1.1045822038274912e-33], [-0.37138021071947463, -0.9284808770706905, 6.123233995736766e-17, 1.2885260595600502e-17], [0.0, 0.0, 0.0, 1.0]], [0.09190737919808976, 0.2871909068471648, 0.09190737919808976]], "radius": 0.14698952884171287, "volume": 0.001039041023363163, "num_verts": 451, "num_faces": 898, "num_hulls": 0}