{"bbox": [[-0.02507225808713851, -0.03551897729011709, -0.04805513633368406], [0.02507225808713851, -0.03551897729011709, -0.04805513633368406], [0.02507225808713851, 0.03525785731003896, -0.04805513633368406], [-0.02507225808713851, 0.03525785731003896, -0.04805513633368406], [-0.02507225808713851, -0.03551897729011709, 0.04805513633368406], [0.02507225808713851, -0.03551897729011709, 0.04805513633368406], [0.02507225808713851, 0.03525785731003896, 0.04805513633368406], [-0.02507225808713851, 0.03525785731003896, 0.04805513633368406]], "aabb": [[-0.025072257965803146, -0.03551897779107094, -0.04805513471364975], [0.025072257965803146, 0.03525785729289055, 0.04805513471364975]], "obb": [[[0.8603516173394302, 0.5097009854232448, 5.268134271579908e-17, 0.0031077773199995723], [-0.5097009854232448, 0.8603516173394302, -3.121018401604143e-17, -0.004157532342472068], [-6.123233995736766e-17, 0.0, 1.0, -2.93479231540482e-19], [0.0, 0.0, 0.0, 1.0]], [0.07719594793222763, 0.08147247421586935, 0.09611027266736812]], "radius": 0.05879184240756722, "volume": 0.00018485995304919463, "num_verts": 544, "num_faces": 1080, "num_hulls": 0}