{"bbox": [[-0.0563178, -0.0321827, -0.0925253], [0.0563178, -0.0321827, -0.0925253], [0.0563178, 0.0321827, -0.0925253], [-0.0563178, 0.0321827, -0.0925253], [-0.0563178, -0.0321827, 0.0925253], [0.0563178, -0.0321827, 0.0925253], [0.0563178, 0.0321827, 0.0925253], [-0.0563178, 0.0321827, 0.0925253]], "aabb": [[-0.05631779879331589, -0.03218270093202591, -0.09252530336380005], [0.05631779879331589, 0.03218270093202591, 0.09252530336380005]], "obb": [[[-0.44579502503674734, -0.8948402186689536, 0.022973434766821295, -0.0010181385675351825], [-0.8936221982960485, 0.44638649852969525, 0.046673982505635515, 0.0029651839858800553], [-0.05202078781625552, 0.0002774579209267748, -0.9986459636187784, -2.4450955134848425e-05], [0.0, 0.0, 0.0, 1.0]], [0.12591079241780462, 0.1106575436459796, 0.18963348901186275]], "radius": 0.09882536899751046, "volume": 0.0003626008116684252, "num_verts": 1991, "num_faces": 3938, "num_hulls": 0}