{"bbox": [[-0.0538484, -0.03347424, -0.06694848], [0.05384984, -0.03347424, -0.06694848], [0.05384984, 0.0334712, -0.06694848], [-0.0538484, 0.0334712, -0.06694848], [-0.0538484, -0.03347424, 0.06694848], [0.05384984, -0.03347424, 0.06694848], [0.05384984, 0.0334712, 0.06694848], [-0.0538484, 0.0334712, 0.06694848]], "aabb": [[-0.053848400712013245, -0.03347424045205116, -0.06694848090410233], [0.05384983867406845, 0.03347120061516762, 0.06694848090410233]], "obb": [[[0.4206532835925171, 0.7937630030666334, 0.439307534610406, 0.002940954200303905], [-0.8564974825568055, 0.5071157926533167, -0.09615422619652816, -0.003361310565867128], [-0.299103455975835, -0.33581820648118227, 0.8931759372145411, 0.002171605683837138], [0.0, 0.0, 0.0, 1.0]], [0.1434980610864739, 0.09961990952590577, 0.15468031926357423]], "radius": 0.0781961135342774, "volume": 8.242670395033326e-05, "num_verts": 2126, "num_faces": 4176, "num_hulls": 0}