{"bbox": [[-0.12615315300772556, -0.08158815194521313, -0.01096984526154149], [0.12546750299137838, -0.08158815194521313, -0.01096984526154149], [0.12546750299137838, 0.08158815194521313, -0.01096984526154149], [-0.12615315300772556, 0.08158815194521313, -0.01096984526154149], [-0.12615315300772556, -0.08158815194521313, 0.01096984526154149], [0.12546750299137838, -0.08158815194521313, 0.01096984526154149], [0.12546750299137838, 0.08158815194521313, 0.01096984526154149], [-0.12615315300772556, 0.08158815194521313, 0.01096984526154149]], "aabb": [[-0.1261531561613083, -0.08158814907073975, -0.010969845578074455], [0.12546750903129578, 0.08158814907073975, 0.010969845578074455]], "obb": [[[-0.0015894163506899315, -0.0015991658801677872, -0.9999974582088456, -0.00044837544461291966], [4.0597762454129204e-17, 0.9999987213301961, -0.001599167900113488, -2.9035117994986495e-06], [0.9999987368770343, -2.541743607979459e-06, -0.0015894143183512383, 0.0001801823098179042], [0.0, 0.0, 0.0, 1.0]], [0.2518981674807703, 0.1639554249153893, 0.02235302335041913]], "radius": 0.14797936507162407, "volume": 0.0006750946456209246, "num_verts": 156, "num_faces": 300, "num_hulls": 0}