{"bbox": [[-0.03029312, -0.04183336, -0.06635632], [0.03029312, -0.04183336, -0.06635632], [0.03029312, 0.04183336, -0.06635632], [-0.03029312, 0.04183336, -0.06635632], [-0.03029312, -0.04183336, 0.06635632], [0.03029312, -0.04183336, 0.06635632], [0.03029312, 0.04183336, 0.06635632], [-0.03029312, 0.04183336, 0.06635632]], "aabb": [[-0.030293120071291924, -0.041833359748125076, -0.06635632365942001], [0.030293120071291924, 0.041833359748125076, 0.06635632365942001]], "obb": [[[3.0677032349267754e-17, 1.0, 5.299357643051301e-17, -1.6107368899499712e-20], [0.8654507808685606, 0.0, -0.500993957941609, 0.00026630397849254894], [-0.500993957941609, 6.123233995736766e-17, -0.8654507808685606, 0.0002630532968479449], [0.0, 0.0, 0.0, 1.0]], [0.06058624000000001, 0.08770757964111454, 0.13616914773250982]], "radius": 0.07904048149978844, "volume": 0.0001317829148262042, "num_verts": 295, "num_faces": 586, "num_hulls": 0}