{"bbox": [[-0.05843105554206424, -0.055890595735885944, -0.013972678933969198], [0.05843105554206424, -0.055890595735885944, -0.013972678933969198], [0.05843105554206424, 0.055890595735885944, -0.013972678933969198], [-0.05843105554206424, 0.055890595735885944, -0.013972678933969198], [-0.05843105554206424, -0.055890595735885944, 0.013971958934024128], [0.05843105554206424, -0.055890595735885944, 0.013971958934024128], [0.05843105554206424, 0.055890595735885944, 0.013971958934024128], [-0.05843105554206424, 0.055890595735885944, 0.013971958934024128]], "aabb": [[-0.05843105539679527, -0.05589059740304947, -0.013972679153084755], [0.05843105539679527, 0.05589059740304947, 0.013971959240734577]], "obb": [[[-0.12758918110788078, 1.5391358587740057e-16, 0.9918271023037334, 0.0004015007662184075], [0.04832575069976478, 0.9988122821979674, 0.006216651010932209, -0.00015207398290568644], [-0.990649091597789, 0.04872396669491864, -0.12743764116613224, -0.0032344134880742054], [0.0, 0.0, 0.0, 1.0]], [0.11812949026009763, 0.113431115208557, 0.04470236187332199]], "radius": 0.05915520393256161, "volume": 6.188568195416574e-05, "num_verts": 2189, "num_faces": 4246, "num_hulls": 0}