{"bbox": [[-0.07797568, -0.07797568, -0.03749648], [0.07797568, -0.07797568, -0.03749648], [0.07797568, 0.07797568, -0.03749648], [-0.07797568, 0.07797568, -0.03749648], [-0.07797568, -0.07797568, 0.03749648], [0.07797568, -0.07797568, 0.03749648], [0.07797568, 0.07797568, 0.03749648], [-0.07797568, 0.07797568, 0.03749648]], "aabb": [[-0.07797568291425705, -0.07797568291425705, -0.03749648109078407], [0.07797568291425705, 0.07797568291425705, 0.03749648109078407]], "obb": [[[9.022976836282259e-17, 5.393096144632653e-17, -1.0, -4.543863659479806e-21], [-0.4735639439166309, -0.8807594399279102, -9.02297683628226e-17, 0.0002650781118162898], [-0.8807594399279102, 0.473563943916631, -5.393096144632653e-17, -0.0003592384123735673], [0.0, 0.0, 0.0, 1.0]], [0.15595136000000004, 0.1566500091325033, 0.13139264317586516]], "radius": 0.0790606872498259, "volume": 0.00024590699417675047, "num_verts": 1557, "num_faces": 3102, "num_hulls": 0}