{"bbox": [[-0.056942335655644556, -0.056942335655644556, -0.024757558111148215], [0.056942335655644556, -0.056942335655644556, -0.024757558111148215], [0.056942335655644556, 0.056942335655644556, -0.024757558111148215], [-0.056942335655644556, 0.056942335655644556, -0.024757558111148215], [-0.056942335655644556, -0.056942335655644556, 0.024448078134759663], [0.056942335655644556, -0.056942335655644556, 0.024448078134759663], [0.056942335655644556, 0.056942335655644556, 0.024448078134759663], [-0.056942335655644556, 0.056942335655644556, 0.024448078134759663]], "aabb": [[-0.05694233626127243, -0.05694233626127243, -0.02475755847990513], [0.05694233626127243, 0.05694233626127243, 0.024448078125715256]], "obb": [[[-0.06539868308543478, -0.9206410550248759, 0.3848935697740017, 0.0008455043728634613], [0.026189439878271704, 0.38400283554874404, 0.9229604192647628, -0.0003379212170640335], [-0.997515476315808, 0.07044054296502582, -0.001002206185918022, -0.0013430795510201846], [0.0, 0.0, 0.0, 1.0]], [0.14713852455614826, 0.14536650887881086, 0.0593364510562479]], "radius": 0.05952318470296453, "volume": 0.00013936245318740348, "num_verts": 1963, "num_faces": 3806, "num_hulls": 0}