{"bbox": [[-0.07170384, -0.032734320000000004, -0.032734320000000004], [0.07170288000000001, -0.032734320000000004, -0.032734320000000004], [0.07170288000000001, 0.032734320000000004, -0.032734320000000004], [-0.07170384, 0.032734320000000004, -0.032734320000000004], [-0.07170384, -0.032734320000000004, 0.032734320000000004], [0.07170288000000001, -0.032734320000000004, 0.032734320000000004], [0.07170288000000001, 0.032734320000000004, 0.032734320000000004], [-0.07170384, 0.032734320000000004, 0.032734320000000004]], "aabb": [[-0.07170383632183075, -0.03273431956768036, -0.03273431956768036], [0.07170288264751434, 0.03273431956768036, 0.03273431956768036]], "obb": [[[2.738332172621196e-17, 5.4768176415628554e-17, -1.0, -4.799999999971494e-07], [0.8944321979816596, -0.44720358139632255, 0.0, 1.64279410093194e-39], [-0.4472035813963225, -0.8944321979816595, -6.123233995736766e-17, -2.9391523179361924e-23], [0.0, 0.0, 0.0, 1.0]], [0.14340672000000002, 0.08603694316731052, 0.08603696354485489]], "radius": 0.07827986287215379, "volume": 0.0004023271445788844, "num_verts": 1104, "num_faces": 2196, "num_hulls": 0}