{"bbox": [[-0.045553100000000006, -0.045553100000000006, -0.09110610000000001], [0.045553100000000006, -0.045553100000000006, -0.09110610000000001], [0.045553100000000006, 0.045553100000000006, -0.09110610000000001], [-0.045553100000000006, 0.045553100000000006, -0.09110610000000001], [-0.045553100000000006, -0.045553100000000006, 0.09110610000000001], [0.045553100000000006, -0.045553100000000006, 0.09110610000000001], [0.045553100000000006, 0.045553100000000006, 0.09110610000000001], [-0.045553100000000006, 0.045553100000000006, 0.09110610000000001]], "aabb": [[-0.04555309936404228, -0.04555309936404228, -0.0911061018705368], [0.04555309936404228, 0.04555309936404228, 0.0911061018705368]], "obb": [[[-0.9898602868000802, 0.14204440367738158, 8.697711215014995e-18, 9.856310467611205e-19], [0.1420444036773816, 0.9898602868000803, 6.061146159163998e-17, 6.868535509796938e-18], [-0.0, 6.123233995736766e-17, -1.0, 4.2488471045215345e-34], [0.0, 0.0, 0.0, 1.0]], [0.10144126789124687, 0.1014412678912469, 0.18221220000000002]], "radius": 0.09791193496585389, "volume": 0.0007894958945795355, "num_verts": 663, "num_faces": 1314, "num_hulls": 0}