{"bbox": [[-0.09805350000000002, -0.09805350000000002, -0.098051], [0.09805350000000002, -0.09805350000000002, -0.098051], [0.09805350000000002, 0.09805350000000002, -0.098051], [-0.09805350000000002, 0.09805350000000002, -0.098051], [-0.09805350000000002, -0.09805350000000002, 0.09805350000000002], [0.09805350000000002, -0.09805350000000002, 0.09805350000000002], [0.09805350000000002, 0.09805350000000002, 0.09805350000000002], [-0.09805350000000002, 0.09805350000000002, 0.09805350000000002]], "aabb": [[-0.09805350005626678, -0.09805350005626678, -0.09805099666118622], [0.09805350005626678, 0.09805350005626678, 0.09805350005626678]], "obb": [[[0.5634633116915476, -0.5511555432566978, -0.6154158460057787, 4.7026753150266835e-06], [-0.8053759278993676, -0.2004951720263899, -0.557827303701012, -1.2814057401983e-06], [0.18406170470205535, 0.8099563279162172, -0.5568590806753992, 1.725643520155831e-06], [0.0, 0.0, 0.0, 1.0]], [0.30089710480213366, 0.27168340829820137, 0.2700750464403558]], "radius": 0.09805350004125166, "volume": 0.0024648875797183122, "num_verts": 1349, "num_faces": 2634, "num_hulls": 0}