{"bbox": [[-0.023916, -0.07334232, -0.04424456], [0.023916, -0.07334232, -0.04424456], [0.023916, 0.07334232, -0.04424456], [-0.023916, 0.07334232, -0.04424456], [-0.023916, -0.07334232, 0.04424456], [0.023916, -0.07334232, 0.04424456], [0.023916, 0.07334232, 0.04424456], [-0.023916, 0.07334232, 0.04424456]], "aabb": [[-0.023916000500321388, -0.07334232330322266, -0.04424456134438515], [0.023916000500321388, 0.07334232330322266, 0.04424456134438515]], "obb": [[[1.0, 3.851270891944416e-18, 6.135357479323138e-17, 6.110122687338617e-20], [6.098987028564023e-17, 0.06289602675033848, -0.9980200848775643, -0.00130860244245492], [-7.702541783888832e-18, 0.9980200848775643, 0.06289602675033848, -0.0024291028692044326], [0.0, 0.0, 0.0, 1.0]], [0.047832000000000006, 0.15286510711757562, 0.0959262334571721]], "radius": 0.0787567178041137, "volume": 0.00025457210241735753, "num_verts": 1881, "num_faces": 3702, "num_hulls": 0}