{"bbox": [[-0.04915265624994993, -0.04915265624994993, -0.038467317065176615], [0.04915265624994993, -0.04915265624994993, -0.038467317065176615], [0.04915265624994993, 0.04915265624994993, -0.038467317065176615], [-0.04915265624994993, 0.04915265624994993, -0.038467317065176615], [-0.04915265624994993, -0.04915265624994993, 0.03793301710594047], [0.04915265624994993, -0.04915265624994993, 0.03793301710594047], [0.04915265624994993, 0.04915265624994993, 0.03793301710594047], [-0.04915265624994993, 0.04915265624994993, 0.03793301710594047]], "aabb": [[-0.04915265738964081, -0.04915265738964081, -0.03846731781959534], [0.04915265738964081, 0.04915265738964081, 0.03793301805853844]], "obb": [[[3.7533350836199384e-06, -9.191089530930247e-07, 0.999999999992534, 2.5445920521928152e-08], [0.23767035231264272, 0.971345872298629, 7.162161082775531e-10, 0.0016123060720540604], [-0.9713458722913775, 0.23767035231086553, 3.86423148952318e-06, -0.004448427626765994], [0.0, 0.0, 0.0, 1.0]], [0.0983056857630161, 0.1107112799017829, 0.09230817715502383]], "radius": 0.058663902254710784, "volume": 0.00032567768444672, "num_verts": 3211, "num_faces": 6206, "num_hulls": 0}