{"bbox": [[-0.05106149610431701, -0.021923158327395758, -0.032190957544024845], [0.05105831610455962, -0.021923158327395758, -0.032190957544024845], [0.05105831610455962, 0.021923158327395758, -0.032190957544024845], [-0.05106149610431701, 0.021923158327395758, -0.032190957544024845], [-0.05106149610431701, -0.021923158327395758, 0.03218855754420795], [0.05105831610455962, -0.021923158327395758, 0.03218855754420795], [0.05105831610455962, 0.021923158327395758, 0.03218855754420795], [-0.05106149610431701, 0.021923158327395758, 0.03218855754420795]], "aabb": [[-0.05106149613857269, -0.021923158317804337, -0.0321909561753273], [0.051058314740657806, 0.021923158317804337, 0.03218855708837509]], "obb": [[[-5.792739629103378e-18, 6.095771997248633e-17, -1.0, -1.5899998786969684e-06], [0.9955151152957321, 0.09460261739362745, 0.0, 0.002513940728653017], [0.09460261739362744, -0.9955151152957321, -6.123233995736766e-17, 0.00018500684216639991], [0.0, 0.0, 0.0, 1.0]], [0.10211981220887663, 0.04975806253520577, 0.06805910934820696]], "radius": 0.05912334182764702, "volume": 7.168274780509688e-05, "num_verts": 2425, "num_faces": 4758, "num_hulls": 0}