{"bbox": [[-0.04417793662949092, -0.04417793662949092, -0.03649481721566641], [0.044170676630044814, -0.04417793662949092, -0.03649481721566641], [0.044170676630044814, 0.04417793662949092, -0.03649481721566641], [-0.04417793662949092, 0.04417793662949092, -0.03649481721566641], [-0.04417793662949092, -0.04417793662949092, 0.03649481721566641], [0.044170676630044814, -0.04417793662949092, 0.03649481721566641], [0.044170676630044814, 0.04417793662949092, 0.03649481721566641], [-0.04417793662949092, 0.04417793662949092, 0.03649481721566641]], "aabb": [[-0.044177938252687454, -0.044177938252687454, -0.036494817584753036], [0.04417067766189575, 0.044177938252687454, 0.036494817584753036]], "obb": [[[0.6120772760782026, 0.7070972111604781, 0.3540832417352759, -7.248072681219497e-07], [-0.6120467577612769, 0.7071163508086749, -0.3540977728437895, -2.4551663174646424e-06], [-0.5007595974343342, 1.9700185906685944e-05, 0.865586405386144, -1.255175196433099e-06], [0.0, 0.0, 0.0, 1.0]], [0.10854052122854886, 0.10854233451129812, 0.0888238416084659]], "radius": 0.05869388469698486, "volume": 0.0001384602632568152, "num_verts": 444, "num_faces": 880, "num_hulls": 0}