{"bbox": [[-0.046550276448495756, -0.046550276448495756, -0.11270063140162419], [0.046550276448495756, -0.046550276448495756, -0.11270063140162419], [0.046550276448495756, 0.046550276448495756, -0.11270063140162419], [-0.046550276448495756, 0.046550276448495756, -0.11270063140162419], [-0.046550276448495756, -0.046550276448495756, 0.11269835140179814], [0.046550276448495756, -0.046550276448495756, 0.11269835140179814], [0.046550276448495756, 0.046550276448495756, 0.11269835140179814], [-0.046550276448495756, 0.046550276448495756, 0.11269835140179814]], "aabb": [[-0.04655027762055397, -0.04655027762055397, -0.11270063370466232], [0.04655027762055397, 0.04655027762055397, 0.11269835382699966]], "obb": [[[-0.9364308566755305, 0.35085217779847433, -5.733985256252512e-17, -2.4501496207618907e-05], [-0.3508521777984744, -0.9364308566755304, -2.1483499825738982e-17, -9.269569387251902e-06], [-6.123233995736766e-17, 0.0, 1.0, -1.1399999130246047e-06], [0.0, 0.0, 0.0, 1.0]], [0.1184667232549608, 0.11894489325414619, 0.22539898280342233]], "radius": 0.11742146637828571, "volume": 0.0005198344006448074, "num_verts": 2313, "num_faces": 4498, "num_hulls": 0}