{"bbox": [[-0.08239775371355029, -0.1060222719111426, -0.02996207771407488], [0.08239775371355029, -0.1060222719111426, -0.02996207771407488], [0.08239775371355029, 0.1060222719111426, -0.02996207771407488], [-0.08239775371355029, 0.1060222719111426, -0.02996207771407488], [-0.08239775371355029, -0.1060222719111426, 0.02996075771417559], [0.08239775371355029, -0.1060222719111426, 0.02996075771417559], [0.08239775371355029, 0.1060222719111426, 0.02996075771417559], [-0.08239775371355029, 0.1060222719111426, 0.02996075771417559]], "aabb": [[-0.08239775151014328, -0.10602226853370667, -0.029962077736854553], [0.08239775151014328, 0.10602226853370667, 0.02996075712144375]], "obb": [[[-0.011540600501663117, 0.9999334050525274, 3.455311457882238e-07, -0.00011482929141387156], [0.1608731905404211, 0.0018570379228258467, -0.986973337013467, 0.0016957854639766715], [-0.986907610217596, -0.011390209401567885, -0.16088390853153106, -0.0023356149035077597], [0.0, 0.0, 0.0, 1.0]], [0.16538438138166647, 0.21799759890795226, 0.08855907855396628]], "radius": 0.1175574847592766, "volume": 0.0003658441886063696, "num_verts": 1553, "num_faces": 3050, "num_hulls": 0}