{"bbox": [[-0.0670536, -0.04067184, -0.02931304], [0.06742008000000001, -0.04067184, -0.02931304], [0.06742008000000001, 0.04067184, -0.02931304], [-0.0670536, 0.04067184, -0.02931304], [-0.0670536, -0.04067184, 0.028946640000000003], [0.06742008000000001, -0.04067184, 0.028946640000000003], [0.06742008000000001, 0.04067184, 0.028946640000000003], [-0.0670536, 0.04067184, 0.028946640000000003]], "aabb": [[-0.06705360114574432, -0.04067184031009674, -0.029313040897250175], [0.06742008030414581, 0.04067184031009674, 0.028946639969944954]], "obb": [[[-0.05311650702640111, 1.2229179921091255e-16, 0.9985883219231607, -0.0003440465137524296], [-7.692844605228866e-34, 1.0, -1.224646799147353e-16, 6.961765996088686e-18], [-0.9985883219231609, -6.504896031177002e-18, -0.05311650702640111, -0.0029519265035960586], [0.0, 0.0, 0.0, 1.0]], [0.13939701654413894, 0.08134368000000002, 0.06383395564752686]], "radius": 0.07776969696763901, "volume": 0.0002449020428954943, "num_verts": 1770, "num_faces": 3408, "num_hulls": 0}