{"bbox": [[-0.09805040000000001, -0.00639459, -0.09805040000000001], [0.09805040000000001, -0.00639459, -0.09805040000000001], [0.09805040000000001, 0.00639459, -0.09805040000000001], [-0.09805040000000001, 0.00639459, -0.09805040000000001], [-0.09805040000000001, -0.00639459, 0.09805040000000001], [0.09805040000000001, -0.00639459, 0.09805040000000001], [0.09805040000000001, 0.00639459, 0.09805040000000001], [-0.09805040000000001, 0.00639459, 0.09805040000000001]], "aabb": [[-0.09805040061473846, -0.00639458978548646, -0.09805040061473846], [0.09805040061473846, 0.00639458978548646, 0.09805040061473846]], "obb": [[[-1.1256198235616264e-16, 0.3939349130049049, -0.919138337964323, 2.2448662488247795e-06], [-1.0, -0.0, 1.2246467991473532e-16, -8.676101820984356e-19], [4.824311302838479e-17, 0.919138337964323, 0.3939349130049049, 8.793970359197773e-08], [0.0, 0.0, 0.0, 1.0]], [0.2576378645623836, 0.012789180000000025, 0.2574189720338287]], "radius": 0.09898779827054287, "volume": 0.00025868163015939724, "num_verts": 1540, "num_faces": 2984, "num_hulls": 0}