{"bbox": [[-0.14509815345940955, -0.13637640325146683, -0.022200750529307138], [0.14588685347821362, -0.13637640325146683, -0.022200750529307138], [0.14588685347821362, 0.13637640325146683, -0.022200750529307138], [-0.14509815345940955, 0.13637640325146683, -0.022200750529307138], [-0.14509815345940955, -0.13637640325146683, 0.022200750529307138], [0.14588685347821362, -0.13637640325146683, 0.022200750529307138], [0.14588685347821362, 0.13637640325146683, 0.022200750529307138], [-0.14509815345940955, 0.13637640325146683, 0.022200750529307138]], "aabb": [[-0.14509814977645874, -0.13637639582157135, -0.022200750187039375], [0.1458868533372879, 0.13637639582157135, 0.022200750187039375]], "obb": [[[2.7666312598342257e-17, -0.8959599753384603, -0.4441348022746085, 0.0014950695611740566], [-8.205713899789644e-17, 0.4441348022746085, -0.8959599753384604, -0.004724211494090719], [1.0, 6.123233995736765e-17, -6.123233995736766e-17, -4.290183410617699e-19], [0.0, 0.0, 0.0, 1.0]], [0.3738566855599662, 0.37690527956410047, 0.04440150105861432]], "radius": 0.14693403213030679, "volume": 0.0018225583606603505, "num_verts": 1646, "num_faces": 3208, "num_hulls": 0}