{"bbox": [[-0.058693039999999995, -0.058693039999999995, -0.06136088], [0.058693039999999995, -0.058693039999999995, -0.06136088], [0.058693039999999995, 0.058693039999999995, -0.06136088], [-0.058693039999999995, 0.058693039999999995, -0.06136088], [-0.058693039999999995, -0.058693039999999995, 0.06136088], [0.058693039999999995, -0.058693039999999995, 0.06136088], [0.058693039999999995, 0.058693039999999995, 0.06136088], [-0.058693039999999995, 0.058693039999999995, 0.06136088]], "aabb": [[-0.058693040162324905, -0.058693040162324905, -0.061360880732536316], [0.058693040162324905, 0.058693040162324905, 0.061360880732536316]], "obb": [[[-0.8944634778338344, -0.44714101410806484, -1.7994802224875543e-05, -2.3648955290390103e-07], [-0.4471410138183825, 0.89446347797861, -1.799660136326173e-05, -1.0612322620575479e-06], [2.414271196766684e-05, -8.051088534280076e-06, -0.9999999996761546, -7.439181224577294e-07], [0.0, 0.0, 0.0, 1.0]], [0.1568696407719104, 0.1568699216490726, 0.12272557250910171]], "radius": 0.0786003397020242, "volume": 0.00040807414570067664, "num_verts": 3389, "num_faces": 6534, "num_hulls": 0}