{"bbox": [[-0.035228637312268274, -0.055877335736897606, -0.035228637312268274], [0.035228637312268274, -0.055877335736897606, -0.035228637312268274], [0.035228637312268274, 0.055879915736700765, -0.035228637312268274], [-0.035228637312268274, 0.055879915736700765, -0.035228637312268274], [-0.035228637312268274, -0.055877335736897606, 0.035228637312268274], [0.035228637312268274, -0.055877335736897606, 0.035228637312268274], [0.035228637312268274, 0.055879915736700765, 0.035228637312268274], [-0.035228637312268274, 0.055879915736700765, 0.035228637312268274]], "aabb": [[-0.03522863611578941, -0.055877335369586945, -0.03522863611578941], [0.03522863611578941, 0.05587991699576378, 0.03522863611578941]], "obb": [[[0.44705838633766903, 0.8855503677129355, 0.12625112058371546, 0.002553280526610533], [-0.027083415031848995, 0.1544764252755761, -0.9876251934131146, 0.0011533213677425024], [-0.894094674984351, 0.43810681377669053, 0.09304370955128649, 0.0018672702896960045], [0.0, 0.0, 0.0, 1.0]], [0.10688700841444702, 0.12184103521231514, 0.10312236727128189]], "radius": 0.05892053548282346, "volume": 0.00022725953313645764, "num_verts": 1783, "num_faces": 3554, "num_hulls": 0}