{"bbox": [[-0.11722427105649787, -0.11722427105649787, -0.010193423222303526], [0.11722427105649787, -0.11722427105649787, -0.010193423222303526], [0.11722427105649787, 0.11722427105649787, -0.010193423222303526], [-0.11722427105649787, 0.11722427105649787, -0.010193423222303526], [-0.11722427105649787, -0.11722427105649787, 0.010193423222303526], [0.11722427105649787, -0.11722427105649787, 0.010193423222303526], [0.11722427105649787, 0.11722427105649787, 0.010193423222303526], [-0.11722427105649787, 0.11722427105649787, 0.010193423222303526]], "aabb": [[-0.11722426861524582, -0.11722426861524582, -0.010193423368036747], [0.11722426861524582, 0.11722426861524582, 0.010193423368036747]], "obb": [[[-3.216060463312345e-17, -0.3939215381792139, -0.9191440701862369, 1.6736926757606316e-34], [-8.040207971776107e-17, 0.9191440701862369, -0.3939215381792138, 4.184261256112764e-34], [1.0, 6.123233995736766e-17, -6.123233995736765e-17, -5.204170427930421e-18], [0.0, 0.0, 0.0, 1.0]], [0.30749523789106614, 0.30749523789106614, 0.02038684644460708]], "radius": 0.1187421519416801, "volume": 0.0007494536544015726, "num_verts": 574, "num_faces": 1144, "num_hulls": 0}