{"bbox": [[-0.04725544, -0.04282528, -0.06792968], [0.04725544, -0.04282528, -0.06792968], [0.04725544, 0.04282528, -0.06792968], [-0.04725544, 0.04282528, -0.06792968], [-0.04725544, -0.04282528, 0.06792968], [0.04725544, -0.04282528, 0.06792968], [0.04725544, 0.04282528, 0.06792968], [-0.04725544, 0.04282528, 0.06792968]], "aabb": [[-0.047255441546440125, -0.042825281620025635, -0.06792967766523361], [0.047255441546440125, 0.042825281620025635, 0.06792967766523361]], "obb": [[[0.8365138313588739, -0.5479458085596275, -2.8761665021509704e-05, -0.004725212352643007], [-0.5479458092157732, -0.8365138310521079, -2.4927839327069513e-05, -6.097744297754544e-05], [-1.0400425518864902e-05, 3.661231619758946e-05, -0.9999999992756847, -2.3633383940865224e-07], [0.0, 0.0, 0.0, 1.0]], [0.11924325449539883, 0.11924309220848761, 0.1358652549394242]], "radius": 0.07884667454160135, "volume": 0.0001990267696726109, "num_verts": 2470, "num_faces": 4740, "num_hulls": 0}