{"bbox": [[-0.0584094, -0.0873873, -0.0398955], [0.0585768, -0.0873873, -0.0398955], [0.0585768, 0.0869153, -0.0398955], [-0.0584094, 0.0869153, -0.0398955], [-0.0584094, -0.0873873, 0.0398955], [0.0585768, -0.0873873, 0.0398955], [0.0585768, 0.0869153, 0.0398955], [-0.0584094, 0.0869153, 0.0398955]], "aabb": [[-0.058409400284290314, -0.08738730102777481, -0.03989550098776817], [0.058576799929142, 0.08691529929637909, 0.03989550098776817]], "obb": [[[-0.730243810620208, 0.5129373624852561, -0.4512640460058249, -0.0006924178119899977], [-0.3222871604485678, 0.3237717841738054, 0.8895520321953685, 0.0023871016015467833], [0.6023910384964879, 0.795026473735045, -0.07111921540303229, 0.00031040269722080983], [0.0, 0.0, 0.0, 1.0]], [0.17368825066309518, 0.216023666438451, 0.11272347660402611]], "radius": 0.09826406037254923, "volume": 0.0005879994399097886, "num_verts": 2408, "num_faces": 4752, "num_hulls": 0}