{"bbox": [[-0.03351521744299183, -0.04817807632430448, -0.03560987728318197], [0.03351521744299183, -0.04817807632430448, -0.03560987728318197], [0.03351521744299183, 0.04817807632430448, -0.03560987728318197], [-0.03351521744299183, 0.04817807632430448, -0.03560987728318197], [-0.03351521744299183, -0.04817807632430448, 0.03560987728318197], [0.03351521744299183, -0.04817807632430448, 0.03560987728318197], [0.03351521744299183, 0.04817807632430448, 0.03560987728318197], [-0.03351521744299183, 0.04817807632430448, 0.03560987728318197]], "aabb": [[-0.033515218645334244, -0.04817807674407959, -0.03560987859964371], [0.033515218645334244, 0.04817807674407959, 0.03560987859964371]], "obb": [[[-0.9298035163374145, -1.3919037336472727e-05, -0.3680562739756518, 0.004132784959867883], [-0.3680562740458269, 2.7770746822522734e-06, 0.9298035164096721, 0.0042215450878398215], [-1.1919850100387969e-05, 0.9999999998992741, -7.705122825056673e-06, 2.95067365184384e-07], [0.0, 0.0, 0.0, 1.0]], [0.0956336740861245, 0.10824874420638225, 0.07122172364396148]], "radius": 0.05901697419125472, "volume": 0.00011548042988353968, "num_verts": 1620, "num_faces": 3172, "num_hulls": 0}