{"bbox": [[-0.0615836, -0.05823664, -0.04283976], [0.06091424, -0.05823664, -0.04283976], [0.06091424, 0.05823664, -0.04283976], [-0.0615836, 0.05823664, -0.04283976], [-0.0615836, -0.05823664, 0.042840800000000005], [0.06091424, -0.05823664, 0.042840800000000005], [0.06091424, 0.05823664, 0.042840800000000005], [-0.0615836, 0.05823664, 0.042840800000000005]], "aabb": [[-0.06158360093832016, -0.05823663994669914, -0.042839761823415756], [0.06091424077749252, 0.05823663994669914, 0.04284080117940903]], "obb": [[[-0.036358622734363674, 0.17490113385964123, -0.9839144494962315, 0.0006695277687957226], [-0.07271670241366196, 0.9814924504324972, 0.1771577007473702, -0.0010335782118396706], [0.9966896867846797, 0.07798822423048044, -0.022967480019217713, -0.0015643342984739154], [0.0, 0.0, 0.0, 1.0]], [0.14651385927165475, 0.1388754611725868, 0.10149911658128322]], "radius": 0.07695580668530219, "volume": 0.0006428894306911257, "num_verts": 2980, "num_faces": 5760, "num_hulls": 0}