{"bbox": [[-0.015172399999999999, -0.07754624, -0.035191520000000004], [0.015172399999999999, -0.07754624, -0.035191520000000004], [0.015172399999999999, 0.07740736000000001, -0.035191520000000004], [-0.015172399999999999, 0.07740736000000001, -0.035191520000000004], [-0.015172399999999999, -0.07754624, 0.035191520000000004], [0.015172399999999999, -0.07754624, 0.035191520000000004], [0.015172399999999999, 0.07740736000000001, 0.035191520000000004], [-0.015172399999999999, 0.07740736000000001, 0.035191520000000004]], "aabb": [[-0.015172399580478668, -0.07754623889923096, -0.03519152104854584], [0.015172399580478668, 0.0774073600769043, 0.03519152104854584]], "obb": [[[0.9966003085560579, -0.012696212750211128, -0.0814041225477671, 0.0010011923342688243], [-0.08233599465274685, -0.18866862986920258, -0.9785831247716367, 0.0010720496817699442], [-0.0029341047209247837, 0.9819587334939688, -0.18907257004760744, 0.0022690414679830905], [0.0, 0.0, 0.0, 1.0]], [0.03340311865428036, 0.15890604076839315, 0.07568846977853053]], "radius": 0.07829951500667166, "volume": 0.00012141882157086693, "num_verts": 990, "num_faces": 1964, "num_hulls": 0}