{"bbox": [[-0.009580919269033868, -0.0489690562639575, -0.031936377563447756], [0.009580919269033868, -0.0489690562639575, -0.031936377563447756], [0.009580919269033868, 0.0489690562639575, -0.031936377563447756], [-0.009580919269033868, 0.0489690562639575, -0.031936377563447756], [-0.009580919269033868, -0.0489690562639575, 0.031936377563447756], [0.009580919269033868, -0.0489690562639575, 0.031936377563447756], [0.009580919269033868, 0.0489690562639575, 0.031936377563447756], [-0.009580919269033868, 0.0489690562639575, 0.031936377563447756]], "aabb": [[-0.00958091951906681, -0.04896905645728111, -0.03193637728691101], [0.00958091951906681, 0.04896905645728111, 0.03193637728691101]], "obb": [[[0.9996698107883537, 0.011489728555909011, -0.022983810303965298, 0.00015891662766042705], [-0.022982292361220444, -0.0002641475194843646, -0.9997358373410004, -3.63030093522982e-06], [-0.011492764515142593, 0.9999339560009949, -1.8365739640689034e-16, -5.27687277530508e-06], [0.0, 0.0, 0.0, 1.0]], [0.02128030444427538, 0.09842167437906196, 0.06414138289057462]], "radius": 0.05835915608336965, "volume": 7.537656423481124e-05, "num_verts": 587, "num_faces": 1126, "num_hulls": 0}