{"bbox": [[-0.07595723420492292, -0.08960807316344657, -0.01168801110827552], [0.07595723420492292, -0.08960807316344657, -0.01168801110827552], [0.07595723420492292, 0.08960807316344657, -0.01168801110827552], [-0.07595723420492292, 0.08960807316344657, -0.01168801110827552], [-0.07595723420492292, -0.08960807316344657, 0.01168801110827552], [0.07595723420492292, -0.08960807316344657, 0.01168801110827552], [0.07595723420492292, 0.08960807316344657, 0.01168801110827552], [-0.07595723420492292, 0.08960807316344657, 0.01168801110827552]], "aabb": [[-0.07595723122358322, -0.0896080732345581, -0.011688010767102242], [0.07595723122358322, 0.0896080732345581, 0.011688010767102242]], "obb": [[[6.11983470349897e-17, 1.0, 2.040043342581791e-18, 1.190838248041877e-19], [0.03331643611859596, -0.0, -0.9994448534483308, 9.729750743813941e-05], [-0.9994448534483309, 6.123233995736766e-17, -0.033316436118595964, -0.001944786445971173], [0.0, 0.0, 0.0, 1.0]], [0.15191446840984585, 0.18032738191586703, 0.027780467303886433]], "radius": 0.1169642936521185, "volume": 0.000411530296205905, "num_verts": 163, "num_faces": 318, "num_hulls": 0}