{"bbox": [[-0.03225195076894643, -0.12900780307578572, -0.09815805234027034], [0.032250300768907086, -0.12900780307578572, -0.09815805234027034], [0.032250300768907086, 0.12900780307578572, -0.09815805234027034], [-0.03225195076894643, 0.12900780307578572, -0.09815805234027034], [-0.03225195076894643, -0.12900780307578572, 0.09815805234027034], [0.032250300768907086, -0.12900780307578572, 0.09815805234027034], [0.032250300768907086, 0.12900780307578572, 0.09815805234027034], [-0.03225195076894643, 0.12900780307578572, 0.09815805234027034]], "aabb": [[-0.03225195035338402, -0.12900780141353607, -0.09815805405378342], [0.0322503000497818, 0.12900780141353607, 0.09815805405378342]], "obb": [[[0.9993756798928106, -0.0351082036588065, -0.003957837115620184, 0.003460999637445685], [-0.031591422221437425, -0.938139970640786, 0.3448120901710557, 0.003966895528398704], [-0.01581873828119311, -0.3444717833465567, -0.9386633890789788, -0.002178891140166183], [0.0, 0.0, 0.0, 1.0]], [0.07264232234175395, 0.27677706758206483, 0.3050519507980422]], "radius": 0.14632777021110843, "volume": 0.0005049588315176987, "num_verts": 2428, "num_faces": 4800, "num_hulls": 0}