{"bbox": [[-0.03001655770991839, -0.030017277709863455, -0.047612096367485326], [0.030016497709922967, -0.030017277709863455, -0.047612096367485326], [0.030016497709922967, 0.03001655770991839, -0.047612096367485326], [-0.03001655770991839, 0.03001655770991839, -0.047612096367485326], [-0.03001655770991839, -0.030017277709863455, 0.047613596367370885], [0.030016497709922967, -0.030017277709863455, 0.047613596367370885], [0.030016497709922967, 0.03001655770991839, 0.047613596367370885], [-0.03001655770991839, 0.03001655770991839, 0.047613596367370885]], "aabb": [[-0.03001655824482441, -0.030017277225852013, -0.04761209711432457], [0.030016498640179634, 0.03001655824482441, 0.04761359468102455]], "obb": [[[-0.9699938211110403, -0.2428438325990012, 0.01178388624485028, -0.003962995039065345], [-0.24282569539536789, 0.9700653960750054, 0.002967994878535778, -0.0011217564235290836], [-0.01215189952885133, 1.7506321403237207e-05, -0.9999261627897179, 0.00026510890387275324], [0.0, 0.0, 0.0, 1.0]], [0.07307434895966651, 0.07284864845676674, 0.09580934186245178]], "radius": 0.0589786610138962, "volume": 5.950417723028552e-05, "num_verts": 2047, "num_faces": 3894, "num_hulls": 0}