{"bbox": [[-0.09317690000000001, -0.09317690000000001, -0.012153500000000001], [0.09317690000000001, -0.09317690000000001, -0.012153500000000001], [0.09317690000000001, 0.09317690000000001, -0.012153500000000001], [-0.09317690000000001, 0.09317690000000001, -0.012153500000000001], [-0.09317690000000001, -0.09317690000000001, 0.012153500000000001], [0.09317690000000001, -0.09317690000000001, 0.012153500000000001], [0.09317690000000001, 0.09317690000000001, 0.012153500000000001], [-0.09317690000000001, 0.09317690000000001, 0.012153500000000001]], "aabb": [[-0.09317690134048462, -0.09317690134048462, -0.012153499759733677], [0.09317690134048462, 0.09317690134048462, 0.012153499759733677]], "obb": [[[-8.659560562354934e-17, -0.7071067811865475, 0.7071067811865476, -0.0005061999999999976], [8.715763992105247e-33, 0.7071067811865476, 0.7071067811865475, 0.0005061999999999977], [-1.0, 6.123233995736766e-17, -6.123233995736765e-17, -5.160335732363781e-18], [0.0, 0.0, 0.0, 1.0]], [0.19814690000000004, 0.19814690000000001, 0.02430700000000002]], "radius": 0.09819019307098648, "volume": 0.00039954759964624, "num_verts": 222, "num_faces": 440, "num_hulls": 0}