{"bbox": [[-0.08331143364384204, -0.08285867367838488, -0.017655118653021343], [0.08285867367838488, -0.08285867367838488, -0.017655118653021343], [0.08285867367838488, 0.08285867367838488, -0.017655118653021343], [-0.08331143364384204, 0.08285867367838488, -0.017655118653021343], [-0.08331143364384204, -0.08285867367838488, 0.01811111861823131], [0.08285867367838488, -0.08285867367838488, 0.01811111861823131], [0.08285867367838488, 0.08285867367838488, 0.01811111861823131], [-0.08331143364384204, 0.08285867367838488, 0.01811111861823131]], "aabb": [[-0.08331143110990524, -0.08285867422819138, -0.01765511929988861], [0.08285867422819138, 0.08285867422819138, 0.01811111904680729]], "obb": [[[0.009899511113327118, 0.0007948370422080344, 0.9999506827408006, -0.00022353979574375854], [-0.07303325769248008, 0.9973295034287024, -6.972432505550256e-05, -1.1460536851788338e-05], [-0.997280373290551, -0.07302896565564955, 0.009931124041368564, 0.0025455874142577364], [0.0, 0.0, 0.0, 1.0]], [0.1666286575505349, 0.1671836821310464, 0.047410186950279064]], "radius": 0.11688971898509506, "volume": 0.0004980485739815502, "num_verts": 277, "num_faces": 546, "num_hulls": 0}