{"bbox": [[-0.03043376, -0.03043376, -0.07566576000000001], [0.03043376, -0.03043376, -0.07566576000000001], [0.03043376, 0.03043376, -0.07566576000000001], [-0.03043376, 0.03043376, -0.07566576000000001], [-0.03043376, -0.03043376, 0.07567304], [0.03043376, -0.03043376, 0.07567304], [0.03043376, 0.03043376, 0.07567304], [-0.03043376, 0.03043376, 0.07567304]], "aabb": [[-0.030433759093284607, -0.030433759093284607, -0.07566575706005096], [0.030433759093284607, 0.030433759093284607, 0.07567303627729416]], "obb": [[[-0.7071067811865476, -0.7071067811865475, -4.329780281177466e-17, 1.576040022348251e-22], [-0.7071067811865475, 0.7071067811865476, 4.329780281177467e-17, -1.5760400223482512e-22], [-0.0, 6.123233995736766e-17, -1.0, 3.6399999999991994e-06], [0.0, 0.0, 0.0, 1.0]], [0.08498560000000001, 0.0849856, 0.1513388]], "radius": 0.07836453889249652, "volume": 0.000129229969945412, "num_verts": 803, "num_faces": 1594, "num_hulls": 0}