{"bbox": [[-0.03912005701537651, -0.023256598225662367, -0.048635696289390844], [0.03911873701547722, -0.023256598225662367, -0.048635696289390844], [0.03911873701547722, 0.023260558225360245, -0.048635696289390844], [-0.03912005701537651, 0.023260558225360245, -0.048635696289390844], [-0.03912005701537651, -0.023256598225662367, 0.048635696289390844], [0.03911873701547722, -0.023256598225662367, 0.048635696289390844], [0.03911873701547722, 0.023260558225360245, 0.048635696289390844], [-0.03912005701537651, 0.023260558225360245, 0.048635696289390844]], "aabb": [[-0.03912005573511124, -0.02325659804046154, -0.04863569512963295], [0.03911873698234558, 0.023260558024048805, 0.04863569512963295]], "obb": [[[-3.8759611470443604e-16, 0.9980578247999672, -0.06229428830605523, -0.0025327266496075686], [0.9980521694065492, -0.0038862186502264424, -0.062263668760230206, -0.0016688522752370922], [-0.062384831031918615, -0.06217294958549548, -0.9961137772347887, 0.0002626654675421358], [0.0, 0.0, 0.0, 1.0]], [0.08427053768586441, 0.050865987178691306, 0.10781835142783766]], "radius": 0.05852250176103098, "volume": 7.347125722742156e-05, "num_verts": 2453, "num_faces": 4798, "num_hulls": 0}