{"bbox": [[-0.025798320000000003, -0.07417016, -0.04353464], [0.025798320000000003, -0.07417016, -0.04353464], [0.025798320000000003, 0.07417016, -0.04353464], [-0.025798320000000003, 0.07417016, -0.04353464], [-0.025798320000000003, -0.07417016, 0.04353464], [0.025798320000000003, -0.07417016, 0.04353464], [0.025798320000000003, 0.07417016, 0.04353464], [-0.025798320000000003, 0.07417016, 0.04353464]], "aabb": [[-0.025798320770263672, -0.07417015731334686, -0.04353464022278786], [0.025798320770263672, 0.07417015731334686, 0.04353464022278786]], "obb": [[[0.9997531495373256, -0.001343057910783187, 0.022177380044672762, 0.0003337785978488922], [-0.022218010491436152, -0.06043414088916736, 0.9979248842597277, -0.00029762424723811976], [-6.125362222101834e-17, -0.9981712833028391, -0.06044906276827994, -0.002075885114423276], [0.0, 0.0, 0.0, 1.0]], [0.053709147194987615, 0.15695241404559587, 0.09440811732015937]], "radius": 0.0786193718220354, "volume": 0.00020029969928094644, "num_verts": 1493, "num_faces": 2934, "num_hulls": 0}