{"bbox": [[-0.05421887586342805, -0.10391951207157042, -0.013554718965857013], [0.05421887586342805, -0.10391951207157042, -0.013554718965857013], [0.05421887586342805, 0.10391951207157042, -0.013554718965857013], [-0.05421887586342805, 0.10391951207157042, -0.013554718965857013], [-0.05421887586342805, -0.10391951207157042, 0.013554718965857013], [0.05421887586342805, -0.10391951207157042, 0.013554718965857013], [0.05421887586342805, 0.10391951207157042, 0.013554718965857013], [-0.05421887586342805, 0.10391951207157042, 0.013554718965857013]], "aabb": [[-0.054218877106904984, -0.10391951352357864, -0.013554719276726246], [0.054218877106904984, 0.10391951352357864, 0.013554719276726246]], "obb": [[[-6.113254707516898e-17, 1.0, -3.494444842445341e-18, 2.718762975385052e-19], [-0.057068615128513946, -7.716295343872186e-34, 0.998370258555068, 0.0002538026718846216], [0.9983702585550682, 6.123233995736767e-17, 0.057068615128513946, -0.00444007688956189], [0.0, 0.0, 0.0, 1.0]], [0.1084377517268561, 0.20997158730230076, 0.03855047233087608]], "radius": 0.11673236439289804, "volume": 0.0004822872903426981, "num_verts": 106, "num_faces": 208, "num_hulls": 0}