{"bbox": [[-0.13025025310540803, -0.03538860084372999, -0.06370800151891712], [0.13025025310540803, -0.03538860084372999, -0.06370800151891712], [0.13025025310540803, 0.03503910083539726, -0.06370800151891712], [-0.13025025310540803, 0.03503910083539726, -0.06370800151891712], [-0.13025025310540803, -0.03538860084372999, 0.06370935151894931], [0.13025025310540803, -0.03538860084372999, 0.06370935151894931], [0.13025025310540803, 0.03503910083539726, 0.06370935151894931], [-0.13025025310540803, 0.03503910083539726, 0.06370935151894931]], "aabb": [[-0.1302502602338791, -0.03538860008120537, -0.06370799988508224], [0.1302502602338791, 0.03503910079598427, 0.06370934844017029]], "obb": [[[-1.2246467991473532e-16, -0.0331262234530105, -0.9994511760560099, -0.00029754361946960354], [-1.0, 4.056792351956929e-18, 1.2239746836610502e-16, -0.00017475000416636297], [0.0, 0.9994511760560099, -0.0331262234530105, 0.0011874623535911139], [0.0, 0.0, 0.0, 1.0]], [0.2678386707130808, 0.07042770167912729, 0.1298816439380294]], "radius": 0.14661113155882147, "volume": 0.0009388992356002588, "num_verts": 360, "num_faces": 704, "num_hulls": 0}