{"bbox": [[-0.038903757031878886, -0.05422943586262238, -0.023279098223945756], [0.038903757031878886, -0.05422943586262238, -0.023279098223945756], [0.038903757031878886, 0.05422943586262238, -0.023279098223945756], [-0.038903757031878886, 0.05422943586262238, -0.023279098223945756], [-0.038903757031878886, -0.05422943586262238, 0.02357801820113997], [0.038903757031878886, -0.05422943586262238, 0.02357801820113997], [0.038903757031878886, 0.05422943586262238, 0.02357801820113997], [-0.038903757031878886, 0.05422943586262238, 0.02357801820113997]], "aabb": [[-0.03890375792980194, -0.054229434579610825, -0.02327909879386425], [0.03890375792980194, 0.054229434579610825, 0.023578017950057983]], "obb": [[[0.0007561349028997009, 0.9999996220339318, 0.0004291759569470132, -1.6969276213025596e-05], [0.08040254342591524, 0.0003669914292858811, -0.9967624071602695, -0.001631118503451856], [-0.9967621879217994, 0.0007881936844679932, -0.08040223554145327, 0.00313155806644802], [0.0, 0.0, 0.0, 1.0]], [0.07789166830386565, 0.11220126011176101, 0.05297214322578787]], "radius": 0.0587789619212763, "volume": 8.065204316028951e-05, "num_verts": 2243, "num_faces": 4390, "num_hulls": 0}