{"bbox": [[-0.0339715, -0.0868159, -0.0679429], [0.0339715, -0.0868159, -0.0679429], [0.0339715, 0.0868159, -0.0679429], [-0.0339715, 0.0868159, -0.0679429], [-0.0339715, -0.0868159, 0.0679429], [0.0339715, -0.0868159, 0.0679429], [0.0339715, 0.0868159, 0.0679429], [-0.0339715, 0.0868159, 0.0679429]], "aabb": [[-0.033971499651670456, -0.08681590110063553, -0.06794290244579315], [0.033971499651670456, 0.08681590110063553, 0.06794290244579315]], "obb": [[[0.9907105273210717, -0.13598768714557924, -6.123233995736766e-17, -0.004611070867457379], [-6.89903680975811e-17, -5.2336679518952586e-17, -1.0, 3.053078514798539e-19], [0.13598768714557924, 0.9907105273210718, -6.123233995736766e-17, -0.00037498473146993933], [0.0, 0.0, 0.0, 1.0]], [0.08527278863148963, 0.1736318, 0.1445578748045376]], "radius": 0.09829588801360435, "volume": 0.00037416122535845875, "num_verts": 2232, "num_faces": 4424, "num_hulls": 0}