{"bbox": [[-0.024481858132182455, -0.024481858132182455, -0.053626975908586436], [0.024481858132182455, -0.024481858132182455, -0.053626975908586436], [0.024481858132182455, 0.024481858132182455, -0.053626975908586436], [-0.024481858132182455, 0.024481858132182455, -0.053626975908586436], [-0.024481858132182455, -0.024481858132182455, 0.053626975908586436], [0.024481858132182455, -0.024481858132182455, 0.053626975908586436], [0.024481858132182455, 0.024481858132182455, 0.053626975908586436], [-0.024481858132182455, 0.024481858132182455, 0.053626975908586436]], "aabb": [[-0.02448185905814171, -0.02448185905814171, -0.053626976907253265], [0.02448185905814171, 0.02448185905814171, 0.053626976907253265]], "obb": [[[0.707143176522255, -0.7070703813821202, -6.0581829938203016e-05, -6.297756959763617e-07], [-0.7070703839774474, -0.7071431739266608, -6.058806680750238e-05, -3.2985290789787744e-07], [1.3552527106323765e-20, 8.568005577806144e-05, -0.9999999963294639, -2.822626063093871e-07], [0.0, 0.0, 0.0, 1.0]], [0.06918332098446711, 0.0691833222534558, 0.10726153291719824]], "radius": 0.05867844750148241, "volume": 7.946977686822338e-05, "num_verts": 498, "num_faces": 960, "num_hulls": 0}