{"bbox": [[-0.0378664, -0.052291699999999997, -0.0829454], [0.0378664, -0.052291699999999997, -0.0829454], [0.0378664, 0.052291699999999997, -0.0829454], [-0.0378664, 0.052291699999999997, -0.0829454], [-0.0378664, -0.052291699999999997, 0.0829454], [0.0378664, -0.052291699999999997, 0.0829454], [0.0378664, 0.052291699999999997, 0.0829454], [-0.0378664, 0.052291699999999997, 0.0829454]], "aabb": [[-0.03786639869213104, -0.05229169875383377, -0.08294539898633957], [0.03786639869213104, 0.05229169875383377, 0.08294539898633957]], "obb": [[[3.0677032349267754e-17, 1.0, 5.299357643051301e-17, -2.013421112437397e-20], [0.8654507808685606, 0.0, -0.500993957941609, 0.0003328799731156843], [-0.500993957941609, 6.123233995736766e-17, -0.8654507808685606, 0.00032881662105992013], [0.0, 0.0, 0.0, 1.0]], [0.07573280000000003, 0.10963447455139315, 0.17021143466563723]], "radius": 0.09880060187473556, "volume": 0.00025738850551993017, "num_verts": 295, "num_faces": 586, "num_hulls": 0}