{"bbox": [[-0.03493632, -0.07264816, -0.0460524], [0.03493488, -0.07264816, -0.0460524], [0.03493488, 0.07304864, -0.0460524], [-0.03493632, 0.07304864, -0.0460524], [-0.03493632, -0.07264816, 0.0460524], [0.03493488, -0.07264816, 0.0460524], [0.03493488, 0.07304864, 0.0460524], [-0.03493632, 0.07304864, 0.0460524]], "aabb": [[-0.034936320036649704, -0.07264816015958786, -0.04605240002274513], [0.0349348783493042, 0.07304863631725311, 0.04605240002274513]], "obb": [[[-1.0, -6.114294224195875e-17, 3.3075777619189843e-18, -7.200000000026274e-07], [0.0, 0.05401684410920518, 0.9985400245120283, 0.0004020992894090515], [-6.123233995736766e-17, 0.9985400245120282, -0.05401684410920518, -0.0005801374125573163], [0.0, 0.0, 0.0, 1.0]], [0.0698712, 0.1509385276216348, 0.09930536129587295]], "radius": 0.07857854702725928, "volume": 0.00021678863783337624, "num_verts": 2708, "num_faces": 5308, "num_hulls": 0}