{"bbox": [[-0.11388467131128911, -0.11388467131128911, -0.04951511622229643], [0.11388467131128911, -0.11388467131128911, -0.04951511622229643], [0.11388467131128911, 0.11388467131128911, -0.04951511622229643], [-0.11388467131128911, 0.11388467131128911, -0.04951511622229643], [-0.11388467131128911, -0.11388467131128911, 0.04889615626951933], [0.11388467131128911, -0.11388467131128911, 0.04889615626951933], [0.11388467131128911, 0.11388467131128911, 0.04889615626951933], [-0.11388467131128911, 0.11388467131128911, 0.04889615626951933]], "aabb": [[-0.11388467252254486, -0.11388467252254486, -0.04951511695981026], [0.11388467252254486, 0.11388467252254486, 0.04889615625143051]], "obb": [[[-0.06539868308543478, -0.9206410550248759, 0.3848935697740017, 0.0016910087457269226], [0.026189439878271704, 0.38400283554874404, 0.9229604192647628, -0.000675842434128067], [-0.997515476315808, 0.07044054296502582, -0.001002206185918022, -0.0026861591020403692], [0.0, 0.0, 0.0, 1.0]], [0.2942770491122965, 0.2907330177576217, 0.1186729021124958]], "radius": 0.11904636940592905, "volume": 0.0011148996254992279, "num_verts": 1963, "num_faces": 3806, "num_hulls": 0}