{"bbox": [[-0.034285317384237866, -0.04638863646082791, -0.04638863646082791], [0.03428729738408681, -0.04638863646082791, -0.04638863646082791], [0.03428729738408681, 0.04638863646082791, -0.04638863646082791], [-0.034285317384237866, 0.04638863646082791, -0.04638863646082791], [-0.034285317384237866, -0.04638863646082791, 0.04638863646082791], [0.03428729738408681, -0.04638863646082791, 0.04638863646082791], [0.03428729738408681, 0.04638863646082791, 0.04638863646082791], [-0.034285317384237866, 0.04638863646082791, 0.04638863646082791]], "aabb": [[-0.03428531810641289, -0.04638863727450371, -0.04638863727450371], [0.03428729623556137, 0.04638863727450371, 0.04638863727450371]], "obb": [[[-1.0, 5.733366418782422e-17, 2.1500009475636215e-17, 9.899999244764086e-07], [-0.0, 0.35112180084258343, -0.9363297928470828, -0.00022069531456483338], [-6.123233995736766e-17, -0.936329792847083, -0.3511218008425835, -8.276030185037613e-05], [0.0, 0.0, 0.0, 1.0]], [0.06857261476832469, 0.11410524363090131, 0.11382937360547242]], "radius": 0.05912820125456138, "volume": 0.000337863014173048, "num_verts": 837, "num_faces": 1614, "num_hulls": 0}